# Predictions (Probabilities)
0.326933
0.334378
0.339601
0.353288
0.403877
0.389237
0.396704
0.371555
0.374330
0.362666
0.358038
0.404963
0.492011
0.465427
0.452550
0.392306
0.359052
0.304078
0.317099
0.283174
0.284009
0.288082
0.265757
0.251695
0.202212
0.149342
0.196924
0.146119
0.208701
0.215895
0.185912
0.206869
0.174259
0.139590
0.162417
0.191797
0.174424
0.167700
0.256454
0.313399
0.639059
0.946456
0.892841
0.489849
0.232650
0.271818
0.264903
0.298770
0.210150
0.237206
0.212895
0.326644
0.308852
0.349465
0.319797
0.267253
0.217317
0.233471
0.230474
0.225497
0.082445
0.227378
0.204841
0.245093
0.201712
0.247987
0.276086
0.310175
0.298479
0.305479
0.291025
0.317616
0.347357
0.358528
0.349825
0.329352
0.307714
0.298566
0.281627
0.276783
0.276328
0.278337
0.277860
0.273014
0.276908
0.282437
0.332133
0.369827
0.398787
0.401338
0.379289
0.366556
0.365009
0.361252
0.375721
0.379465
0.359288
0.319155
0.312028
0.286229
0.286557
0.283307
0.278201
0.271902
0.295515
0.341302
0.347607
0.347775
0.318653
0.303995
0.285778
0.303496
0.337330
0.333093
0.338136
0.301363
0.283859
0.252642
0.245097
0.242739
0.244702
0.246460
0.249188
0.253762
0.267393
0.275485
0.266385
0.274819
0.276372
0.291761
0.307002
0.340863
0.348266
0.329980
0.332333
0.318814
0.344741
0.325719
0.359060
0.348173
0.316555
0.315045
0.346904
0.358457
0.381422
0.372679
0.317996
0.292853
0.258606
0.254235
0.245219
0.258094
0.255843
0.257322
0.250636
0.259617
0.275681
0.277254
0.316475
0.326962
0.330740
0.303937
0.307767
0.285036
0.285279
0.284634
0.290943
0.289089
0.287218
0.295811
0.301640
0.294089
0.305054
0.327244
0.327357
0.327367
0.329872
0.315753
0.309288
0.308367
0.306983
0.354761
0.369406
0.407439
0.375676
0.333531
0.272316
0.255010
0.246377
0.244606
0.252677
0.254750
0.249121
0.250907
0.256026
0.261440
0.268971
0.284171
0.293739
0.300135
0.303230
0.318930
0.331806
0.334522
0.338865
0.385895
0.460620
0.449835
0.436682
0.448332
0.408976
0.338055
0.318093
0.289778
0.291539
0.288483
0.279271
0.266650
0.265515
0.266209
0.256852
0.277402
0.274775
0.275975
0.272002
0.274234
0.276873
0.290800
0.302803
0.311764
0.312515
0.305142
0.347429
0.368328
0.391458
0.399461
0.420956
0.376707
0.368702
0.340720
0.332923
0.332111
0.330793
0.283272
0.270155
0.256154
0.237424
0.237784
0.230290
0.230617
0.232310
0.242622
0.246620
0.265535
0.279299
0.278628
0.272344
0.275490
0.288729
0.319094
0.333379
0.376709
0.383891
0.380136
0.376378
0.343973
0.369168
0.422238
0.440475
0.432501
0.421568
0.353739
0.334381
0.315945
0.293077
0.293579
0.276984
0.258378
0.263874
0.277791
0.264638
0.254508
0.278406
0.285014
0.322506
0.347737
0.349296
0.354759
0.323493
0.297312
0.286011
0.263879
0.224347
0.222947
0.258955
0.239003
0.230337
0.247211
0.190026
0.200191
0.188158
0.238858
0.241244
0.288617
0.292145
0.213538
0.184336
0.189859
0.228066
0.221680
0.217737
0.280764
0.346903
0.847944
0.965148
0.721737
0.250123
0.202131
0.215511
0.245870
0.211890
0.236503
0.209082
0.226241
0.201111
0.214723
0.220302
0.239210
0.176587
0.215858
0.227886
0.245465
0.196554
0.222325
0.221113
0.200751
0.239021
0.237978
0.292832
0.258097
0.313288
0.317645
0.313557
0.311160
0.313444
0.320134
0.320206
0.327511
0.346441
0.358570
0.357904
0.355898
0.351329
0.320813
0.304835
0.293059
0.289120
0.281291
0.287954
0.299805
0.285872
0.270991
0.254421
0.251613
0.250604
0.247487
0.248509
0.249874
0.249831
0.258294
0.269801
0.271327
0.277931
0.291886
0.289610
0.294339
0.295781
0.310139
0.324433
0.349968
0.355634
0.354045
0.331231
0.313966
0.301387
0.290048
0.289066
0.286090
0.285457
0.286051
0.282099
0.284543
0.288652
0.276993
0.285702
0.286977
0.287981
0.280906
0.305026
0.306481
0.355948
0.383540
0.392671
0.388560
0.375399
0.328035
0.297939
0.281076
0.275138
0.280609
0.268364
0.268095
0.267522
0.273548
0.268736
0.268442
0.259441
0.258375
0.261983
0.266486
0.276550
0.279715
0.280958
0.292136
0.309813
0.309477
0.341555
0.373488
0.410238
0.396944
0.402490
0.360989
0.318229
0.317457
0.311587
0.310168
0.298885
0.308837
0.355776
0.386178
0.376721
0.357546
0.315811
0.279532
0.272662
0.263275
0.263390
0.274283
0.276432
0.271767
0.264980
0.254357
0.256396
0.257972
0.259937
0.260926
0.264473
0.263622
0.276458
0.276898
0.283329
0.294275
0.294528
0.311148
0.293256
0.295049
0.287407
0.288115
0.290312
0.291955
0.291032
0.286162
0.289664
0.292150
0.307615
0.312978
0.344225
0.327105
0.316483
0.296846
0.282806
0.286105
0.283318
0.285048
0.275945
0.273757
0.269611
0.273618
0.285418
0.285109
0.291516
0.284241
0.289178
0.280567
0.306355
0.309238
0.333485
0.364692
0.407188
0.447669
0.525215
0.540184
0.555012
0.527863
0.458222
0.356278
0.306995
0.287745
0.287997
0.278846
0.268904
0.259484
0.273313
0.273835
0.291104
0.302745
0.322084
0.303055
0.296065
0.274708
0.291248
0.285117
0.296266
0.284175
0.304185
0.303382
0.323489
0.377935
0.427459
0.437538
0.444954
0.430520
0.381208
0.305323
0.276470
0.277955
0.272790
0.274835
0.263869
0.261855
0.266197
0.272232
0.281865
0.302741
0.320034
0.313979
0.332465
0.334132
0.369136
0.376765
0.386799
0.374383
0.359753
0.297387
0.293436
0.281609
0.286116
0.276695
0.279215
0.280278
0.283892
0.303154
0.347043
0.320588
0.315803
0.313325
0.270480
0.281951
0.281177
0.274075
0.257859
0.286461
0.249429
0.269511
0.256165
0.291805
0.263001
0.232539
0.260123
0.237254
0.187742
0.226493
0.258207
0.256729
0.245678
0.285276
0.371275
0.735351
0.931646
0.776231
0.351844
0.249310
0.283376
0.262586
0.266109
0.214500
0.251223
0.197012
0.233364
0.211162
0.240789
0.231466
0.255031
0.206768
0.232521
0.245016
0.251985
0.205568
0.285894
0.329276
0.780552
0.951089
0.686344
0.312317
0.247728
0.227828
0.273443
0.211613
0.227846
0.198076
0.234130
0.216808
0.250733
0.246421
0.266463
0.211163
0.288628
0.272625
0.309022
0.273025
0.294441
0.269721
0.263944
0.255134
0.245519
0.306084
0.264902
0.295777
0.300251
0.307127
0.300825
0.289878
0.309689
0.313802
0.305871
0.289613
0.277999
0.249518
0.240174
0.258830
0.276582
0.257380
0.243178
0.235881
0.239943
0.196097
0.222580
0.231551
0.259098
0.282259
0.361515
0.394446
0.406922
0.347911
0.295920
0.153428
0.229354
0.188485
0.216540
0.146594
0.192855
0.203612
0.213750
0.214624
0.305103
0.358901
0.923547
0.961730
0.550863
0.255388
0.239779
0.217149
0.288271
0.232178
0.260335
0.203337
0.264075
0.230909
0.293838
0.288054
0.322919
0.191515
0.265505
0.222597
0.234751
0.191730
0.279102
0.236325
0.236127
0.224744
0.211551
0.271326
0.251063
0.294185
0.297221
0.298624
0.316828
0.316398
0.315485
0.320629
0.306574
0.306823
0.296984
0.314911
0.322237
0.342158
0.330229
0.311005
0.299864
0.280406
0.280196
0.275688
0.279061
0.282261
0.312646
0.314846
0.310593
0.286853
0.275196
0.266463
0.268509
0.268155
0.267498
0.281649
0.319927
0.336767
0.342976
0.330206
0.298470
0.290109
0.277688
0.278223
0.273072
0.275472
0.292592
0.328686
0.331479
0.328777
0.291946
0.286376
0.278250
0.276510
0.281405
0.286451
0.308632
0.295851
0.290542
0.282637
0.275271
0.274061
0.289050
0.283618
0.282451
0.291750
0.287971
0.282988
0.284923
0.279284
0.267339
0.270300
0.262991
0.267212
0.295658
0.289730
0.282108
0.336057
0.349981
0.314395
0.290562
0.287596
0.243856
0.220571
0.250274
0.220467
0.250248
0.248189
0.290742
0.301282
0.293917
0.321087
0.211949
0.219616
0.228817
0.250967
0.217949
0.240390
0.330906
0.520111
0.915723
0.934569
0.561601
0.281844
0.232151
0.218635
0.252894
0.228143
0.243248
0.231399
0.292134
0.260900
0.239044
0.235774
0.279573
0.226132
0.243225
0.291258
0.333202
0.323625
0.322737
0.273376
0.251391
0.246104
0.242627
0.277905
0.252826
0.306077
0.318398
0.336991
0.300904
0.269987
0.267891
0.253669
0.258507
0.250902
0.264411
0.266487
0.271073
0.266687
0.286166
0.290070
0.268482
0.269617
0.267917
0.255812
0.232787
0.280652
0.238108
0.261096
0.240012
0.276615
0.217989
0.258206
0.234463
0.216617
0.219693
0.278929
0.274891
0.200965
0.181878
0.246090
0.236715
0.222284
0.214519
0.309451
0.618913
0.960717
0.919025
0.403165
0.223942
0.225218
0.230608
0.264471
0.225818
0.248181
0.226915
0.270578
0.240252
0.236557
0.211916
0.247837
0.206623
0.252586
0.244736
0.311447
0.284283
0.320030
0.251615
0.262531
0.206704
0.290643
0.282461
0.323689
0.302848
0.304735
0.294875
0.275204
0.265510
0.257910
0.275340
0.272418
0.277890
0.263793
0.273371
0.271183
0.288216
0.277583
0.292122
0.274864
0.268510
0.268339
0.286739
0.289233
0.274970
0.287236
0.284786
0.283289
0.272671
0.298786
0.294138
0.306030
0.314923
0.316393
0.343007
0.358060
0.357503
0.342620
0.310317
0.275139
0.270168
0.288681
0.289417
0.282254
0.270056
0.287266
0.293362
0.324990
0.334058
0.457808
0.234353
0.254498
0.276291
0.257297
0.149420
0.154875
0.133186
0.201908
0.174727
0.157507
0.165287
0.250655
0.105180
0.102171
0.100887
0.267426
0.183328
0.217217
0.203693
0.253210
0.296888
0.262744
0.258849
0.249698
0.306422
0.950947
0.979877
0.789448
0.324668
0.263295
0.228307
0.266245
0.280121
0.290712
0.256178
0.355384
0.390463
0.391218
0.358306
0.353175
0.354863
0.262882
0.244490
0.250697
0.279008
0.221476
0.223499
0.212434
0.193494
0.176025
0.224039
0.175088
0.186502
0.232909
0.223262
0.291502
0.317725
0.309661
0.337657
0.310343
0.332895
0.325928
0.352984
0.352274
0.359160
0.352330
0.355542
0.344031
0.320463
0.280048
0.272647
0.269019
0.262672
0.259408
0.259801
0.263775
0.264350
0.258119
0.257474
0.257548
0.270760
0.278485
0.271986
0.276737
0.287018
0.284828
0.303551
0.307471
0.304731
0.336776
0.374969
0.383920
0.383281
0.364393
0.338450
0.305961
0.279119
0.273846
0.268254
0.259654
0.262518
0.259878
0.254021
0.260461
0.255924
0.219826
0.186853
0.194551
0.229900
0.206804
0.213951
0.198601
0.226835
0.220182
0.248455
0.191363
0.168605
0.200644
0.192458
0.174252
0.171374
0.163920
0.176742
0.148171
0.175508
0.261302
0.248928
0.240650
0.235589
0.320564
0.374060
0.974890
0.956236
0.342064
0.249299
0.305586
0.310070
0.303121
0.296674
0.301535
0.322005
0.325704
0.315629
0.350487
0.390748
0.385835
0.348913
0.371329
0.356106
0.347460
0.344215
0.347202
0.538838
0.726683
0.783172
0.773779
0.663947
0.490000
0.377251
0.328017
0.321994
0.351911
0.321550
0.341848
0.340992
0.350407
0.345431
0.333522
0.356621
0.363174
0.353813
0.354063
0.369330
0.381532
0.370187
0.329267
0.348360
0.364029
0.382555
0.371620
0.394820
0.386748
0.444772
0.523273
0.491806
0.458562
0.414097
0.355937
0.317498
0.319615
0.300583
0.304723
0.320017
0.342063
0.375698
0.379908
0.395911
0.366937
0.285725
0.258972
0.281353
0.287105
0.274550
0.288815
0.316128
0.570826
0.706190
0.818798
0.748282
0.570299
0.363529
0.314040
0.304332
0.281733
0.294689
0.305639
0.291244
0.278310
0.301980
0.308066
0.293097
0.333250
0.665364
0.923986
0.744307
0.391772
0.288769
0.286301
0.339039
0.325478
0.305972
0.276408
0.275940
0.287563
0.273717
0.297124
0.327320
0.327283
0.285680
0.311499
0.309523
0.279332
0.294429
0.307987
0.320359
0.259162
0.223271
0.253368
0.237847
0.245166
0.274910
0.253516
0.284848
0.275383
0.284410
0.281509
0.312204
0.363022
0.394615
0.403822
0.421339
0.402438
0.403740
0.342952
0.317399
0.314154
0.318549
0.309588
0.300230
0.329744
0.395641
0.422631
0.414570
0.386598
0.333153
0.300355
0.299237
0.330823
0.350139
0.342504
0.333278
0.298710
0.274823
0.265446
0.255598
0.264087
0.252667
0.252851
0.252065
0.265569
0.275318
0.274816
0.276993
0.259190
0.257536
0.245796
0.250896
0.254681
0.264511
0.254410
0.254758
0.247173
0.255263
0.247368
0.257109
0.275251
0.287016
0.297453
0.310280
0.306045
0.311127
0.315754
0.324795
0.326310
0.358552
0.419835
0.479482
0.480281
0.424889
0.355066
0.346006
0.323622
0.322766
0.323185
0.314795
0.362992
0.363453
0.360439
0.319595
0.349129
0.369539
0.365376
0.305699
0.328822
0.371891
0.418064
0.426426
0.718666
0.781298
0.837323
0.811215
0.731798
0.573435
0.384593
0.414139
0.419133
0.400408
0.416274
0.383568
0.363323
0.330825
0.332054
0.314072
0.347458
0.351098
0.364045
0.334274
0.375805
0.361656
0.376784
0.353323
0.368872
0.352228
0.372850
0.366083
0.351589
0.344031
0.328732
0.337712
0.344583
0.345725
0.336860
0.325631
0.305698
0.286425
0.268779
0.262617
0.251038
0.249518
0.259303
0.249202
0.243918
0.252795
0.273710
0.285795
0.307864
0.316455
0.313668
0.305960
0.307606
0.301771
0.304128
0.314699
0.315309
0.319624
0.302656
0.302889
0.303206
0.300193
0.299422
0.322236
0.345233
0.339990
0.316225
0.293644
0.283794
0.272449
0.260231
0.256431
0.260231
0.261813
0.265665
0.265243
0.269502
0.279547
0.292356
0.316294
0.343605
0.353064
0.364033
0.356963
0.362590
0.321846
0.317441
0.292327
0.290221
0.288060
0.285948
0.284752
0.290309
0.295204
0.294172
0.299237
0.307427
0.329290
0.362663
0.434942
0.451896
0.416587
0.398196
0.370057
0.331619
0.307893
0.303205
0.308500
0.310778
0.296327
0.279902
0.270148
0.257861
0.258647
0.258467
0.249413
0.254132
0.255932
0.264950
0.284764
0.271548
0.273157
0.273937
0.279279
0.304658
0.305266
0.310331
0.312948
0.311274
0.294825
0.311021
0.307040
0.306219
0.282875
0.289471
0.309628
0.350117
0.351501
0.333702
0.347241
0.353254
0.335999
0.321101
0.359386
0.420738
0.453880
0.414923
0.441700
0.576674
0.675807
0.845473
0.670738
0.740216
0.748039
0.824672
0.713433
0.438447
0.369280
0.289891
0.309822
0.359239
0.347339
0.336543
0.358283
0.441578
0.386769
0.421161
0.476012
0.436869
0.410967
0.397765
0.366289
0.344986
0.332938
0.336435
0.362055
0.381203
0.358748
0.302900
0.278165
0.253692
0.254532
0.262052
0.252598
0.241112
0.236982
0.248309
0.264795
0.296802
0.299535
0.306540
0.293086
0.320639
0.325170
0.349105
0.375672
0.417153
0.430027
0.414778
0.408971
0.340403
0.297926
0.270032
0.271839
0.260414
0.260162
0.254900
0.255088
0.250648
0.251208
0.252555
0.256184
0.257554
0.276288
0.290929
0.303350
0.321597
0.312580
0.330281
0.332215
0.354670
0.334949
0.331715
0.336657
0.389489
0.432275
0.486945
0.494342
0.482888
0.427370
0.418496
0.330805
0.303327
0.304785
0.294974
0.293554
0.298884
0.319607
0.302201
0.293069
0.272037
0.257226
0.231274
0.232013
0.236614
0.245905
0.257339
0.250452
0.270963
0.279934
0.298407
0.301755
0.329839
0.323876
0.352099
0.355652
0.395774
0.417420
0.446487
0.557844
0.643668
0.588196
0.542806
0.499462
0.410680
0.311731
0.280409
0.278273
0.283105
0.267974
0.265724
0.259907
0.271793
0.279413
0.276184
0.288312
0.294497
0.280343
0.288767
0.309894
0.325593
0.338368
0.361493
0.371599
0.356685
0.334450
0.353752
0.385262
0.378586
0.388741
0.361678
0.354751
0.326847
0.328085
0.321896
0.343594
0.367505
0.381709
0.366793
0.347775
0.376738
0.360635
0.356621
0.281813
0.235264
0.192101
0.211170
0.193384
0.180856
0.189892
0.187997
0.199217
0.220394
0.278021
0.334255
0.316740
0.295336
0.318778
0.338210
0.311049
0.331923
0.261314
0.285774
0.304525
0.337776
0.316532
0.311076
0.360500
0.832865
0.907700
0.663085
0.434407
0.344654
0.317819
0.334853
0.356003
0.347639
0.321612
0.325483
0.319171
0.366104
0.418659
0.578048
0.643326
0.738647
0.672695
0.566780
0.445490
0.382766
0.342386
0.352103
0.338351
0.343799
0.370270
0.344657
0.351493
0.308139
0.305429
0.312405
0.336544
0.328701
0.356489
0.373011
0.386343
0.366279
0.365581
0.362772
0.372006
0.390270
0.392572
0.374095
0.348989
0.304975
0.291462
0.294128
0.296006
0.315110
0.320494
0.299062
0.294708
0.292165
0.263427
0.253455
0.258114
0.263277
0.266595
0.271456
0.267372
0.271928
0.282715
0.285474
0.296809
0.327911
0.338404
0.362307
0.331033
0.315871
0.301021
0.298873
0.295699
0.293035
0.283060
0.314522
0.354136
0.348878
0.335387
0.293487
0.284052
0.244074
0.248232
0.251535
0.253329
0.260288
0.273406
0.268182
0.262522
0.290493
0.284615
0.308581
0.339319
0.369246
0.334335
0.330302
0.297077
0.295618
0.301340
0.277449
0.292728
0.304467
0.308776
0.283368
0.319324
0.357160
0.400291
0.398790
0.380328
0.301814
0.312444
0.311961
0.312303
0.291840
0.362842
0.467554
0.725246
0.820197
0.834052
0.566965
0.328308
0.268165
0.276274
0.246495
0.292278
0.271969
0.270100
0.271582
0.270927
0.262151
0.282506
0.297927
0.329092
0.280353
0.345925
0.357625
0.411117
0.376072
0.430761
0.294953
0.346143
0.296719
0.367032
0.330626
0.323915
0.336287
0.729991
0.949864
0.782454
0.477661
0.319427
0.299708
0.311987
0.347100
0.358918
0.321034
0.325612
0.314245
0.287807
0.270164
0.324512
0.333761
0.408057
0.498029
0.556383
0.606867
0.511658
0.417270
0.366545
0.320060
0.320070
0.321052
0.347079
0.336965
0.342481
0.279187
0.269511
0.260393
0.301841
0.303742
0.289966
0.285712
0.301594
0.311743
0.304443
0.334092
0.310004
0.342220
0.316469
0.336395
0.340650
0.370398
0.351915
0.362390
0.353231
0.357327
0.271332
0.308804
0.283285
0.316501
0.257481
0.352255
0.470696
0.773672
0.888486
0.748737
0.539615
0.314323
0.291159
0.282470
0.325729
0.308950
0.293770
0.350689
0.499107
0.510041
0.654109
0.592012
0.616387
0.528234
0.525997
0.536756
0.527667
0.430363
0.375116
0.349203
0.320078
0.284017
0.280878
0.360234
0.365981
0.323424
0.287585
0.257995
0.275576
0.279009
0.293766
0.275273
0.273353
0.284489
0.282507
0.278219
0.287124
0.285037
0.273975
0.250807
0.257174
0.254776
0.254329
0.260737
0.270733
0.264347
0.261581
0.277490
0.274238
0.275481
0.301347
0.322225
0.337020
0.321865
0.348517
0.342692
0.349618
0.345720
0.366549
0.406280
0.513319
0.562459
0.655655
0.697886
0.678001
0.582286
0.537492
0.452713
0.355605
0.331310
0.336177
0.322672
0.308715
0.276817
0.278025
0.304830
0.317024
0.309737
0.323742
0.324905
0.318240
0.310183
0.331920
0.346963
0.368335
0.383190
0.422487
0.389961
0.361126
0.378007
0.337545
0.298239
0.243682
0.293072
0.303870
0.292972
0.303753
0.487272
0.705598
0.828667
0.868818
0.729357
0.426201
0.336141
0.326977
0.324532
0.334371
0.336702
0.364590
0.384491
0.401706
0.373732
0.356183
0.342138
0.313754
0.277532
0.283165
0.316487
0.298046
0.264561
0.287345
0.294522
0.299258
0.334161
0.343643
0.384045
0.382402
0.374369
0.349914
0.347007
0.365817
0.377620
0.399863
0.440048
0.554753
0.588964
0.547377
0.550048
0.476936
0.411575
0.353408
0.314084
0.313334
0.301450
0.272248
0.262960
0.271800
0.266504
0.262541
0.252043
0.275064
0.276172
0.286358
0.289733
0.307951
0.311542
0.317292
0.327858
0.347335
0.347388
0.325348
0.333274
0.331573
0.321755
0.316985
0.308287
0.314458
0.359479
0.372565
0.363446
0.319020
0.294686
0.281383
0.278521
0.281692
0.275316
0.277018
0.285588
0.289720
0.302403
0.321193
0.330664
0.344232
0.347688
0.330810
0.323785
0.313280
0.323777
0.308309
0.291305
0.275900
0.276967
0.299230
0.297740
0.290988
0.280486
0.278256
0.278247
0.275937
0.273561
0.283188
0.283842
0.336373
0.346619
0.360700
0.372394
0.395712
0.363857
0.336269
0.300231
0.332921
0.313995
0.327379
0.337251
0.416158
0.407259
0.489022
0.569327
0.776890
0.927207
0.772110
0.492563
0.417759
0.376829
0.382668
0.470407
0.749434
0.898506
0.801929
0.649230
0.502439
0.355517
0.351409
0.336373
0.314931
0.310468
0.351953
0.360463
0.364239
0.362560
0.364382
0.352502
0.340578
0.318787
0.353761
0.392222
0.383974
0.405104
0.407346
0.374011
0.422147
0.368500
0.368697
0.325269
0.369420
0.350092
0.347744
0.332603
0.422768
0.626770
0.860995
0.895190
0.705771
0.480426
0.397559
0.329709
0.328554
0.325317
0.308501
0.316040
0.327974
0.316649
0.289735
0.270082
0.315070
0.316356
0.302785
0.302496
0.329908
0.325438
0.326251
0.312987
0.326514
0.325418
0.347702
0.324254
0.351773
0.358737
0.372727
0.359159
0.369371
0.385956
0.371088
0.374281
0.343989
0.325431
0.304863
0.303803
0.304980
0.369906
0.415399
0.402630
0.368604
0.336977
0.299618
0.288424
0.295735
0.268878
0.278448
0.261779
0.248277
0.305722
0.356571
0.313051
0.325530
0.249313
0.296909
0.310169
0.316038
0.320846
0.373509
0.390546
0.351726
0.396798
0.587982
0.699302
0.738984
0.610906
0.457003
0.447619
0.688069
0.904336
0.789475
0.520171
0.348891
0.290200
0.304437
0.338115
0.326445
0.283771
0.347902
0.368627
0.394072
0.396974
0.433249
0.374309
0.331575
0.339146
0.337710
0.313890
0.321888
0.371744
0.393933
0.373116
0.359167
0.289916
0.311193
0.332811
0.352415
0.308385
0.353070
0.492870
0.805495
0.908652
0.788659
0.542669
0.386077
0.343798
0.334053
0.313781
0.309650
0.291037
0.324178
0.337553
0.383926
0.347424
0.327594
0.323201
0.305217
0.298414
0.330957
0.388176
0.383620
0.376639
0.345341
0.361022
0.346645
0.321331
0.315889
0.317942
0.312450
0.302929
0.280986
0.278511
0.276258
0.261494
0.268014
0.244648
0.314169
0.272899
0.252314
0.268247
0.260533
0.273444
0.298980
0.280841
0.363615
0.413705
0.394021
0.416811
0.406652
0.352536
0.329397
0.285325
0.312820
0.293991
0.315440
0.324735
0.342758
0.366686
0.924081
0.963941
0.675221
0.442553
0.327225
0.339302
0.301967
0.313725
0.299587
0.326482
0.319128
0.298635
0.274731
0.274061
0.301895
0.300981
0.299362
0.309166
0.289191
0.248445
0.321773
0.340231
0.254524
0.242353
0.313239
0.352839
0.301314
0.347548
0.388208
0.401082
0.372037
0.433037
0.367451
0.364577
0.326850
0.376797
0.331325
0.348261
0.455745
0.764318
0.906426
0.808060
0.450416
0.331215
0.313237
0.314350
0.301947
0.299743
0.310622
0.323719
0.325364
0.323438
0.305832
0.353169
0.358460
0.369743
0.356779
0.339047
0.322957
0.331814
0.332239
0.332043
0.312004
0.303235
0.301625
0.308487
0.321197
0.328161
0.317287
0.298201
0.310377
0.319398
0.325227
0.338075
0.347553
0.337649
0.306413
0.269485
0.232089
0.238471
0.240151
0.247651
0.244333
0.247591
0.250339
0.257327
0.280878
0.282279
0.292788
0.330168
0.370944
0.347583
0.348170
0.336312
0.334119
0.337560
0.335754
0.317904
0.348531
0.343378
0.364432
0.378506
0.340347
0.368602
0.352924
0.312727
0.293988
0.312124
0.335121
0.340645
0.351841
0.391026
0.558685
0.749559
0.870801
0.748694
0.526823
0.370885
0.360515
0.387749
0.392572
0.362314
0.473744
0.655725
0.878808
0.828531
0.512656
0.417264
0.404840
0.356185
0.359263
0.358443
0.363403
0.359192
0.438172
0.464634
0.456500
0.452385
0.428124
0.380779
0.332051
0.323489
0.361791
0.335430
0.329454
0.296755
0.326585
0.323795
0.364675
0.338745
0.338040
0.305817
0.272698
0.279341
0.274318
0.269825
0.277966
0.285595
0.270622
0.273542
0.284282
0.306684
0.340397
0.358787
0.379395
0.402150
0.379169
0.340772
0.313436
0.268460
0.275961
0.264973
0.267083
0.264565
0.265523
0.253265
0.256550
0.264904
0.283223
0.303313
0.337405
0.328276
0.311209
0.316900
0.297544
0.288504
0.292501
0.315479
0.337320
0.384866
0.403584
0.404787
0.383762
0.357930
0.378849
0.461764
0.470388
0.506285
0.500009
0.450780
0.380124
0.305601
0.285181
0.294701
0.303524
0.326285
0.356452
0.354039
0.354217
0.311396
0.268788
0.249059
0.252083
0.241599
0.248104
0.256191
0.264537
0.268112
0.265863
0.257139
0.255135
0.259761
0.259549
0.262505
0.256320
0.272499
0.278792
0.284543
0.294959
0.288231
0.281108
0.290467
0.285102
0.291877
0.286248
0.294305
0.295736
0.295613
0.289165
0.297939
0.301485
0.324779
0.363441
0.348959
0.358067
0.319672
0.307369
0.310295
0.298164
0.298711
0.295562
0.293846
0.289855
0.333360
0.332390
0.333118
0.289957
0.284114
0.266543
0.266300
0.271303
0.274658
0.277475
0.277337
0.278417
0.276712
0.292565
0.278373
0.292432
0.279580
0.285033
0.275999
0.279521
0.294648
0.321784
0.347213
0.324819
0.295681
0.279544
0.277296
0.276028
0.272840
0.289328
0.305914
0.308555
0.308420
0.322475
0.296099
0.303139
0.308990
0.304491
0.279219
0.344437
0.362324
0.461726
0.397179
0.393726
0.303299
0.330360
0.302189
0.268505
0.287014
0.347063
0.308697
0.295235
0.343468
0.532085
0.792894
0.926094
0.798924
0.526347
0.526985
0.395569
0.368867
0.352047
0.320682
0.310557
0.320445
0.330854
0.317911
0.302230
0.306764
0.331701
0.321650
0.309549
0.336847
0.340555
0.350968
0.339330
0.334214
0.342929
0.339600
0.340346
0.327919
0.349648
0.348330
0.354910
0.353203
0.334298
0.317436
0.298142
0.286583
0.286560
0.291382
0.340623
0.364458
0.365001
0.359134
0.310924
0.269118
0.244954
0.244209
0.246926
0.250459
0.245970
0.243070
0.252829
0.269748
0.278427
0.283373
0.288140
0.285207
0.301684
0.298491
0.296469
0.303055
0.313274
0.324997
0.337442
0.348297
0.411656
0.444304
0.474083
0.518365
0.527558
0.526573
0.435812
0.352267
0.304637
0.299636
0.290151
0.296096
0.300472
0.293441
0.298621
0.295979
0.284709
0.291841
0.298455
0.322703
0.364513
0.358153
0.366984
0.358067
0.332800
0.293665
0.265426
0.257474
0.263768
0.273492
0.279512
0.269950
0.277363
0.292014
0.312586
0.314794
0.326847
0.322213
0.382711
0.403882
0.418084
0.406028
0.357824
0.325983
0.278934
0.292438
0.288257
0.273695
0.300423
0.339040
0.335733
0.310799
0.289201
0.280597
0.275633
0.286514
0.291044
0.274079
0.275173
0.277026
0.283595
0.277361
0.281080
0.279089
0.286980
0.285819
0.297910
0.324421
0.378647
0.403540
0.386746
0.367929
0.320264
0.296687
0.289672
0.285589
0.289164
0.331414
0.351589
0.340149
0.315708
0.288555
0.272435
0.274358
0.274927
0.275927
0.273028
0.281631
0.298845
0.320801
0.344519
0.347921
0.322951
0.302008
0.266013
0.273799
0.285686
0.295896
0.334418
0.352929
0.353018
0.337087
0.386404
0.397116
0.407531
0.368101
0.419334
0.456517
0.488648
0.499241
0.749802
0.811694
0.847523
0.798625
0.699476
0.547682
0.360172
0.375674
0.355266
0.374156
0.386760
0.383638
0.346531
0.337752
0.322610
0.320372
0.328709
0.321706
0.340461
0.329497
0.363437
0.355673
0.368969
0.348935
0.360915
0.334278
0.346363
0.356211
0.393684
0.412579
0.425635
0.420015
0.446390
0.398563
0.377180
0.365438
0.357729
0.366642
0.387190
0.400646
0.440318
0.468409
0.678709
0.840909
0.869082
0.749277
0.520595
0.477021
0.397936
0.366507
0.435838
0.426601
0.454699
0.547605
0.559484
0.462203
0.397582
0.358941
0.357158
0.343877
0.364447
0.365394
0.378283
0.390432
0.410753
0.588181
0.884218
0.907186
0.672627
0.509143
0.527891
0.415678
0.397054
0.385066
0.367124
0.363873
0.349203
0.358160
0.356621
0.375226
0.408804
0.450673
0.423048
0.419324
0.405599
0.396171
0.360013
0.339527
0.317018
0.298403
0.329862
0.305456
0.300692
0.334828
0.326145
0.308508
0.307894
0.303934
0.289050
0.276591
0.265484
0.263470
0.267142
0.272945
0.277151
0.288294
0.301921
0.325792
0.357426
0.377384
0.394804
0.407087
0.365514
0.321131
0.294109
0.289142
0.294301
0.286538
0.280044
0.284762
0.312578
0.351819
0.432519
0.448425
0.447906
0.467090
0.413034
0.384039
0.355031
0.348205
0.332481
0.365481
0.421898
0.508485
0.555067
0.578817
0.518910
0.486242
0.399103
0.311696
0.270728
0.274276
0.266356
0.264097
0.246334
0.250403
0.243771
0.258804
0.278707
0.309972
0.318145
0.338837
0.364301
0.404644
0.389488
0.378332
0.386068
0.367469
0.347998
0.330894
0.371462
0.428869
0.523154
0.628306
0.635085
0.606703
0.551127
0.435590
0.332084
0.317916
0.339072
0.325622
0.303443
0.281689
0.288586
0.284609
0.308692
0.322228
0.358941
0.372536
0.362383
0.349544
0.397887
0.411198
0.406311
0.361165
0.368455
0.420783
0.419780
0.470540
0.699229
0.754168
0.827787
0.789457
0.728107
0.496295
0.358434
0.325611
0.325606
0.327906
0.337339
0.318351
0.318735
0.328010
0.350171
0.350419
0.400863
0.405750
0.404664
0.355172
0.429649
0.413066
0.402746
0.370395
0.362515
0.321021
0.330536
0.326496
0.341673
0.388937
0.379447
0.369987
0.322293
0.315726
0.307556
0.344338
0.329628
0.393294
0.390184
0.366990
0.340651
0.318665
0.302228
0.337357
0.317336
0.306549
0.284806
0.323030
0.315701
0.346597
0.387674
0.572240
0.806949
0.894701
0.782900
0.612822
0.452615
0.438061
0.358474
0.366152
0.351926
0.364539
0.349432
0.347101
0.325047
0.316359
0.326440
0.368518
0.347380
0.351969
0.341277
0.390346
0.382836
0.377847
0.382236
0.382457
0.387557
0.411468
0.367266
0.371517
0.384876
0.420386
0.394326
0.363330
0.327400
0.309107
0.285239
0.273660
0.253471
0.250064
0.282294
0.275910
0.267292
0.281099
0.347647
0.369937
0.471993
0.500198
0.552133
0.507657
0.462122
0.397358
0.420763
0.470339
0.573518
0.622893
0.735602
0.707200
0.618616
0.425680
0.350833
0.383279
0.378346
0.352125
0.391578
0.624918
0.779020
0.859965
0.783104
0.569436
0.468090
0.393303
0.388623
0.389444
0.394857
0.402947
0.410277
0.404615
0.373779
0.365606
0.419817
0.517350
0.590590
0.716501
0.761211
0.715032
0.645485
0.593838
0.457799
0.427127
0.424600
0.372682
0.377860
0.365980
0.338165
0.327411
0.302046
0.270455
0.316703
0.361020
0.376754
0.392621
0.351016
0.359498
0.341919
0.334281
0.319517
0.336233
0.315388
0.321986
0.302661
0.293562
0.281211
0.262485
0.264617
0.259737
0.271828
0.275758
0.271243
0.269922
0.283686
0.291994
0.274561
0.315078
0.386372
0.408357
0.450460
0.493079
0.467628
0.545055
0.431033
0.417223
0.430728
0.393850
0.435061
0.416395
0.492478
0.487047
0.467285
0.437584
0.601809
0.722970
0.924002
0.855210
0.605519
0.465807
0.417592
0.386218
0.393263
0.341285
0.310517
0.329233
0.377755
0.358552
0.436005
0.494699
0.507738
0.523080
0.491049
0.480054
0.443385
0.427770
0.395759
0.414011
0.429540
0.411325
0.395375
0.421104
0.665060
0.839562
0.858003
0.721986
0.506920
0.442795
0.409685
0.380911
0.377023
0.422747
0.454979
0.519180
0.488753
0.438678
0.416588
0.345610
0.356937
0.352888
0.353380
0.347296
0.365695
0.359280
0.333816
0.322975
0.339744
0.367968
0.365650
0.336258
0.352702
0.352524
0.316314
0.345785
0.348515
0.339162
0.379242
0.392002
0.391739
0.396011
0.334213
0.339744
0.339706
0.395075
0.339689
0.397615
0.393851
0.338294
0.327419
0.401634
0.480733
0.718730
0.920958
0.871632
0.640725
0.545412
0.459561
0.360181
0.341905
0.332258
0.297934
0.317919
0.368202
0.394609
0.350279
0.383540
0.383690
0.447773
0.470798
0.503277
0.503952
0.503024
0.461855
0.388248
0.339364
0.328824
0.336320
0.331073
0.312521
0.325361
0.324730
0.313610
0.297545
0.303290
0.300142
0.276424
0.263668
0.285363
0.313191
0.358299
0.369853
0.392452
0.394841
0.338349
0.337636
0.365243
0.329755
0.327772
0.305497
0.334857
0.335831
0.329140
0.334055
0.365220
0.407772
0.450829
0.636723
0.891733
0.912791
0.667400
0.492782
0.458058
0.355832
0.374419
0.355001
0.338476
0.366579
0.426323
0.517254
0.564590
0.569418
0.598459
0.511540
0.437088
0.405318
0.388660
0.359557
0.365187
0.363283
0.355257
0.325371
0.337014
0.324041
0.307251
0.341207
0.337256
0.306617
0.322336
0.346614
0.335169
0.345743
0.393721
0.423710
0.429498
0.436028
0.437523
0.476057
0.475272
0.606238
0.787635
0.829034
0.746964
0.621167
0.573469
0.504736
0.453240
0.549613
0.715411
0.827724
0.820396
0.684150
0.578547
0.465013
0.427604
0.422664
0.401524
0.390748
0.407595
0.397621
0.396911
0.400365
0.413897
0.453072
0.616992
0.707705
0.735079
0.727293
0.622049
0.511250
0.396435
0.381479
0.371071
0.373913
0.376896
0.349039
0.349837
0.338695
0.327666
0.310658
0.355740
0.363825
0.393118
0.385523
0.419601
0.390031
0.369806
0.308458
0.323658
0.300660
0.293069
0.278100
0.295591
0.289230
0.271790
0.295414
0.292851
0.307967
0.341142
0.345883
0.336188
0.311337
0.307085
0.285969
0.279750
0.276688
0.284834
0.311573
0.337187
0.366740
0.381766
0.422494
0.365127
0.364794
0.345937
0.380034
0.452912
0.498423
0.542657
0.514305
0.495723
0.437400
0.377234
0.323328
0.300197
0.318687
0.318684
0.322186
0.301290
0.277985
0.243199
0.235313
0.234724
0.241469
0.240613
0.237226
0.249470
0.289602
0.347513
0.373548
0.405734
0.392947
0.395327
0.381851
0.377874
0.359064
0.358462
0.338777
0.306626
0.293956
0.300422
0.301128
0.299100
0.349423
0.342810
0.346963
0.337651
0.315705
0.283419
0.339888
0.333116
0.345486
0.351313
0.423131
0.606491
0.866001
0.912209
0.731650
0.556293
0.489379
0.390622
0.387695
0.365649
0.343826
0.333845
0.360084
0.347041
0.324130
0.327963
0.376075
0.450152
0.424382
0.396361
0.419325
0.421484
0.432517
0.424309
0.483395
0.479064
0.462289
0.453380
0.454038
0.419158
0.420233
0.343044
0.339656
0.360755
0.366406
0.352605
0.338462
0.314857
0.336561
0.329888
0.330034
0.342349
0.415489
0.415154
0.520903
0.479539
0.669584
0.857031
0.905721
0.741117
0.602075
0.488247
0.437939
0.413247
0.391204
0.438346
0.476456
0.576270
0.594108
0.595803
0.594000
0.513848
0.373298
0.351894
0.352714
0.365935
0.410327
0.372815
0.373318
0.352555
0.363807
0.371109
0.381435
0.391625
0.397718
0.423979
0.382986
0.343469
0.313515
0.282002
0.292063
0.281794
0.263308
0.274317
0.275618
0.282328
0.265081
0.261083
0.262847
0.265477
0.255322
0.261103
0.254901
0.251223
0.261075
0.270030
0.275033
0.271713
0.282456
0.286458
0.304778
0.321635
0.353202
0.361966
0.418147
0.482483
0.511786
0.492941
0.440504
0.417445
0.402303
0.372423
0.358518
0.295311
0.277703
