# Predictions (Probabilities)
0.370815
0.384945
0.372723
0.354119
0.355859
0.399348
0.396838
0.384251
0.442529
0.438948
0.437034
0.394057
0.347580
0.320388
0.295554
0.303937
0.317274
0.361685
0.300194
0.293886
0.277176
0.276647
0.281188
0.283006
0.279136
0.290615
0.283365
0.301128
0.293589
0.295298
0.291793
0.285434
0.275575
0.262856
0.255745
0.248818
0.250630
0.271522
0.281664
0.266206
0.263931
0.247596
0.248750
0.250908
0.274330
0.272570
0.296518
0.308495
0.323495
0.326943
0.352737
0.353926
0.387394
0.431652
0.437806
0.420147
0.402002
0.384622
0.389576
0.498931
0.567616
0.638693
0.593242
0.538210
0.403361
0.312428
0.292705
0.308359
0.352534
0.349659
0.315605
0.270385
0.246887
0.223297
0.233525
0.234414
0.245358
0.246950
0.256924
0.259827
0.302988
0.313874
0.327689
0.315718
0.340025
0.334153
0.354658
0.387580
0.429351
0.466761
0.442086
0.385109
0.348499
0.363285
0.351531
0.366169
0.334991
0.324983
0.311592
0.360411
0.403806
0.474576
0.494712
0.473969
0.426250
0.387742
0.339296
0.248619
0.243780
0.258588
0.264839
0.242978
0.245817
0.249150
0.267475
0.277970
0.296473
0.309199
0.362641
0.386146
0.387946
0.392246
0.391773
0.382028
0.369442
0.377665
0.326466
0.336198
0.303897
0.285619
0.287907
0.308949
0.311394
0.324787
0.281766
0.285209
0.264062
0.271939
0.263570
0.279961
0.295336
0.302393
0.303719
0.287355
0.280719
0.288015
0.273570
0.282906
0.301422
0.305107
0.328110
0.320603
0.309946
0.318806
0.295956
0.294181
0.288629
0.284609
0.279459
0.284681
0.288993
0.323577
0.336371
0.338447
0.345406
0.337651
0.313401
0.336320
0.335201
0.343396
0.341371
0.324743
0.290358
0.293935
0.275016
0.270859
0.270307
0.256149
0.256300
0.255602
0.265430
0.300111
0.329802
0.336530
0.339183
0.303769
0.289821
0.299059
0.336177
0.363322
0.358627
0.337423
0.311287
0.275514
0.260812
0.279248
0.259766
0.280381
0.276319
0.280694
0.266107
0.300347
0.282516
0.290314
0.305400
0.329317
0.373424
0.377702
0.406353
0.390871
0.366826
0.336743
0.313479
0.294912
0.297005
0.296748
0.318160
0.354629
0.446884
0.438439
0.493545
0.407435
0.422437
0.401884
0.341569
0.334724
0.307006
0.291207
0.275532
0.252049
0.256297
0.246623
0.241194
0.232214
0.264460
0.284980
0.341273
0.343417
0.362883
0.373672
0.404747
0.393577
0.384265
0.360519
0.409107
0.384908
0.388719
0.350355
0.323450
0.308261
0.294222
0.346933
0.389961
0.402447
0.363379
0.360155
0.290793
0.245842
0.216945
0.220257
0.234295
0.222888
0.227361
0.255096
0.333523
0.405158
0.427483
0.401736
0.440652
0.425252
0.439335
0.414182
0.420201
0.371770
0.347310
0.372427
0.380858
0.381753
0.365111
0.347843
0.318578
0.314259
0.317523
0.325090
0.327500
0.326205
0.298425
0.307541
0.318871
0.317738
0.322237
0.306960
0.310961
0.306166
0.305711
0.303425
0.308579
0.298524
0.305813
0.278812
0.272446
0.259246
0.251114
0.250018
0.256430
0.256283
0.263962
0.283476
0.296853
0.317507
0.333126
0.336439
0.347417
0.351691
0.359208
0.377457
0.368931
0.362482
0.314742
0.299143
0.285911
0.269835
0.271829
0.275704
0.271366
0.272838
0.307326
0.342642
0.359862
0.372443
0.367283
0.347038
0.344519
0.337776
0.320060
0.305169
0.304864
0.283692
0.280872
0.279322
0.284784
0.307565
0.339547
0.342884
0.360909
0.342571
0.318028
0.288433
0.266967
0.265313
0.265950
0.273038
0.309292
0.307857
0.308296
0.276902
0.246170
0.244356
0.245283
0.259915
0.258096
0.260527
0.266339
0.275845
0.306785
0.343717
0.363137
0.386691
0.381328
0.361725
0.324249
0.293686
0.350158
0.341484
0.350808
0.332271
0.313203
0.283846
0.264492
0.258167
0.247969
0.270360
0.260208
0.259804
0.254449
0.262270
0.267224
0.278880
0.280376
0.311716
0.364959
0.399367
0.391379
0.402487
0.394717
0.363426
0.331162
0.297988
0.356489
0.307115
0.329001
0.293573
0.289247
0.269078
0.276947
0.280753
0.288009
0.322577
0.327206
0.348096
0.379570
0.406709
0.373353
0.361131
0.314750
0.304976
0.298779
0.335093
0.370227
0.402130
0.402185
0.392874
0.365234
0.302365
0.278486
0.269769
0.270370
0.286516
0.301357
0.301603
0.302808
0.281838
0.257989
0.257155
0.248875
0.248984
0.253443
0.250574
0.252289
0.269427
0.271906
0.271287
0.270685
0.289359
0.311491
0.342528
0.358971
0.370544
0.352614
0.329138
0.294281
0.275841
0.277739
0.266152
0.268965
0.267663
0.264973
0.260328
0.269313
0.282904
0.276918
0.272371
0.275862
0.273002
0.269119
0.267025
0.281655
0.279814
0.296962
0.328762
0.354592
0.376414
0.364868
0.334834
0.302803
0.320768
0.304464
0.324567
0.314845
0.330900
0.323662
0.405934
0.469291
0.523896
0.513082
0.544273
0.428905
0.506137
0.426001
0.418128
0.386901
0.347426
0.274469
0.265094
0.243440
0.279145
0.273782
0.275012
0.253431
0.286111
0.291328
0.317560
0.273046
0.309324
0.335616
0.331452
0.376668
0.447599
0.498841
0.451370
0.456306
0.403416
0.318852
0.288030
0.280091
0.306486
0.311728
0.302061
0.294192
0.331901
0.401134
0.382309
0.422047
0.388586
0.393473
0.366477
0.320640
0.317017
0.297870
0.308526
0.324441
0.300527
0.285607
0.315158
0.308948
0.306116
0.295570
0.285418
0.291575
0.290410
0.290950
0.339433
0.381347
0.366737
0.373957
0.349683
0.311002
0.264329
0.273690
0.287142
0.286739
0.268140
0.324606
0.369396
0.404674
0.381674
0.363249
0.340914
0.310135
0.288115
0.271348
0.280769
0.329392
0.335563
0.321511
0.298106
0.272023
0.273228
0.262393
0.259756
0.259395
0.269662
0.281783
0.326248
0.364804
0.390299
0.384263
0.396195
0.401837
0.364666
0.300810
0.252410
0.269813
0.301668
0.269956
0.261865
0.270260
0.306471
0.323503
0.401172
0.422535
0.453808
0.473907
0.453155
0.446194
0.472655
0.444409
0.439916
0.394514
0.353929
0.305768
0.291081
0.275138
0.273450
0.274971
0.294660
0.305074
0.324755
0.322149
0.301053
0.280461
0.295520
0.284291
0.263125
0.258940
0.304740
0.326114
0.356579
0.363343
0.368160
0.346213
0.329855
0.315201
0.286452
0.274554
0.273396
0.249208
0.237958
0.257813
0.256910
0.319945
0.317106
0.320056
0.285366
0.277908
0.263987
0.268752
0.303007
0.376799
0.391606
0.400982
0.388326
0.418195
0.373040
0.315592
0.311733
0.330484
0.303773
0.304376
0.324580
0.337756
0.317571
0.329663
0.336112
0.357560
0.356943
0.364984
0.327923
0.279471
0.260696
0.247536
0.243297
0.236611
0.231470
0.247554
0.315506
0.355511
0.392295
0.377148
0.346346
0.300938
0.286949
0.283589
0.276833
0.303424
0.308845
0.304693
0.295124
0.301237
0.365790
0.381703
0.423512
0.395490
0.417276
0.374232
0.371309
0.322390
0.307558
0.311127
0.316262
0.325482
0.319141
0.306737
0.290445
0.260194
0.259298
0.260430
0.236093
0.233028
0.240794
0.250520
0.259813
0.289947
0.266552
0.266862
0.305538
0.317613
0.311930
0.376430
0.470681
0.527769
0.499353
0.499855
0.456415
0.417400
0.392962
0.379373
0.347126
0.335985
0.325227
0.339595
0.394002
0.484847
0.560191
0.522599
0.467503
0.427564
0.362265
0.271256
0.250230
0.273289
0.281048
0.246447
0.255770
0.280061
0.323989
0.339234
0.363448
0.382356
0.382256
0.368629
0.369950
0.384493
0.389801
0.400536
0.454884
0.502521
0.455795
0.427713
0.405965
0.352623
0.321504
0.294328
0.286433
0.273747
0.268026
0.257032
0.248321
0.251285
0.244474
0.260119
0.261417
0.260187
0.246109
0.260481
0.278028
0.262204
0.268784
0.267913
0.270608
0.282927
0.281029
0.302590
0.318434
0.355410
0.357868
0.406673
0.446979
0.505843
0.537753
0.598851
0.595975
0.631816
0.620068
0.616273
0.552301
0.493665
0.400873
0.346859
0.333090
0.360435
0.322380
0.344278
0.306563
0.305862
0.315362
0.294629
0.339065
0.356634
0.374832
0.335948
0.274790
0.243706
0.249807
0.247526
0.256744
0.250435
0.264279
0.265421
0.279069
0.311635
0.314291
0.380690
0.367934
0.417526
0.383361
0.357581
0.297385
0.265994
0.251251
0.258182
0.251784
0.261767
0.262563
0.285837
0.320085
0.351656
0.350801
0.326735
0.322945
0.338439
0.326205
0.324010
0.333445
0.338619
0.373082
0.419170
0.416682
0.421506
0.421898
0.379908
0.315586
0.304065
0.310874
0.317095
0.288644
0.276397
0.266514
0.266887
0.262541
0.254367
0.254433
0.262296
0.276242
0.285927
0.336470
0.359341
0.350324
0.346479
0.347483
0.333913
0.308230
0.302351
0.293551
0.293300
0.315434
0.318814
0.339445
0.348228
0.351922
0.309050
0.324210
0.321252
0.314443
0.316191
0.286788
0.281767
0.258187
0.286259
0.322918
0.351451
0.357323
0.358877
0.341979
0.303309
0.285699
0.291875
0.288920
0.290736
0.285825
0.276572
0.270380
0.273916
0.322623
0.330648
0.372148
0.335950
0.332145
0.261104
0.265775
0.273291
0.279575
0.284339
0.314636
0.314656
0.311748
0.273283
0.276667
0.270639
0.274818
0.285801
0.342220
0.380122
0.381448
0.391266
0.377364
0.336153
0.258692
0.250353
0.237487
0.247098
0.250685
0.257149
0.246585
0.254651
0.291098
0.305080
0.321542
0.353689
0.377004
0.384030
0.397585
0.386539
0.347728
0.323248
0.319552
0.312626
0.309872
0.300159
0.324532
0.356755
0.376208
0.388726
0.353435
0.301649
0.278972
0.258346
0.242323
0.253883
0.265638
0.266616
0.260961
0.275674
0.300596
0.348519
0.361840
0.366645
0.379190
0.388317
0.351856
0.351604
0.322391
0.305975
0.311526
0.327623
0.326501
0.331393
0.319376
0.277453
0.263938
0.261597
0.250310
0.248922
0.267715
0.266576
0.264444
0.273739
0.287374
0.294070
0.318590
0.337204
0.341443
0.353449
0.358394
0.341768
0.319301
0.309641
0.290935
0.277815
0.282061
0.287003
0.322805
0.289076
0.280187
0.290866
0.273749
0.278147
0.275870
0.293256
0.286142
0.315219
0.335876
0.339433
0.367613
0.411971
0.436483
0.469014
0.461010
0.416160
0.335420
0.295300
0.306837
0.310287
0.327772
0.348402
0.290623
0.277454
0.278494
0.282759
0.273818
0.264629
0.301094
0.322475
0.363864
0.385509
0.381024
0.385708
0.358833
0.326493
0.290184
0.279774
0.266497
0.267401
0.259952
0.265598
0.260056
0.323934
0.349203
0.358357
0.356955
0.340306
0.324181
0.339483
0.376929
0.395793
0.373282
0.377696
0.394428
0.395771
0.490892
0.570346
0.672798
0.673872
0.652669
0.542915
0.458214
0.351791
0.284647
0.300422
0.302824
0.301403
0.282648
0.298227
0.301549
0.310802
0.339856
0.386342
0.402437
0.416904
0.405217
0.420144
0.407980
0.385473
0.339893
0.323206
0.319602
0.261783
0.250157
0.252070
0.267812
0.240375
0.253933
0.297053
0.340510
0.387124
0.447654
0.454372
0.481068
0.479481
0.459331
0.440215
0.401562
0.363579
0.369524
0.445673
0.498461
0.563626
0.554722
0.553016
0.543322
0.502202
0.410992
0.337734
0.302054
0.293314
0.275826
0.278723
0.266871
0.254812
0.249047
0.260061
0.287312
0.332145
0.347669
0.350447
0.355236
0.349353
0.316921
0.264962
0.261756
0.262420
0.267758
0.257562
0.261046
0.256618
0.272505
0.313784
0.326421
0.309755
0.295070
0.294598
0.276746
0.278896
0.278736
0.289735
0.323734
0.338675
0.332645
0.387246
0.418102
0.417205
0.354589
0.361422
0.375282
0.364759
0.445607
0.530190
0.617191
0.556797
0.527095
0.477805
0.425129
0.376810
0.351418
0.321892
0.322033
0.293082
0.289818
0.308330
0.289685
0.300298
0.290187
0.271973
0.259920
0.266132
0.273328
0.272494
0.273488
0.269506
0.279117
0.310216
0.307861
0.304300
0.273853
0.262494
0.260712
0.250080
0.261753
0.301812
0.310622
0.304343
0.292876
0.282447
0.262164
0.262567
0.271900
0.277592
0.299076
0.352261
0.418861
0.418281
0.431706
0.426002
0.425014
0.408603
0.431557
0.414687
0.406627
0.382825
0.348361
0.347514
0.292531
0.270450
0.280884
0.294848
0.279808
0.274020
0.309404
0.342960
0.375634
0.413532
0.436545
0.443441
0.406774
0.434119
0.417934
0.384704
0.344934
0.301736
0.286284
0.287125
0.267765
0.266751
0.289474
0.286374
0.297911
0.318824
0.343811
0.342484
0.333271
0.316247
0.294697
0.292535
0.283706
0.279244
0.268441
0.279387
0.315722
0.347163
0.362458
0.370171
0.363361
0.346604
0.312204
0.309601
0.332165
0.325436
0.314452
0.303614
0.318129
0.327284
0.294801
0.274356
0.302316
0.351759
0.390571
0.520508
0.674891
0.734447
0.723682
0.709061
0.617670
0.394902
0.364120
0.355370
0.351182
0.362867
0.366543
0.405793
0.441125
0.438173
0.398105
0.360782
0.348915
0.367278
0.366845
0.408159
0.402277
0.391722
0.361737
0.333911
0.302918
0.280486
0.271648
0.283130
0.292734
0.294149
0.298181
0.267421
0.255044
0.255888
0.247120
0.249248
0.255137
0.269421
0.265286
0.274174
0.299605
0.297846
0.305775
0.299182
0.311600
0.312998
0.320068
0.341318
0.418380
0.474358
0.493777
0.456478
0.458812
0.358960
0.335789
0.321384
0.313334
0.339300
0.323464
0.322735
0.338731
0.331615
0.346564
0.349880
0.401807
0.418403
0.391156
0.355089
0.316058
0.290535
0.284721
0.258999
0.276771
0.264346
0.268466
0.243435
0.255452
0.249777
0.258294
0.260649
0.252712
0.248089
0.245550
0.249988
0.246763
0.256893
0.258120
0.291460
0.309919
0.366047
0.385910
0.412699
0.391746
0.399487
0.400492
0.400021
0.396556
0.358918
0.327722
0.303184
0.323649
0.383479
0.377535
0.390761
0.360625
0.305669
0.266677
0.260406
0.258684
0.277190
0.264860
0.254883
0.241259
0.227003
0.234537
0.243836
0.250116
0.251803
0.286800
0.310414
0.349738
0.389506
0.392053
0.399604
0.433453
0.431158
0.420844
0.397568
0.360842
0.328618
0.320885
0.361723
0.390143
0.423264
0.405046
0.355940
0.318542
0.302003
0.342943
0.364815
0.372339
0.359022
0.294676
0.279125
0.266063
0.291188
0.307637
0.331829
0.349415
0.294150
0.272865
0.263273
0.270546
0.286627
0.299812
0.280397
0.286037
0.276294
0.282474
0.300206
0.349189
0.350345
0.348124
0.343838
0.294985
0.244181
0.245208
0.234690
0.237777
0.226198
0.254569
0.288360
0.324689
0.351973
0.345993
0.347624
0.304420
0.302601
0.284569
0.315197
0.347104
0.363102
0.368189
0.420960
0.423580
0.397955
0.387499
0.333692
0.297377
0.295871
0.316203
0.322950
0.302509
0.308697
0.325848
0.310703
0.314728
0.263811
0.264852
0.242035
0.251976
0.275094
0.284399
0.303565
0.295349
0.282219
0.271233
0.257141
0.280523
0.276731
0.283059
0.289627
0.323083
0.357503
0.452009
0.474841
0.500935
0.467249
0.451314
0.355999
0.300362
0.302233
0.310218
0.307191
0.319632
0.329315
0.330008
0.315210
0.292288
0.282159
0.264821
0.259784
0.267740
0.262123
0.277499
0.284088
0.301476
0.318737
0.348900
0.291602
0.305769
0.279082
0.294971
0.287706
0.330593
0.361266
0.404880
0.397927
0.441963
0.463582
0.526333
0.526272
0.553772
0.502998
0.489467
0.347941
0.295978
0.281746
0.285035
0.271820
0.258523
0.247626
0.267713
0.261485
0.267458
0.262123
0.286338
0.272648
0.277261
0.300814
0.327829
0.308367
0.300923
0.322504
0.332958
0.366965
0.368654
0.386762
0.383979
0.368905
0.317414
0.286884
0.286573
0.297684
0.287830
0.289985
0.289850
0.296752
0.275864
0.275924
0.284112
0.280355
0.285412
0.285869
0.276507
0.273981
0.291281
0.327282
0.311418
0.291869
0.280633
0.278028
0.275656
0.297014
0.290560
0.353941
0.374511
0.394848
0.402669
0.361490
0.358594
0.317113
0.322868
0.288082
0.306002
0.300641
0.408993
0.463939
0.523644
0.459258
0.502528
0.413275
0.333992
0.359997
0.376398
0.379507
0.353070
0.288818
0.256166
0.256689
0.249930
0.241970
0.256764
0.279791
0.321753
0.367433
0.441468
0.437402
0.407735
0.388438
0.391482
0.384575
0.369972
0.366560
0.389452
0.378851
0.365523
0.334776
0.319998
0.332167
0.329917
0.320322
0.333575
0.303072
0.280964
0.264966
0.254888
0.242214
0.245406
0.240158
0.231994
0.242190
0.254434
0.246677
0.241075
0.282593
0.292809
0.317674
0.392778
0.390366
0.415008
0.407237
0.408976
0.357255
0.354442
0.408589
0.444646
0.441494
0.411932
0.370097
0.291495
0.276980
0.281124
0.278497
0.277720
0.289891
0.301098
0.347618
0.416104
0.442774
0.437700
0.426717
0.395995
0.400251
0.357666
0.325968
0.268578
0.259995
0.260129
0.253763
0.247447
0.252647
0.255388
0.265923
0.294878
0.341235
0.371781
0.381937
0.364794
0.371828
0.367538
0.354048
0.341951
0.340349
0.360423
0.382601
0.374981
0.383389
0.371592
0.338701
0.308109
0.290908
0.285234
0.288108
0.281978
0.282418
0.299102
0.285095
0.283640
0.306374
0.293109
0.301915
0.274511
0.268331
0.264965
0.272978
0.289345
0.293753
0.316696
0.327723
0.330772
0.334479
0.319324
0.315476
0.327787
0.319462
0.299549
0.276109
0.266722
0.252166
0.242992
0.244284
0.249776
0.287888
0.330506
0.326477
0.328018
0.299257
0.274165
0.287834
0.320550
0.335245
0.338915
0.314226
0.304746
0.271388
0.248239
0.257252
0.259115
0.297413
0.323362
0.354715
0.331595
0.384425
0.396894
0.398689
0.392155
0.378696
0.370103
0.351385
0.353357
0.286444
0.314456
0.323626
0.347505
0.282594
0.232497
0.130491
0.197775
0.200122
0.176529
0.166918
0.177165
0.229815
0.275872
0.204336
0.109158
0.244237
0.346249
0.154844
0.311773
0.345251
0.407314
0.263511
0.287345
0.304979
0.364180
0.341288
0.296963
0.329674
0.594618
0.968552
0.933999
0.487313
0.407871
0.420458
0.477267
0.568225
0.384366
0.413253
0.335222
0.299496
0.359175
0.320127
0.366123
0.366955
0.416750
0.403750
0.444714
0.487908
0.546569
0.331740
0.291761
0.243039
0.274515
0.349463
0.266996
0.220265
0.294432
0.301483
0.327335
0.386647
0.392729
0.340422
0.324229
0.297058
0.301373
0.298471
0.317510
0.313905
0.370652
0.356855
0.363634
0.329113
0.307235
0.276822
0.288926
0.282162
0.278846
0.303944
0.282086
0.291620
0.288689
0.323987
0.343246
0.349002
0.346362
0.336490
0.307604
0.253959
0.260000
0.275619
0.277387
0.270107
0.311066
0.341405
0.361155
0.381669
0.384609
0.410930
0.383221
0.370153
0.324172
0.291466
0.311674
0.307053
0.317363
0.293361
0.304953
0.267617
0.270165
0.259720
0.288884
0.292043
0.296595
0.298102
0.285588
0.323949
0.397794
0.485632
0.538014
0.510723
0.493050
0.438729
0.359039
0.317545
0.299552
0.326447
0.316386
0.303655
0.299337
0.292838
0.291598
0.301555
0.299161
0.323936
0.361956
0.354524
0.359650
0.357035
0.348571
0.327005
0.368112
0.408010
0.434852
0.416379
0.419663
0.339644
0.292512
0.283948
0.271778
0.296141
0.296681
0.298882
0.298073
0.327090
0.361511
0.367421
0.380324
0.374122
0.380341
0.357506
0.350502
0.319505
0.319147
0.321502
0.371305
0.364294
0.352071
0.335070
0.284899
0.262985
0.242548
0.246179
0.260897
0.259835
0.289182
0.290318
0.282353
0.286731
0.269365
0.267415
0.265035
0.265210
0.277008
0.277750
0.291759
0.316061
0.348243
0.363819
0.362019
0.371774
0.306556
0.253048
0.219938
0.220391
0.227676
0.231575
0.235695
0.229772
0.239610
0.263552
0.305030
0.332441
0.323828
0.343395
0.391457
0.405194
0.401356
0.360863
0.340517
0.334614
0.334841
0.367191
0.389592
0.455985
0.436279
0.431319
0.417336
0.374606
0.316670
0.313666
0.315966
0.291926
0.275209
0.274103
0.271584
0.266616
0.263778
0.290842
0.290969
0.279851
0.266874
0.268836
0.265668
0.269599
0.273441
0.291811
0.312687
0.352095
0.356695
0.358223
0.377063
0.336612
0.356815
0.314524
0.309922
0.307147
0.343689
0.435648
0.473297
0.443520
0.382657
0.333021
0.270654
0.310538
0.279319
0.292457
0.264786
0.272581
0.240802
0.282418
0.330149
0.305514
0.307489
0.316718
0.292525
0.295788
0.321001
0.302872
0.290603
0.299136
0.339391
0.348003
0.419771
0.525821
0.541632
0.551204
0.481138
0.455957
0.335000
0.304138
0.289830
0.298552
0.309081
0.316595
0.335133
0.351205
0.349962
0.345029
0.353417
0.363160
0.381285
0.365779
0.352652
0.382064
0.427855
0.491661
0.540411
0.571996
0.508501
0.472260
0.423144
0.412032
0.364121
0.325643
0.298724
0.302918
0.282145
0.263628
0.261996
0.259678
0.261446
0.252443
0.268451
0.277158
0.267299
0.255182
0.277284
0.292154
0.285873
0.294848
0.297245
0.296828
0.287144
0.298169
0.275512
0.281653
0.272709
0.278471
0.267087
0.273882
0.295256
0.320500
0.320724
0.334189
0.311767
0.313318
0.309266
0.303385
0.336256
0.421721
0.467698
0.472826
0.483050
0.472498
0.471873
0.472217
0.425151
0.418533
0.373828
0.313911
0.309847
0.296720
0.276807
0.256713
0.253283
0.262515
0.310859
0.332857
0.321177
0.315626
0.309706
0.292409
0.271294
0.258139
0.279089
0.300691
0.303866
0.291612
0.303892
0.308586
0.378183
0.360327
0.396804
0.365789
0.387111
0.299877
0.253307
0.261544
0.270131
0.284478
0.263693
0.270914
0.292495
0.343982
0.385983
0.402275
0.419900
0.442135
0.498041
0.545794
0.578245
0.583919
0.576468
0.550485
0.489143
0.433136
0.371132
0.313825
0.280848
0.285785
0.272443
0.274658
0.266118
0.271399
0.272633
0.280610
0.278614
0.291918
0.273465
0.275802
0.290486
0.306165
0.301768
0.334498
0.385025
0.410095
0.424297
0.420706
0.434997
0.396161
0.343683
0.311712
0.305755
0.300929
0.305576
0.287765
0.309891
0.331397
0.355999
0.346135
0.344981
0.345267
0.363163
0.336999
0.350659
0.361482
0.338290
0.307924
0.301672
0.318280
0.318836
0.404699
0.427339
0.436284
0.428341
0.425094
0.404769
0.400257
0.357667
0.332540
0.299388
0.289315
0.272404
0.263339
0.263761
0.248860
0.255242
0.278143
0.321991
0.355694
0.422118
0.418555
0.426056
0.406278
0.413426
0.369016
0.349555
0.286396
0.299355
0.286334
0.272161
0.260312
0.260187
0.262000
0.285315
0.300457
0.319743
0.351019
0.357817
0.364217
0.377684
0.379921
0.402692
0.384489
0.364703
0.351436
0.311741
0.291831
0.284335
0.293632
0.285881
0.277183
0.282882
0.304395
0.354241
0.374528
0.387963
0.370373
0.330161
0.317104
0.308494
0.296814
0.295912
0.287798
0.282532
0.265922
0.268087
0.288581
0.286557
0.263267
0.259953
0.267248
0.277236
0.260457
0.278678
0.318823
0.341241
0.379030
0.384410
0.371684
0.340435
0.345995
0.369632
0.381590
0.456363
0.520600
0.547722
0.559230
0.486065
0.457508
0.357242
0.306516
0.295893
0.282778
0.268605
0.266390
0.262115
0.276165
0.272240
0.259245
0.242469
0.285009
0.284919
0.282616
0.316271
0.343435
0.353390
0.331570
0.321255
0.337225
0.361281
0.390391
0.398822
0.407126
0.341413
0.316777
0.321410
0.361747
0.366577
0.387006
0.406136
0.379328
0.360035
0.440674
0.464639
0.470024
0.422701
0.407144
0.325890
0.266736
0.263818
0.265655
0.264543
0.259474
0.270187
0.320058
0.324989
0.325276
0.299951
0.289485
0.261451
0.257374
0.265098
0.284211
0.299015
0.301610
0.325597
0.351473
0.324347
0.288832
0.272137
0.251754
0.237303
0.236128
0.253139
0.263394
0.264790
0.264469
0.271106
0.270937
0.296430
0.345291
0.348115
0.370289
0.375130
0.329484
0.315035
0.298624
0.289651
0.293772
0.313314
0.321720
0.315270
0.310505
0.345313
0.387168
0.401425
0.405662
0.394966
0.376218
0.343144
0.312968
0.287837
0.273799
0.269480
0.264876
0.263899
0.261821
0.256832
0.246413
0.249992
0.256271
0.280360
0.271737
0.323616
0.367221
0.372925
0.373969
0.348514
0.323388
0.311015
0.304145
0.288533
0.299828
0.327995
0.371175
0.366485
0.383999
0.366142
0.363519
0.355613
0.336294
0.279186
0.255999
0.232626
0.243715
0.242157
0.234522
0.223526
0.254579
0.267278
0.289185
0.300265
0.313721
0.340781
0.351702
0.370037
0.381821
0.370703
0.416799
0.440592
0.456024
0.438399
0.419862
0.395562
0.374301
0.344261
0.322128
0.346880
0.444481
0.533976
0.574685
0.582988
0.537193
0.482139
0.449177
0.376004
0.304794
0.295446
0.301805
0.304330
0.266908
0.276001
0.331298
0.340019
0.323115
0.322853
0.320885
0.280544
0.242370
0.244743
0.257862
0.267649
0.240609
0.261147
0.296703
0.324768
0.325540
0.318025
0.287162
0.278319
0.260024
0.271834
0.300771
0.318817
0.318947
0.338449
0.388064
0.424171
0.434751
0.406033
0.399688
0.388588
0.359217
0.359893
0.318000
0.318020
0.298922
0.282717
0.279367
0.272628
0.277707
0.267723
0.288986
0.296026
0.276069
0.294127
0.304413
0.312898
0.308418
0.277402
0.276594
0.271502
0.282948
0.306892
0.306763
0.319542
0.309767
0.283610
0.272145
0.266921
0.266187
0.271955
0.269623
0.268484
0.271698
0.271328
0.293046
0.330952
0.322876
0.306791
0.298093
0.310845
0.313459
0.316190
0.302837
0.315905
0.351787
0.410991
0.477685
0.562929
0.561202
0.559291
0.509036
0.472175
0.364189
0.299928
0.302638
0.317174
0.299433
0.298960
0.320598
0.342212
0.334773
0.315096
0.297788
0.307502
0.289762
0.281473
0.254148
0.261505
0.250727
0.261372
0.245626
0.244918
0.248657
0.282284
0.304487
0.360556
0.384691
0.423957
0.411303
0.431537
0.420983
0.373830
0.337447
0.333191
0.335734
0.350063
0.382680
0.440176
0.463943
0.490935
0.447779
0.426273
0.417322
0.414594
0.418426
0.392537
0.377158
0.362822
0.338110
0.283168
0.273351
0.252324
0.260963
0.251453
0.253137
0.252609
0.278696
0.284826
0.308969
0.331021
0.362579
0.377054
0.400005
0.420932
0.548106
0.527025
0.507860
0.479093
0.430970
0.337249
0.316746
0.303937
0.314133
0.291695
0.280036
0.273736
0.276620
0.251247
0.270629
0.290902
0.290861
0.258349
0.278072
0.277574
0.318672
0.274101
0.272601
0.295806
0.305940
0.302882
0.360935
0.374631
0.383992
0.365437
0.349585
0.350019
0.366132
0.434551
0.421100
0.473082
0.425214
0.424562
0.468748
0.566232
0.560823
0.649548
0.553967
0.466568
0.401712
0.305844
0.295110
0.299870
0.314226
0.339013
0.342277
0.335095
0.331478
0.285788
0.256183
0.250459
0.249975
0.247684
0.241145
0.271446
0.304256
0.328940
0.314946
0.300715
0.283077
0.276549
0.276585
0.284977
0.294369
0.311237
0.315161
0.309359
0.315450
0.296646
0.328598
0.365131
0.353060
0.337261
0.315700
0.310132
0.295228
0.291642
0.302592
0.312279
0.382989
0.469591
0.518300
0.446803
0.505892
0.420016
0.411161
0.403599
0.378141
0.374392
0.332850
0.295296
0.287086
0.277621
0.267085
0.264956
0.279524
0.325188
0.333758
0.341257
0.348238
0.341732
0.342407
0.326126
0.296576
0.280582
0.258624
0.259817
0.258962
0.260080
0.273840
0.284496
0.305548
0.299224
0.318744
0.284923
0.284421
0.314402
0.357979
0.367219
0.368999
0.348572
0.348771
0.282035
0.251605
0.238537
0.252809
0.262433
0.256668
0.258183
0.261397
0.280098
0.294781
0.326069
0.340469
0.367295
0.367930
0.380699
0.370363
0.342516
0.336661
0.366071
0.370801
0.368179
0.355447
0.312730
0.299102
0.270583
0.260860
0.252302
0.258371
0.252289
0.270719
0.266434
0.261720
0.268872
0.263271
0.263635
0.264076
0.259371
0.262847
0.275123
0.292548
0.330907
0.372600
0.416061
0.444199
0.437680
0.447700
0.437878
0.457931
0.432328
0.433804
0.407907
0.361380
0.315422
0.336468
0.374962
0.368800
0.361604
0.320748
0.313437
0.283336
0.269626
0.280333
0.326138
0.329255
0.312195
0.294145
0.266956
0.238389
0.232636
0.232833
0.230759
0.244395
0.270888
0.283751
0.307369
0.314573
0.321265
0.306560
0.284840
0.295218
0.281036
0.294737
0.311104
0.399011
0.399670
0.449596
0.388652
0.358413
0.296549
0.307554
0.293240
0.340880
0.348054
0.382225
0.329642
0.351271
0.307204
0.302698
0.290888
0.318781
0.361000
0.845085
0.935322
0.771464
0.519421
0.504381
0.502660
0.380174
0.346644
0.326009
0.316966
0.329334
0.274008
0.301821
0.289845
0.324717
0.300140
0.327893
0.330337
0.350387
0.371749
0.424535
0.482601
0.477681
0.377258
0.411145
0.407111
0.411649
0.426931
0.448220
0.395723
0.370938
0.304527
0.289086
0.295137
0.263047
0.246147
0.240419
0.269231
0.259746
0.283808
0.261811
0.262207
0.251284
0.250065
0.273331
0.263668
0.296449
0.296734
0.308124
0.298695
0.302125
0.320831
0.306127
0.306632
0.303183
0.303962
0.294797
0.311237
0.334654
0.346859
0.366989
0.354923
0.383847
0.367473
0.370081
0.353799
0.348694
0.288725
0.268013
0.259347
0.243936
0.242012
0.251830
0.267019
0.277456
0.255948
0.253078
0.260800
0.254839
0.278871
0.272462
0.304466
0.320750
0.338442
0.342178
0.342394
0.351955
0.340780
0.340794
0.322999
0.306088
0.294548
0.283157
0.267365
0.264338
0.258622
0.270555
0.272810
0.276215
0.274083
0.284924
0.325758
0.349347
0.358626
0.369085
0.361219
0.348414
0.336294
0.319862
0.293780
0.294383
0.283509
0.270173
0.272103
0.267195
0.270538
0.253748
0.257448
0.278012
0.303763
0.310973
0.348268
0.388521
0.381641
0.398762
0.432773
0.432603
0.410716
0.361050
0.315153
0.292129
0.292826
0.279733
0.312065
0.326150
0.331657
0.303701
0.286492
0.264983
0.251679
0.266692
0.252828
0.245154
0.260140
0.269486
0.260385
0.251659
0.264923
0.266290
0.289539
0.314968
0.356003
0.380846
0.382277
0.385781
0.395427
0.397812
0.365690
0.324734
0.304010
0.285352
0.289642
0.290730
0.286449
0.280992
0.272511
0.277667
0.277218
0.314399
0.286570
0.292856
0.325170
0.347154
0.340626
0.361864
0.382782
0.424153
0.402282
0.390042
0.343937
0.290365
0.301598
0.312445
0.330271
0.321226
0.294660
0.281205
0.258838
0.244432
0.240737
0.250666
0.253768
0.261831
0.254474
0.264074
0.272982
0.274020
0.290992
0.269081
0.265587
0.287631
0.301778
0.318503
0.332752
0.349008
0.337029
0.317516
0.297210
0.290425
0.268132
0.271777
0.270284
0.275757
0.279021
0.294795
0.283655
0.294547
0.324324
0.322086
0.337255
0.345856
0.356998
0.378290
0.393995
0.384618
0.362844
0.318887
0.287335
0.266415
0.265830
0.262398
0.268677
0.286136
0.298985
0.318019
0.316502
0.395649
0.429439
0.436295
0.443336
0.439704
0.395255
0.343792
0.318551
0.292865
0.289005
0.302038
0.336564
0.357264
0.370102
0.379202
0.366460
0.354568
0.329684
0.277156
0.248085
0.256466
0.292312
0.286993
0.252802
0.262437
0.313655
0.356828
0.394470
0.461444
0.552689
0.584886
0.513541
0.498092
0.442194
0.383099
0.345954
0.330023
0.326882
0.313531
0.281540
0.265314
0.272665
0.278924
0.270841
0.336301
0.364572
0.359527
0.325680
0.294672
0.291887
0.277895
0.255378
0.281399
0.274435
0.285496
0.271713
0.304523
0.313314
0.311303
0.353738
0.434361
0.469327
0.457668
0.441700
0.401288
0.363114
0.366817
0.335985
0.315269
0.308363
0.305891
0.304166
0.308542
0.343675
0.340948
0.352631
0.349755
0.337198
0.302571
0.292687
0.297635
0.290681
0.294857
0.336582
0.327656
0.322850
0.298000
0.270083
0.244928
0.242919
0.255182
0.243257
0.247401
0.246163
0.255505
0.254218
0.262496
0.256467
0.255240
0.259201
0.267889
0.279778
0.341525
0.359770
0.369131
0.386811
0.341653
0.312458
0.282624
0.283595
0.300633
0.305533
0.300114
0.301685
0.344402
0.349050
0.390057
0.436205
0.423229
0.415358
0.393958
0.335676
0.253409
0.246813
0.247654
0.255022
0.237325
0.250396
0.255419
0.284617
0.299207
0.302463
0.308948
0.303285
0.308808
0.303309
0.319193
0.350366
0.383365
0.455630
0.453636
0.474193
0.463307
0.473312
0.346595
0.329079
0.307495
0.323351
0.319836
0.318299
0.316433
0.353015
0.369734
0.370617
0.364007
0.372190
0.357719
0.364113
0.343479
0.325893
0.340111
0.317842
0.299527
0.271608
0.268797
0.234944
0.250967
0.247438
0.260550
0.245303
0.256937
0.256026
0.260437
0.287986
0.307481
0.335821
0.322437
0.346506
0.302816
0.302782
0.284582
0.299587
0.292695
0.322217
0.345490
0.375235
0.376228
0.358073
0.323485
0.331566
0.326224
0.333847
0.353569
0.349724
0.366112
0.348540
0.301475
0.267139
0.251728
0.251180
0.237727
0.263861
0.312489
0.314221
0.330336
0.329137
0.295892
0.322440
0.351698
0.363538
0.328653
0.394293
0.404935
0.480051
0.561908
0.693875
0.734537
0.739279
0.711394
0.608785
0.450901
0.384783
0.365732
0.348066
0.323776
0.303425
0.280320
0.314845
0.317658
0.324622
0.314366
0.332373
0.336169
0.338061
0.342237
0.357411
0.352851
0.366114
0.358980
0.353006
0.322251
0.336230
0.353114
0.348826
0.397989
0.438829
0.465395
0.451015
0.446062
0.358161
0.300083
0.289855
0.295330
0.285306
0.289652
0.318083
0.323260
0.343911
0.363075
0.351482
0.350750
0.358795
0.363176
0.343661
0.314027
0.323840
0.350152
0.353808
0.343014
0.336372
0.323154
0.317206
0.344285
0.351586
0.373910
0.375182
0.355617
0.320595
0.270624
0.238646
0.214678
0.219114
0.218465
0.232300
0.236476
0.253073
0.267392
0.297942
0.332128
0.371428
0.385308
0.391682
0.420922
0.421404
0.392354
0.417918
0.449905
0.452760
0.418014
0.362725
0.306760
0.278724
0.283568
0.275632
0.269524
0.267805
0.285278
0.274987
0.268058
0.292594
0.295338
0.333940
0.332859
0.352125
0.342968
0.342681
0.336517
0.321779
0.300578
0.299815
0.295924
0.319244
0.352278
0.358951
0.355286
0.357376
0.341999
0.332223
0.323402
0.302608
0.293923
0.288498
0.334205
0.349331
0.331350
0.336579
0.307233
0.273197
0.258900
0.251568
0.254492
0.267262
0.262846
0.283815
0.309052
0.320888
0.317442
0.309091
0.272270
0.260256
0.265309
0.267673
0.275113
0.307762
0.287068
0.279572
0.266375
0.254323
0.262805
0.293896
0.322211
0.318640
0.281940
0.269349
0.270317
0.263162
0.264585
0.260120
0.269809
0.269855
0.284510
0.342869
0.370293
0.389665
0.392557
0.368859
0.310334
0.314451
0.293977
0.300619
0.298131
0.304360
0.317280
0.334631
0.354465
0.339084
0.333677
0.342257
0.322669
0.348441
0.370725
0.376849
0.351595
0.330001
0.291025
0.261829
0.244741
0.260232
0.270891
0.269304
0.268371
0.312067
0.358527
0.410529
0.447405
0.476974
0.482192
0.469118
0.450351
0.403356
0.350925
0.317283
0.318285
0.304185
0.275617
0.268351
0.250807
0.270360
0.271735
0.277429
0.293625
0.328473
0.370097
0.395113
0.405444
0.389754
0.369239
0.332958
0.369759
0.366292
0.359282
0.350835
0.347617
0.310771
0.305069
0.296403
0.313384
0.344861
0.361722
0.347241
0.342450
0.332851
0.375143
0.444178
0.540849
0.545519
0.554812
0.538977
0.472854
0.381882
0.326831
0.318944
0.347461
0.424593
0.466064
0.460739
0.448969
0.432602
0.349170
0.270497
0.264545
