# True Peaks (Indices)
11
12
153
154
202
203
210
211
313
314
432
433
436
437
442
443
480
481
500
501
522
523
527
528
607
608
663
664
707
708
756
757
763
764
815
816
826
827
838
839
876
877
916
917
932
933
947
948
950
951
955
956
959
960
964
965
997
998
1036
1037
1045
1046
1051
1052
1053
1064
1065
1074
1075
1082
1083
1095
1096
1113
1114
1117
1118
1119
1122
1123
1128
1129
1139
1140
1144
1145
1146
1147
1196
1197
1223
1224
1243
1244
1285
1286
1310
1311
1318
1319
1328
1329
1352
1353
1365
1366
1372
1373
1391
1392
1399
1400
1406
1407
1411
1412
1415
1416
1426
1427
1441
1442
1457
1458
1460
1461
1462
1468
1469
1491
1492
1495
1496
1497
1512
1513
1520
1521
1534
1535
1567
1568
1577
1578
1579
1580
1590
1591
1592
1593
1601
1602
1610
1611
1627
1628
1638
1639
1652
1653
1654
1663
1664
1677
1678
1679
1680
1681
1699
1700
1715
1716
1719
1720
1724
1725
1735
1736
1748
1749
1755
1756
1765
1766
1769
1770
1771
1780
1781
1795
1796
1808
1809
1820
1821
1822
1823
1825
1826
1829
1830
1831
1835
1836
1849
1850
1861
1862
1863
1876
1877
1878
1879
1888
1889
1891
1892
1903
1904
1909
1910
1927
1928
1956
1957
1959
1960
1972
1973
1992
1993
2011
2012
2013
2017
2018
2020
2021
2026
2027
2035
2036
2038
2039
2040
2041
2048
2049
2060
2061
2067
2068
2069
2072
2073
2075
2076
2078
2079
2080
2081
2093
2094
2095
2105
2106
2113
2114
2117
2118
2120
2121
2123
2124
2142
2143
2148
2149
2153
2154
2165
2166
2170
2171
2181
2182
2192
2193
2194
2195
2210
2211
2214
2215
2216
2232
2233
2236
2237
2238
2239
2240
2254
2255
2257
2258
2259
2263
2264
2289
2290
2296
2297
2299
2300
2304
2305
2307
2308
2309
2329
2330
2331
2332
2340
2341
2342
2349
2350
2351
2352
2354
2355
2367
2368
2370
2371
2376
2377
2408
2409
2410
2421
2422
2424
2425
2430
2431
2432
2433
2440
2441
2442
2443
2444
2450
2451
2452
2453
2454
2455
2465
2466
2482
2483
2485
2486
2492
2493
2498
2499
2505
2506
2513
2514
2516
2517
2526
2527
2531
2532
2536
2537
2538
2539
2546
2547
2556
2557
2564
2565
2573
2574
2577
2578
2590
2591
2596
2597
2598
2599
2600
2602
2603
2607
2608
2611
2612
2613
2614
2615
2616
2628
2629
2639
2640
2641
2642
2643
2645
2646
2661
2662
2663
2670
2671
2675
2676
2678
2679
2680
2681
2699
2700
2709
2710
2718
2719
2720
2721
2734
2735
2736
2739
2740
2741
2742
2743
2744
2747
2748
2754
2755
2756
2757
2760
2761
2762
2763
2772
2773
2774
2775
2786
2787
2788
2793
2794
2796
2797
2798
2799
2805
2806
2807
2808
2809
2810
2824
2825
2832
2833
2835
2836
2843
2844
2853
2854
2860
2861
2866
2867
2870
2871
2872
2881
2882
2883
2886
2887
2888
2889
2890
2891
2892
2897
2898
2905
2906
2912
2913
2914
2915
2919
2920
2930
2931
2937
2938
2948
2949
2951
2952
2953
2954
2955
2956
2966
2967
2968
2969
2974
2975
2976
2999
3000
3009
3010
3012
3013
3014
3019
3020
3021
3027
3028
3029
3035
3036
3037
3051
3052
3053
3057
3058
3059
3060
3066
3067
3070
3071
3080
3081
3084
3085
3086
3094
3095
3097
3098
3099
3104
3105
3112
3113
3119
3120
3121
3122
3123
3124
3125
3126
3129
3130
3131
3134
3135
3148
3149
3157
3158
3159
3160
3161
3163
3164
3178
3179
3181
3182
3184
3185
3186
3193
3194
3195
3200
3201
3206
3207
3211
3212
3213
3214
3216
3217
3218
3220
3221
3223
3224
3229
3230
3233
3234
3236
3237
3249
3250
3255
3256
3271
3272
3273
3282
3283
3284
3293
3294
3300
3301
3302
3308
3309
3311
3312
3313
3314
3316
3317
3318
3320
3321
3322
3325
3326
3330
3331
3334
3335
3338
3339
3342
3343
3349
3350
3361
3362
3363
3364
3371
3372
3377
3378
3379
3380
3382
3383
3385
3386
3387
3391
3392
3393
3398
3399
3400
3401
3405
3406
3407
3408
3409
3420
3421
3425
3426
3430
3431
3444
3445
3446
3447
3448
3449
3452
3453
3456
3457
3458
3461
3462
3473
3474
3477
3478
3479
3480
3481
3485
3486
3488
3489
3494
3495
