# Predictions (Probabilities)
0.482043
0.460109
0.463829
0.393785
0.333948
0.330952
0.293961
0.302805
0.266358
0.242467
0.236548
0.255653
0.258459
0.247325
0.258715
0.294242
0.311420
0.335674
0.369864
0.400901
0.357044
0.407442
0.439495
0.489659
0.487731
0.468804
0.432205
0.408154
0.341981
0.350502
0.352015
0.351932
0.365911
0.331207
0.355598
0.411725
0.409883
0.376242
0.324529
0.305985
0.260536
0.238742
0.249466
0.261130
0.297248
0.298975
0.300905
0.265214
0.292323
0.259068
0.275764
0.316577
0.383553
0.397049
0.391212
0.396066
0.366336
0.315709
0.335038
0.308850
0.336441
0.295749
0.292480
0.280872
0.286715
0.276953
0.266671
0.289628
0.315682
0.352443
0.355211
0.366197
0.355220
0.353576
0.331773
0.334713
0.313693
0.293696
0.273176
0.258261
0.241728
0.230382
0.223984
0.220922
0.245130
0.244895
0.250137
0.267787
0.282628
0.302889
0.313496
0.336977
0.381708
0.414672
0.425791
0.459195
0.482478
0.481088
0.459069
0.449566
0.386158
0.340172
0.334373
0.340624
0.336211
0.310050
0.304299
0.317910
0.318814
0.318877
0.318675
0.353291
0.383925
0.388949
0.390234
0.376108
0.358345
0.336918
0.347330
0.319962
0.290852
0.268474
0.270842
0.244774
0.243855
0.239575
0.239914
0.246995
0.268487
0.303429
0.328403
0.344020
0.336000
0.347057
0.320235
0.350131
0.350284
0.354974
0.350169
0.336982
0.328498
0.308800
0.287298
0.276922
0.265538
0.240112
0.235141
0.253478
0.254055
0.270236
0.257360
0.261117
0.279830
0.306586
0.293781
0.326481
0.313464
0.318217
0.356616
0.433049
0.451550
0.466310
0.432751
0.400029
0.339906
0.329680
0.314283
0.308149
0.309041
0.312438
0.307354
0.280834
0.201186
0.171621
0.189030
0.204902
0.186511
0.202397
0.165858
0.185167
0.119708
0.235242
0.148584
0.244433
0.145186
0.136029
0.097301
0.148579
0.203724
0.221074
0.189964
0.266848
0.305025
0.756705
0.979371
0.722536
0.248390
0.167605
0.141315
0.184848
0.185662
0.194289
0.172369
0.244254
0.277665
0.331488
0.307861
0.367471
0.341016
0.307768
0.232908
0.255554
0.224629
0.251867
0.198629
0.283788
0.288851
0.281767
0.313269
0.285508
0.330253
0.308129
0.270751
0.261483
0.244674
0.265683
0.284122
0.310313
0.287086
0.302813
0.302550
0.335525
0.310849
0.311610
0.290648
0.314887
0.366561
0.438136
0.456473
0.446977
0.422610
0.410132
0.338393
0.278274
0.261059
0.273865
0.261202
0.244779
0.237196
0.267724
0.285933
0.294710
0.284113
0.264093
0.212113
0.263094
0.291989
0.260621
0.239717
0.225872
0.213705
0.226351
0.260968
0.221697
0.158753
0.166479
0.080186
0.199259
0.154691
0.169920
0.211645
0.100985
0.132850
0.208516
0.186320
0.160328
0.148902
0.277070
0.267306
0.980765
0.984874
0.278062
0.203194
0.197524
0.147033
0.153314
0.117334
0.129321
0.117565
0.129487
0.119036
0.124571
0.194991
0.275610
0.241752
0.131714
0.002782
0.025365
0.088073
0.043873
0.000153
0.188873
0.064492
0.147843
0.031432
0.182111
0.035490
0.136691
0.197252
0.472859
0.818336
0.834878
0.937114
0.840069
0.997001
0.977340
0.354650
0.186897
0.089261
0.138573
0.226693
0.145895
0.119098
0.182727
0.273778
0.263309
0.202498
0.223529
0.249188
0.166091
0.179787
0.188058
0.274136
0.228412
0.261763
0.238146
0.232918
0.274890
0.311346
0.206053
0.260350
0.253243
0.249325
0.341711
0.331705
0.351801
0.313038
0.308994
0.311671
0.307158
0.328162
0.314256
0.320213
0.327977
0.317050
0.333938
0.333869
0.343105
0.338409
0.343755
0.341688
0.319527
0.322612
0.272441
0.238847
0.263403
0.286569
0.269745
0.278592
0.280395
0.251756
0.214453
0.261812
0.280138
0.267582
0.218683
0.244930
0.179084
0.193104
0.195728
0.220666
0.215366
0.256058
0.311541
0.587521
0.883499
0.901736
0.647293
0.282272
0.297478
0.284639
0.323909
0.294717
0.354681
0.293691
0.309473
0.272245
0.270504
0.278462
0.332821
0.399723
0.488747
0.455243
0.478295
0.363222
0.389033
0.313214
0.287546
0.264977
0.262371
0.280773
0.271683
0.293014
0.301424
0.285798
0.266288
0.264818
0.264166
0.249170
0.261923
0.271961
0.306197
0.331051
0.352528
0.340802
0.348535
0.286053
0.284136
0.287551
0.276961
0.288668
0.307400
0.329035
0.307053
0.328700
0.310655
0.305403
0.270354
0.273084
0.243137
0.254072
0.259638
0.265746
0.258290
0.266323
0.286320
0.298761
0.333784
0.338385
0.366093
0.357561
0.404863
0.372570
0.354027
0.315155
0.323389
0.330598
0.325578
0.308757
0.322690
0.317512
0.291003
0.280990
0.276831
0.308659
0.344904
0.342148
0.302626
0.283162
0.285417
0.269901
0.256372
0.244174
0.234465
0.242798
0.249123
0.253451
0.248787
0.264329
0.291715
0.303553
0.337783
0.383182
0.432583
0.426064
0.476016
0.416813
0.428910
0.401924
0.396460
0.351016
0.322237
0.298921
0.298969
0.293384
0.292989
0.269966
0.267286
0.263474
0.271742
0.268159
0.273931
0.292364
0.284534
0.272352
0.261259
0.267829
0.266719
0.279345
0.277449
0.294605
0.307797
0.317782
0.311207
0.322144
0.311965
0.331657
0.376476
0.429735
0.419905
0.452511
0.387298
0.364326
0.299871
0.290613
0.296051
0.307357
0.338197
0.316684
0.325714
0.308773
0.278109
0.260682
0.255370
0.256252
0.252865
0.247784
0.262216
0.267098
0.281930
0.313574
0.334299
0.357235
0.404846
0.413776
0.452915
0.498248
0.485776
0.451528
0.372782
0.329179
0.212325
0.213908
0.215219
0.229937
0.202106
0.219437
0.231257
0.282770
0.274146
0.357622
0.283086
0.390745
0.333823
0.318939
0.234861
0.201324
0.289831
0.289658
0.274835
0.270702
0.344457
0.712345
0.949481
0.769057
0.296189
0.263078
0.222779
0.262949
0.224085
0.236021
0.213555
0.284390
0.266514
0.269455
0.303196
0.322745
0.386581
0.452662
0.588733
0.743599
0.724191
0.698197
0.614449
0.456742
0.344160
0.337733
0.403066
0.346662
0.335808
0.342460
0.374730
0.460224
0.447145
0.467992
0.444490
0.434372
0.390039
0.376092
0.398124
0.397907
0.388828
0.358682
0.351970
0.330708
0.321108
0.285577
0.283980
0.265697
0.255168
0.243871
0.255262
0.272628
0.271470
0.281222
0.277089
0.277860
0.281088
0.284494
0.283424
0.272270
0.306496
0.343806
0.350986
0.383455
0.385323
0.381067
0.372911
0.444691
0.536167
0.559397
0.513179
0.557212
0.566208
0.484740
0.531493
0.827417
0.857615
0.844444
0.772834
0.582286
0.496203
0.439584
0.358554
0.386084
0.355424
0.351498
0.327597
0.321206
0.332544
0.348654
0.346429
0.366224
0.383279
0.399257
0.391874
0.415051
0.437315
0.437300
0.441111
0.455187
0.460566
0.460748
0.412015
0.379130
0.353838
0.347714
0.335685
0.326184
0.341607
0.341155
0.343019
0.338308
0.305735
0.320400
0.288486
0.274725
0.264619
0.256744
0.257488
0.259845
0.276356
0.262773
0.284599
0.285311
0.287388
0.288577
0.295422
0.306453
0.348427
0.378305
0.387873
0.379785
0.339711
0.338319
0.342653
0.398553
0.457671
0.517756
0.448471
0.415487
0.353987
0.269907
0.253717
0.256203
0.281056
0.254982
0.256075
0.269800
0.300372
0.335991
0.329939
0.301596
0.307372
0.314347
0.322097
0.305129
0.295815
0.314220
0.321744
0.326827
0.340591
0.336965
0.360509
0.341933
0.261480
0.272548
0.244487
0.231054
0.228135
0.239151
0.211700
0.212676
0.240636
0.262086
0.305426
0.298978
0.344037
0.330071
0.310402
0.236518
0.241338
0.173247
0.180052
0.222706
0.246483
0.238676
0.220818
0.312740
0.689999
0.958474
0.893088
0.361199
0.239938
0.217189
0.213747
0.232244
0.247975
0.260206
0.264323
0.275401
0.283421
0.248779
0.248678
0.242127
0.213060
0.262140
0.308922
0.270951
0.247855
0.205665
0.184184
0.217993
0.216662
0.260383
0.210491
0.212073
0.087876
0.170720
0.222671
0.161961
0.161084
0.138092
0.149961
0.264130
0.284464
0.249420
0.214167
0.326751
0.314730
0.974874
0.987086
0.386045
0.265182
0.249863
0.198643
0.243198
0.213319
0.235111
0.197069
0.260457
0.360199
0.296641
0.257338
0.285457
0.273095
0.210813
0.211817
0.258666
0.246583
0.208156
0.244648
0.127962
0.199762
0.207867
0.251566
0.189312
0.250778
0.247332
0.609283
0.955148
0.872888
0.354885
0.254563
0.227864
0.224747
0.208460
0.157067
0.175540
0.200608
0.236728
0.275969
0.270356
0.324045
0.361685
0.315767
0.313895
0.315542
0.298531
0.256908
0.245277
0.249684
0.257550
0.199128
0.222325
0.207503
0.252612
0.308780
0.310203
0.320707
0.314791
0.286865
0.258097
0.269473
0.281720
0.274318
0.276427
0.298810
0.315097
0.339063
0.411574
0.410478
0.429159
0.397499
0.346149
0.279612
0.279958
0.307886
0.335935
0.340977
0.340269
0.321162
0.300824
0.238854
0.223654
0.207374
0.214844
0.226656
0.230611
0.221772
0.239978
0.260817
0.299898
0.307672
0.347487
0.351988
0.362012
0.370681
0.357512
0.320661
0.306732
0.321883
0.327186
0.329069
0.339084
0.313853
0.317583
0.294924
0.295755
0.318133
0.296045
0.302898
0.308902
0.279974
0.285019
0.286324
0.291932
0.296132
0.330358
0.342461
0.357480
0.298180
0.202287
0.176682
0.224904
0.203615
0.217303
0.193510
0.188403
0.249238
0.264450
0.133420
0.009407
0.065084
0.158674
0.040809
0.012991
0.043490
0.215241
0.117551
0.151094
0.214859
0.266266
0.280085
0.275379
0.324847
0.411253
0.954528
0.986241
0.858177
0.884195
0.280074
0.293373
0.288856
0.338929
0.314494
0.340272
0.258323
0.250375
0.328188
0.578709
0.786084
0.787422
0.631506
0.380882
0.343445
0.340452
0.351279
0.348639
0.355374
0.289332
0.361057
0.416258
0.320628
0.241826
0.356574
0.392189
0.429342
0.543711
0.505391
0.493929
0.438762
0.432731
0.386905
0.359563
0.368853
0.353054
0.363000
0.383037
0.531739
0.673329
0.796801
0.745663
0.594123
0.375929
0.353368
0.347211
0.341475
0.312128
0.312003
0.369101
0.376880
0.317811
0.313959
0.331572
0.366280
0.348862
0.324875
0.376060
0.369353
0.691794
0.908734
0.694519
0.364542
0.351734
0.335204
0.356868
0.392966
0.373705
0.433950
0.594920
0.774761
0.804406
0.606994
0.404265
0.306266
0.338906
0.317849
0.332096
0.320495
0.332447
0.328085
0.421174
0.450853
0.506667
0.455999
0.385176
0.329748
0.324852
0.322641
0.372585
0.323500
0.360463
0.385148
0.415205
0.403056
0.389273
0.396325
0.363912
0.325649
0.298220
0.272782
0.256398
0.299570
0.332942
0.353968
0.350275
0.352209
0.339306
0.327264
0.319110
0.307531
0.357692
0.395520
0.477709
0.628117
0.600564
0.672000
0.617947
0.478163
0.443951
0.685860
0.844551
0.835592
0.769060
0.490056
0.361751
0.299768
0.307384
0.326992
0.340448
0.330362
0.339319
0.343664
0.347163
0.329226
0.372385
0.369811
0.346434
0.320964
0.374301
0.389447
0.396375
0.429478
0.515556
0.475436
0.492713
0.426639
0.402281
0.432351
0.400952
0.321147
0.218577
0.231658
0.247295
0.271575
0.321346
0.303751
0.281534
0.554504
0.525548
0.398179
0.179863
0.349236
0.206052
0.161903
0.044699
0.167295
0.182632
0.205175
0.142824
0.175997
0.139694
0.127536
0.098523
0.296799
0.852459
0.953106
0.858773
0.475459
0.761937
0.963200
0.921933
0.355764
0.349016
0.316764
0.444093
0.281474
0.326475
0.634569
0.789765
0.793113
0.436349
0.365076
0.516721
0.826423
0.946430
0.631500
0.277363
0.196714
0.270174
0.345923
0.330488
0.243971
0.344384
0.350625
0.320847
0.343596
0.366327
0.398081
0.360873
0.351427
0.400477
0.421601
0.463115
0.406505
0.413374
0.451333
0.407799
0.372721
0.352215
0.341595
0.324221
0.258999
0.247621
0.283424
0.288114
0.278586
0.293002
0.311134
0.310564
0.375055
0.504156
0.801527
0.845467
0.517577
0.432370
0.339727
0.371607
0.303133
0.329301
0.336099
0.349640
0.301028
0.315938
0.336189
0.899460
0.914909
0.472945
0.308573
0.340560
0.273822
0.411106
0.423865
0.426335
0.289234
0.350870
0.321712
0.322388
0.268494
0.287631
0.191427
0.231212
0.196983
0.201616
0.156805
0.251133
0.185622
0.198545
0.179406
0.220925
0.255499
0.294442
0.350802
0.369582
0.364779
0.402745
0.407451
0.414435
0.407314
0.352881
0.338182
0.294265
0.280890
0.273276
0.271583
0.258949
0.256296
0.266577
0.263768
0.290199
0.306722
0.295194
0.293643
0.286897
0.278696
0.281162
0.347914
0.385913
0.401362
0.409879
0.381186
0.350642
0.388635
0.416274
0.353134
0.354358
0.337040
0.334397
0.364826
0.452961
0.546503
0.681810
0.606425
0.505738
0.421995
0.329601
0.273571
0.303693
0.328667
0.314811
0.264398
0.264041
0.329288
0.427891
0.407638
0.414339
0.369970
0.387146
0.315617
0.351595
0.320805
0.361813
0.359349
0.391968
0.325261
0.460966
0.581011
0.679735
0.706243
0.543281
0.492533
0.721146
0.875488
0.743315
0.658016
0.421962
0.391389
0.561756
0.669153
0.824467
0.666022
0.486696
0.340944
0.335934
0.332497
0.343015
0.317064
0.308500
0.277513
0.310330
0.352428
0.318959
0.428269
0.548434
0.841359
0.799845
0.588794
0.427989
0.350182
0.359264
0.362043
0.379895
0.374947
0.420275
0.420670
0.435741
0.466596
0.516921
0.483265
0.482410
0.460045
0.446758
0.435229
0.454521
0.404589
0.446346
0.490912
0.672756
0.782000
0.817937
0.705769
0.583278
0.495270
0.381412
0.353134
0.359547
0.366665
0.369599
0.366128
0.374423
0.398266
0.429491
0.453028
0.409266
0.386502
0.383238
0.378281
0.400161
0.383243
0.394972
0.427303
0.445942
0.501834
0.602473
0.538522
0.521804
0.433638
0.382445
0.290870
0.295514
0.290739
0.324675
0.350855
0.415527
0.685993
0.817844
0.832368
0.636637
0.460823
0.410029
0.376484
0.362306
0.359016
0.349833
0.361782
0.386424
0.380911
0.403050
0.434679
0.425211
0.362679
0.342806
0.382555
0.382669
0.366655
0.395023
0.422427
0.715900
0.901368
0.845704
0.667251
0.581983
0.592578
0.621795
0.504979
0.363467
0.342651
0.345813
0.364123
0.369231
0.346800
0.317552
0.332535
0.372241
0.468478
0.531971
0.534216
0.494439
0.497258
0.412580
0.389010
0.356785
0.373052
0.373967
0.416386
0.433015
0.412425
0.373522
0.311714
0.374299
0.352068
0.367738
0.341751
0.415929
0.409662
0.482915
0.354222
0.427315
0.712508
0.833594
0.851174
0.698898
0.458012
0.380341
0.333534
0.352484
0.348494
0.351739
0.372207
0.443333
0.388856
0.372298
0.345209
0.362333
0.378141
0.356065
0.335918
0.354852
0.384038
0.378010
0.361057
0.405002
0.681524
0.750579
0.865633
0.762754
0.577758
0.428351
0.396228
0.367108
0.383109
0.360103
0.381605
0.383992
0.467920
0.474588
0.591193
0.593131
0.547674
0.443015
0.416736
0.342504
0.349942
0.349954
0.337402
0.337875
0.331128
0.329327
0.363183
0.391467
0.341693
0.324036
0.329286
0.304164
0.350810
0.258104
0.358189
0.318192
0.334519
0.267558
0.325579
0.476083
0.808828
0.904954
0.719345
0.354084
0.310896
0.311200
0.309458
0.320342
0.316141
0.324100
0.301980
0.288866
0.307363
0.314417
0.349505
0.317085
0.377511
0.371854
0.394344
0.391177
0.407383
0.419756
0.419616
0.400198
0.357412
0.317673
0.342145
0.363310
0.342267
0.346363
0.355407
0.633476
0.883327
0.904845
0.746661
0.699079
0.832941
0.760441
0.581716
0.413527
0.356232
0.399109
0.369761
0.414139
0.631697
0.700486
0.687800
0.608906
0.411856
0.367939
0.318920
0.332482
0.348458
0.342378
0.336018
0.297797
0.329856
0.323622
0.403476
0.384025
0.411275
0.459320
0.505644
0.464587
0.539136
0.451593
0.354609
0.333360
0.291183
0.300877
0.301208
0.290922
0.274433
0.283878
0.219936
0.239149
0.252903
0.314238
0.289730
0.284930
0.259025
0.309484
0.332361
0.328296
0.304414
0.336343
0.477606
0.946731
0.894884
0.496885
0.355501
0.325940
0.307339
0.313341
0.265411
0.277221
0.273086
0.300415
0.285766
0.298990
0.392115
0.379572
0.339765
0.365431
0.332134
0.310955
0.340259
0.367371
0.428387
0.422087
0.414116
0.403667
0.391752
0.357770
0.286416
0.244427
0.309245
0.344796
0.334750
0.286285
0.381082
0.489785
0.920562
0.894195
0.695968
0.396957
0.299606
0.278721
0.321027
0.319859
0.316622
0.346711
0.498063
0.538671
0.506509
0.455911
0.511355
0.422840
0.324184
0.272459
0.281449
0.300903
0.301973
0.255245
0.273212
0.244043
0.276558
0.288752
0.300333
0.340175
0.322480
0.312866
0.346174
0.333738
0.336877
0.336153
0.288809
0.307128
0.325914
0.276521
0.272995
0.279294
0.341514
0.773167
0.956215
0.820833
0.546797
0.623772
0.596660
0.437100
0.310357
0.316951
0.335546
0.319024
0.312017
0.380248
0.479434
0.536652
0.493455
0.517472
0.463701
0.455231
0.481289
0.454760
0.399007
0.350875
0.343816
0.343215
0.303446
0.359481
0.492283
0.757815
0.843144
0.803810
0.514074
0.335505
0.335021
0.330717
0.308783
0.309605
0.361822
0.355228
0.355781
0.360928
0.327569
0.332960
0.337738
0.359072
0.370192
0.372908
0.316446
0.386880
0.283379
0.378962
0.329507
0.329644
0.242317
0.302776
0.313696
0.242968
0.268967
0.278375
0.362224
0.905467
0.933814
0.645977
0.591235
0.798944
0.843765
0.782814
0.555237
0.380241
0.322496
0.272413
0.347839
0.291030
0.257286
0.283897
0.330052
0.303214
0.294372
0.335843
0.337665
0.385870
0.419866
0.407049
0.423204
0.375584
0.360591
0.305028
0.302066
0.318457
0.339783
0.329195
0.337245
0.428811
0.760555
0.900274
0.790269
0.436722
0.359488
0.348632
0.388136
0.401616
0.382376
0.353239
0.352043
0.350598
0.354663
0.356018
0.405410
0.434086
0.435688
0.434281
0.476217
0.433730
0.411345
0.400381
0.373458
0.337036
0.337198
0.395430
0.377097
0.404773
0.360778
0.571362
0.778701
0.855485
0.736022
0.484899
0.475244
0.446767
0.429968
0.421900
0.490734
0.739346
0.783457
0.726905
0.590830
0.556446
0.482727
0.453725
0.492679
0.609034
0.620271
0.722708
0.694102
0.671355
0.591195
0.469794
0.378032
0.379494
0.330679
0.335616
0.359954
0.366257
0.390040
0.397446
0.562913
0.800168
0.853107
0.650290
0.536562
0.421461
0.362980
0.375378
0.387630
0.386383
0.395806
0.415207
0.415056
0.426483
0.401832
0.417493
0.519854
0.800977
0.861763
0.655987
0.499864
0.438065
0.451932
0.535673
0.605645
0.832542
0.840027
0.688318
0.603426
0.411201
0.396174
0.359978
0.388684
0.359880
0.367157
0.355056
0.380771
0.407780
0.489075
0.612595
0.610931
0.496539
0.455013
0.441111
0.446707
0.413111
0.420238
0.379263
0.395402
0.403285
0.400456
0.424527
0.514144
0.756268
0.812077
0.759556
0.661102
0.512794
0.489070
0.465657
0.445967
0.444471
0.413494
0.486131
0.493162
0.506323
0.473617
0.455562
0.371966
0.412025
0.396269
0.486250
0.473130
0.495796
0.433987
0.559158
0.521668
0.718525
0.843413
0.789927
0.628089
0.517550
0.445032
0.371822
0.361736
0.363578
0.338413
0.357334
0.382449
0.392346
0.403678
0.392273
0.475963
0.653679
0.858706
0.826781
0.544525
0.518521
0.386633
0.409316
0.445211
0.600032
0.833619
0.817399
0.697298
0.535892
0.525213
0.492562
0.505046
0.468889
0.465394
0.499060
0.525486
0.443006
0.400283
0.363963
0.389219
0.370074
0.384683
0.586748
0.720595
0.838149
0.802624
0.535150
0.387368
0.349525
0.343380
0.340034
0.294281
0.306605
0.301842
0.338030
0.310807
0.320877
0.337693
0.362669
0.341424
0.339303
0.350751
0.365714
0.347083
0.331368
0.349407
0.357970
0.397204
0.373507
0.399098
0.471155
0.477918
0.472107
0.452407
0.405337
0.339122
0.298833
0.289713
0.286694
0.304784
0.314415
0.322796
0.331168
0.343622
0.372721
0.441135
0.492885
0.561612
0.562148
0.505808
0.433036
0.393002
0.376460
0.347680
0.349037
0.282090
0.274247
0.271611
0.292217
0.287545
0.289533
0.327479
0.378332
0.343214
0.362031
0.398455
0.631921
0.904090
0.818241
0.550067
0.439635
0.384460
0.374911
0.400513
0.417545
0.591019
0.668943
0.885898
0.774510
0.561236
0.361235
0.306784
0.303901
0.269316
0.294838
0.306355
0.349835
0.368404
0.349396
0.351060
0.377472
0.381562
0.354554
0.370211
0.382842
0.390125
0.334723
0.379075
0.382174
0.419398
0.409461
0.505504
0.730385
0.764792
0.700220
0.679143
0.594435
0.474401
0.391451
0.416411
0.421231
0.459798
0.429439
0.394194
0.375828
0.378177
0.344087
0.363414
0.380954
0.397568
0.427353
0.595679
0.657319
0.677727
0.581453
0.573925
0.413389
0.375412
0.363798
0.369999
0.382745
0.385685
0.430441
0.426376
0.455324
0.434373
0.393550
0.377926
0.360796
0.383535
0.333674
0.355546
0.374005
0.334981
0.333222
0.336868
0.370571
0.321660
0.525041
0.809501
0.832556
0.612779
0.430860
0.557382
0.846609
0.823294
0.616239
0.496400
0.468729
0.415587
0.388116
0.426966
0.420670
0.341534
0.324346
0.358809
0.392054
0.354897
0.331481
0.377073
0.373447
0.404908
0.367398
0.474856
0.723492
0.836936
0.763951
0.566059
0.516980
0.431584
0.418188
0.451907
0.490966
0.798852
0.814937
0.704731
0.709558
0.697062
0.661432
0.579850
0.537526
0.605806
0.691065
0.719101
0.648884
0.539676
0.471485
0.384974
0.384908
0.388617
0.379752
0.361472
0.410022
0.466589
0.758415
0.841651
0.729677
0.650433
0.463219
0.534194
0.732570
0.788216
0.702196
0.626453
0.486120
0.356933
0.366526
0.342112
0.394521
0.386934
0.332406
0.328326
0.342126
0.362889
0.370996
0.420669
0.427404
0.415795
0.400203
0.373112
0.419933
0.369661
0.411910
0.390196
0.502959
0.424840
0.842793
0.909824
0.639516
0.506874
0.339486
0.387686
0.350072
0.542727
0.461018
0.438205
0.396514
0.425234
0.343580
0.334833
0.332385
0.316641
0.388081
0.365656
0.360552
0.266628
0.363432
0.373735
0.302732
0.270978
0.330673
0.548541
0.867266
0.885617
0.761672
0.716726
0.799836
0.650525
0.541314
0.418292
0.371574
0.392003
0.403186
0.414396
0.397463
0.394709
0.417576
0.404886
0.395874
0.394101
0.391530
0.407510
0.448628
0.470474
0.451437
0.486466
0.471107
0.581563
0.710547
0.706670
0.658893
0.531972
0.426385
0.380191
0.390209
0.403535
0.394293
0.399303
0.429937
0.535853
0.717909
0.765914
0.726294
0.626676
0.519370
0.504249
0.462899
0.445321
0.409330
0.470274
0.413355
0.423040
0.496602
0.783004
0.859541
0.683824
0.447042
0.384458
0.367952
0.382977
0.392545
0.382563
0.384798
0.391734
0.397311
0.466691
0.475851
0.491079
0.434282
0.394108
0.380549
0.401464
0.419893
0.528593
0.733993
0.798912
0.735885
0.613028
0.515269
0.383871
0.352406
0.385678
0.391724
0.417685
0.399303
0.419774
0.438290
0.484549
0.468081
0.463467
0.475109
0.498516
0.515837
0.506711
0.469432
0.475524
0.471154
0.465238
0.429589
0.479648
0.465202
0.422808
0.409139
0.542021
0.658075
0.857293
0.790731
0.689000
0.697845
0.716115
0.666882
0.552697
0.490576
0.392463
0.350425
0.367308
0.351009
0.364670
0.349767
0.406496
0.375535
0.391015
0.410458
0.416039
0.493715
0.707603
0.911068
0.870685
0.622045
0.425131
0.478532
0.476194
0.544960
0.470625
0.425547
0.408802
0.464305
0.448704
0.391237
0.346288
0.359899
0.316381
0.336692
0.363677
0.382681
0.382200
0.398421
0.402868
0.359002
0.312991
0.319697
0.305001
0.273714
0.296271
0.312342
0.323109
0.295833
0.291237
0.259515
0.268300
0.272965
0.274201
0.291118
0.324364
0.337548
0.334496
0.300562
0.276379
0.282929
0.281755
0.290289
0.299902
0.297232
0.419909
0.440870
0.525943
0.475785
0.459200
0.398791
0.438472
0.361304
0.394838
0.386156
0.431664
0.338114
0.377819
0.370126
0.334808
0.303702
0.363296
0.342110
0.522239
0.888868
0.900262
0.669138
0.547152
0.466934
0.356889
0.351934
0.334143
0.327462
0.367335
0.408761
0.381585
0.365433
0.495515
0.648814
0.877891
0.890910
0.658203
0.490110
0.493049
0.491933
0.406106
0.382927
0.373604
0.370952
0.390501
0.368607
0.380709
0.411244
0.458420
0.591872
0.675856
0.753033
0.724453
0.598690
0.608853
0.742874
0.783589
0.644198
0.536103
0.404659
0.389507
0.377840
0.382022
0.411733
0.441630
0.452909
0.456174
0.408144
0.427307
0.392931
0.442327
0.616707
0.868659
0.846880
0.581450
0.499887
0.456091
0.387218
0.433067
0.489507
0.548929
0.467616
0.593490
0.772885
0.790973
0.718980
0.528790
0.425565
0.385160
0.399124
0.432709
0.405227
0.463667
0.555261
0.650555
0.820093
0.882696
0.773232
0.630267
0.610888
0.481625
0.430385
0.406481
0.389672
0.399271
0.394208
0.399716
0.394986
0.387129
0.388100
0.414277
0.435716
0.446381
0.454414
0.452351
0.410261
0.396017
0.377680
0.384682
0.436625
0.527532
0.507783
0.478168
0.457152
0.437937
0.406000
0.425078
0.474546
0.753872
0.894348
0.794690
0.691387
0.715662
0.830320
0.751145
0.565287
0.457254
0.407463
0.456608
0.431066
0.427516
0.473712
0.468223
0.483168
0.470006
0.407498
0.360910
0.357887
0.377827
0.385348
0.391603
0.421793
0.446864
0.616153
0.745767
0.741694
0.582494
0.434943
0.392543
0.528609
0.559001
0.760771
0.774966
0.609132
0.564895
0.463569
0.650544
0.705352
0.774560
0.734944
0.544422
0.470204
0.370894
0.429602
0.457608
0.569840
0.473715
0.526033
0.442669
0.417174
0.404880
0.395746
0.362380
0.376490
0.339463
0.383169
0.416189
0.469199
0.664656
0.720818
0.715071
0.640902
0.500258
0.410766
0.415549
0.400775
0.430013
0.430650
0.558444
0.604577
0.702199
0.709311
0.663559
0.601246
0.525248
0.485979
0.468207
0.391873
0.387901
0.388454
0.365998
0.363988
0.406601
0.418490
0.401161
0.406579
0.416768
0.403188
0.424647
0.440247
0.436040
0.460080
0.529532
0.588846
0.651118
0.649242
0.619105
0.653243
0.660616
0.706879
0.836581
0.848471
0.801372
0.644886
0.515018
0.496512
0.488352
0.434544
0.550925
0.464115
0.419443
0.452608
0.469899
0.492494
0.450134
0.454837
0.439259
0.490005
0.470240
0.560561
0.568075
0.566154
0.614747
0.639074
0.628269
0.765717
0.851841
0.806881
0.719095
0.585074
0.584282
0.533688
0.466187
0.457706
0.438233
0.448055
0.471680
0.489282
0.527975
0.566134
0.745480
0.834491
0.814262
0.690643
0.572602
0.429856
0.416833
0.387892
0.380279
0.377761
0.387179
0.433285
0.432402
0.426088
0.444264
0.444726
0.433952
0.433257
0.428392
0.401181
0.462739
0.532739
0.560861
0.694721
0.901132
0.864016
0.642162
0.470576
0.424887
0.399974
0.396097
0.364414
0.344885
0.374021
0.363568
0.344296
0.381343
0.405049
0.411256
0.404252
0.366371
0.375196
0.396802
0.409283
0.499676
0.667939
0.819933
0.749175
0.541263
0.499895
0.490725
0.471575
0.459895
0.501140
0.527948
0.685406
0.823783
0.758136
0.675387
0.577593
0.433699
0.482210
0.532314
0.665487
0.626766
0.609999
0.578368
0.436177
0.397155
0.415048
0.430170
0.414499
0.439168
0.492339
0.584813
0.682560
0.602410
0.587685
0.584495
0.481159
0.443429
0.398310
0.403663
0.389134
0.384555
0.402256
0.431614
0.523669
0.760051
0.867940
0.776085
0.633439
0.621996
0.513157
0.427295
0.408041
0.416086
0.419773
0.439457
0.490495
0.560999
0.609985
0.621661
0.618125
0.535120
0.556519
0.564961
0.509075
0.478199
0.483405
0.460960
0.442844
0.465825
0.445949
0.484735
0.479582
0.589743
0.755042
0.799011
0.719395
0.573403
0.501269
0.427293
0.427911
0.426187
0.425419
0.405946
0.400313
0.398031
0.424910
0.471129
0.536256
0.650211
0.799047
0.816394
0.693222
0.654716
0.607380
0.508706
0.440951
0.418802
0.543192
0.562765
0.582847
0.527524
0.432638
0.413770
0.435309
0.417312
0.421127
0.438666
0.468966
0.481095
0.487486
0.485624
0.555333
0.788766
0.874222
0.746723
0.575126
0.534179
0.498598
0.475131
0.573096
0.683932
0.879228
0.821918
0.687403
0.685953
0.758517
0.819000
0.818093
0.695698
0.579780
0.520676
0.465637
0.441724
0.561396
0.563411
0.561813
0.549568
0.456734
0.358892
0.373041
0.398259
0.416028
0.423325
0.427931
0.415492
0.392945
0.371731
0.383472
0.356656
0.389858
0.391897
0.358732
0.326034
0.331216
0.322205
0.298513
0.293473
0.291302
0.306395
0.305304
0.311804
0.326228
0.363082
0.356838
0.356430
0.375568
0.360409
0.344844
0.300045
0.298007
0.271962
0.283898
0.255126
0.275245
0.298087
0.293842
0.328001
0.364080
0.344149
0.424164
0.449221
0.431891
0.405896
0.390343
0.380159
0.363762
0.341037
0.344914
0.381486
0.463047
0.468253
0.525903
0.728091
0.852772
0.781461
0.571664
0.505206
0.442873
0.433432
0.484628
0.664154
0.807906
0.747054
0.628087
0.586812
0.499888
0.478443
0.504696
0.496264
0.586022
0.728719
0.778562
0.750035
0.636438
0.484703
0.420031
0.379178
0.417378
0.409321
0.413905
0.414387
0.482668
0.699055
0.820726
0.731642
0.584591
0.496818
0.416941
0.436164
0.458099
0.483342
0.533218
0.591726
0.837699
0.765398
0.719033
0.593762
0.543296
0.516445
0.698026
0.785660
0.775697
0.637921
0.577212
0.430355
0.403638
0.386127
0.408100
0.410955
0.436056
0.438392
0.583698
0.790055
0.821607
0.752620
0.588036
0.509602
0.481675
0.489823
0.438681
0.427048
0.407486
0.453147
0.454343
0.461371
0.613080
0.766012
0.802355
0.738796
0.491433
0.463690
0.474040
0.477050
0.466742
0.442256
0.496852
0.563529
0.666066
0.794785
0.817028
0.797761
0.669227
0.671321
0.685247
0.731429
0.765062
0.804411
0.703606
0.641500
0.544948
0.428909
0.421263
0.407039
0.407458
0.407599
0.418079
0.428354
0.456723
0.461926
0.591611
0.809868
0.898335
0.808670
0.644963
0.559332
0.536138
0.474858
0.526721
0.701777
0.811246
0.696580
0.604714
0.520876
0.440859
0.439053
0.434085
0.416775
0.466733
0.575275
0.617255
0.618756
0.584211
0.486664
0.450768
0.406169
0.415280
0.398742
0.406703
0.415623
0.442709
0.535923
0.660869
0.765307
0.688164
0.570159
0.499219
0.518146
0.586475
0.725389
0.789499
0.762427
0.622767
0.560080
0.533921
0.507122
0.499921
0.553708
0.532207
0.493899
0.448571
0.468764
0.472622
0.482093
0.501069
0.591346
0.737197
0.775288
0.672133
0.569799
0.473004
0.415897
0.417209
0.406307
0.416948
0.409223
0.405761
0.455863
0.579996
0.729957
0.707185
0.681418
0.609461
0.553434
0.568025
0.635673
0.690377
0.779515
0.698411
0.544463
0.445426
0.441559
0.460712
0.446679
0.418842
0.531007
0.777020
0.873668
0.750673
0.539945
0.478515
0.409996
0.413028
0.403209
0.461277
0.484491
0.534532
0.596838
0.564301
0.604656
0.550775
0.474127
0.402762
0.385326
0.382366
0.387253
0.379700
0.387420
0.394778
0.420747
0.413163
0.403205
0.351397
0.353372
0.303562
0.298982
0.282202
0.278729
0.249802
0.245891
0.260669
0.255500
0.243590
0.239519
0.272068
0.290919
0.328553
0.384951
0.424415
0.446262
0.478195
0.519676
0.487505
0.458541
0.440814
0.440014
0.416256
0.386891
0.367158
0.361938
0.342495
0.327505
0.319130
0.355802
0.421968
0.426108
0.426031
0.413319
0.394137
0.361780
0.369643
0.375436
0.354720
0.328497
0.347139
0.379637
0.383609
0.440691
0.649778
0.697264
0.728404
0.650009
0.552361
0.451682
0.435999
0.428176
0.428349
0.422939
0.460670
0.446842
0.480772
0.552135
0.577821
0.657423
0.735807
0.707886
0.635478
0.559094
0.443169
0.417647
0.398234
0.406393
0.439001
0.453483
0.491353
0.615351
0.672938
0.643521
0.553250
0.466760
0.417365
0.424676
0.420162
0.422749
0.441849
0.535443
0.668271
0.889312
0.845866
0.765670
0.780004
0.815494
0.740856
0.619646
0.562778
0.612718
0.573679
0.516965
0.449170
0.415257
0.439300
0.425084
0.419696
0.436420
0.476276
0.514849
0.483632
0.538513
0.607590
0.609209
0.532699
0.530887
0.449345
0.398981
0.393105
0.392322
0.384567
0.378724
0.351378
0.385126
0.462580
0.517317
0.658215
0.781861
0.811576
0.724858
0.575204
0.436856
0.409728
0.417958
0.447101
0.474151
0.512889
0.587164
0.646716
0.772397
0.782259
0.713837
0.676718
0.577898
0.438609
0.404033
0.387926
0.383748
0.376240
0.406183
0.437789
0.450882
0.473792
0.485490
0.475918
0.442102
0.438976
0.460411
0.519522
0.577940
0.551482
0.661239
0.724184
0.661987
0.526505
0.462247
0.425663
0.459083
0.452725
0.489604
0.527403
0.708076
0.826946
0.783026
0.640813
0.551732
0.539229
0.473305
0.439810
0.415291
0.510726
0.517473
0.527599
0.555418
0.588148
0.682510
0.777483
0.847767
0.784031
0.643921
0.566391
0.507244
0.527873
0.475792
0.431594
0.471525
0.527248
0.489214
0.416638
0.425799
0.584570
0.640189
0.820141
0.911913
0.848408
0.634038
0.545726
0.554033
0.421939
0.434904
0.434507
0.465307
0.697660
0.786921
0.758072
0.699401
0.566965
0.486392
0.432071
0.403170
0.410275
0.412904
0.491662
0.595616
0.681288
0.669943
0.586960
0.603626
0.534474
0.502342
0.441403
0.423168
0.405180
0.395953
0.399712
0.419325
0.491057
0.517050
0.471998
0.395857
0.406061
0.387914
0.357173
0.315623
0.346195
0.387813
0.469251
0.560966
0.632115
0.611597
0.493994
0.544334
0.586788
0.705775
0.688486
0.628257
0.502195
0.420811
0.379893
0.390652
0.421386
0.431129
0.474239
0.528603
0.481648
0.662911
0.781216
0.840694
0.696371
0.541877
0.465305
0.369015
0.381984
0.386289
0.381083
0.375320
0.392520
0.451793
0.473881
0.468195
0.454115
0.422112
0.404508
0.398911
0.417483
0.461910
0.580757
0.707553
0.752795
0.678953
0.568292
0.495459
0.508010
0.534803
0.638399
0.711905
0.725566
0.615832
0.567227
0.448519
0.418564
0.412085
0.413501
0.421426
0.439018
0.460294
0.464229
0.470128
0.497537
0.491566
0.444989
0.463658
0.478660
0.578555
0.605055
0.659397
0.790349
0.776216
0.712891
0.583836
0.505561
0.450802
0.436475
0.452834
0.461402
0.521871
0.648890
0.813144
0.832446
0.734583
0.697645
0.768710
0.754684
0.624231
0.537226
0.441082
0.432691
0.433194
0.444994
0.547182
0.645303
0.734658
0.696709
0.614423
0.598441
0.545529
0.506839
0.525185
0.649003
0.619945
0.568273
0.502478
0.467184
0.489068
0.492111
0.494606
0.492387
0.458348
0.465492
0.488790
0.501227
0.455008
0.476285
0.438405
0.417375
0.412188
0.385762
0.390352
0.446496
0.366324
0.407078
0.484693
0.640440
0.840102
0.885242
0.697519
0.587892
0.587428
0.524072
0.534037
0.460554
0.455834
0.483497
0.510261
0.532557
0.568893
0.537154
0.531697
0.459482
0.428547
0.418265
0.395901
0.436959
0.477485
0.448108
0.432500
0.466143
0.767625
0.866415
0.853287
0.646794
0.523432
0.451578
0.417197
0.368621
0.377084
0.377040
0.378205
0.380885
0.386531
0.356964
