# Predictions (Probabilities)
0.259153
0.206708
0.247003
0.254041
0.252289
0.235989
0.270988
0.311348
0.566142
0.888400
0.924036
0.562176
0.216529
0.252626
0.219101
0.275187
0.213978
0.272012
0.213254
0.268715
0.214176
0.245667
0.225911
0.319587
0.267683
0.296603
0.285929
0.272228
0.165799
0.270975
0.221122
0.249901
0.210388
0.218156
0.244478
0.295386
0.305507
0.300989
0.277591
0.272160
0.277505
0.281810
0.282390
0.289581
0.312820
0.309051
0.323064
0.307031
0.299505
0.300156
0.309925
0.317302
0.348476
0.410231
0.441373
0.431292
0.408901
0.333202
0.264391
0.266432
0.270995
0.279961
0.265107
0.266179
0.265934
0.283737
0.337963
0.369493
0.375296
0.363131
0.342229
0.310470
0.289997
0.291780
0.298568
0.294403
0.283695
0.272374
0.277200
0.273127
0.264548
0.258178
0.257906
0.258063
0.262049
0.264631
0.265490
0.262224
0.270165
0.268088
0.265510
0.268996
0.273722
0.274864
0.282980
0.283040
0.291424
0.292028
0.286741
0.294277
0.326481
0.313992
0.310076
0.321017
0.332828
0.317222
0.277246
0.302536
0.323945
0.354848
0.367269
0.261079
0.330261
0.044903
0.297529
0.256923
0.232434
0.208907
0.159031
0.148691
0.204382
0.204047
0.181967
0.211955
0.289635
0.433682
0.911995
0.951301
0.620437
0.242750
0.210194
0.190231
0.259954
0.195244
0.213023
0.210422
0.321506
0.275765
0.313125
0.332729
0.368083
0.290636
0.303523
0.253577
0.248963
0.204965
0.251596
0.229347
0.226090
0.213069
0.224005
0.277787
0.310212
0.353924
0.345653
0.290641
0.261991
0.247411
0.254525
0.256079
0.267211
0.267379
0.269072
0.270033
0.281047
0.286033
0.292578
0.312861
0.325513
0.318019
0.315846
0.312452
0.309595
0.305262
0.294853
0.292404
0.286371
0.303708
0.323485
0.328586
0.319881
0.293859
0.266294
0.241200
0.235412
0.234882
0.249048
0.250452
0.254242
0.251419
0.281524
0.320052
0.360843
0.390305
0.409341
0.458915
0.484679
0.472839
0.445753
0.431753
0.403434
0.389842
0.368927
0.352158
0.321440
0.354589
0.374974
0.371744
0.340246
0.288194
0.263864
0.235946
0.241833
0.240743
0.244255
0.227998
0.233308
0.244442
0.265002
0.285169
0.290766
0.294208
0.282171
0.303796
0.302538
0.309554
0.320477
0.344286
0.378003
0.395450
0.393247
0.375143
0.333554
0.296607
0.292213
0.288958
0.282264
0.284766
0.329024
0.336988
0.319656
0.287493
0.265475
0.255784
0.252729
0.260929
0.262540
0.267423
0.273492
0.273144
0.274048
0.276644
0.276470
0.283368
0.284224
0.286979
0.287446
0.289576
0.291152
0.297253
0.305285
0.316280
0.310981
0.325436
0.319775
0.316259
0.311925
0.314736
0.323825
0.346579
0.337816
0.362592
0.353205
0.342604
0.352715
0.354071
0.342712
0.315329
0.327482
0.307459
0.313545
0.303304
0.311421
0.306207
0.310527
0.276415
0.294920
0.298034
0.314100
0.310766
0.298786
0.276917
0.325570
0.321323
0.295426
0.265571
0.286137
0.288674
0.287298
0.336802
0.449882
0.737694
0.861634
0.862377
0.675927
0.581924
0.424712
0.364952
0.292732
0.318532
0.293457
0.301318
0.320270
0.334767
0.301119
0.285460
0.310790
0.337316
0.310510
0.328191
0.337276
0.362593
0.337988
0.349642
0.338069
0.374660
0.392854
0.446810
0.504802
0.499617
0.456283
0.423341
0.356189
0.288523
0.269948
0.274335
0.271810
0.279641
0.265902
0.263408
0.265027
0.285457
0.273197
0.282683
0.274781
0.287446
0.278535
0.295043
0.310224
0.320845
0.354022
0.372308
0.379875
0.366938
0.349885
0.325741
0.304666
0.293166
0.302213
0.301018
0.291654
0.284937
0.294313
0.326892
0.342548
0.339895
0.336628
0.314109
0.304042
0.302668
0.319748
0.358122
0.375510
0.362667
0.346763
0.308620
0.290922
0.276782
0.260152
0.251536
0.245933
0.247604
0.249151
0.252826
0.244477
0.247665
0.256390
0.266019
0.264135
0.282825
0.308049
0.322864
0.326899
0.303263
0.306883
0.296206
0.298778
0.290628
0.300152
0.300483
0.308028
0.293502
0.279509
0.286509
0.285319
0.284431
0.286342
0.289118
0.283536
0.282596
0.298692
0.302561
0.339248
0.397624
0.448126
0.469716
0.421123
0.441198
0.421516
0.396527
0.364205
0.340388
0.313049
0.320732
0.310349
0.327648
0.298236
0.285536
0.276597
0.248874
0.240514
0.239330
0.246847
0.259330
0.263163
0.251565
0.254333
0.264181
0.299724
0.357613
0.376611
0.388314
0.389538
0.366952
0.326926
0.317911
0.306966
0.308246
0.304293
0.306448
0.297538
0.292782
0.287266
0.279126
0.267971
0.265807
0.273054
0.267319
0.275387
0.339133
0.365395
0.367937
0.357084
0.311279
0.285682
0.269436
0.270252
0.276119
0.278663
0.280299
0.286299
0.286521
0.284020
0.285617
0.282181
0.289971
0.282763
0.294455
0.312318
0.321634
0.308334
0.308456
0.296370
0.290921
0.284607
0.287120
0.291596
0.293410
0.293894
0.290761
0.321415
0.305333
0.298866
0.287913
0.279195
0.302218
0.305328
0.305305
0.305126
0.316554
0.326574
0.322578
0.294208
0.306142
0.298606
0.297087
0.331340
0.318900
0.334722
0.387717
0.380964
0.319041
0.344596
0.339638
0.338329
0.375096
0.470999
0.651015
0.811579
0.797829
0.723656
0.592673
0.416013
0.508863
0.580507
0.789638
0.811231
0.718635
0.504844
0.300970
0.261062
0.315414
0.310957
0.320141
0.296576
0.347496
0.351126
0.326906
0.328725
0.369037
0.363943
0.320372
0.318463
0.395852
0.403611
0.351919
0.340319
0.345086
0.341421
0.305160
0.256588
0.275276
0.287844
0.297080
0.293765
0.265673
0.276278
0.279632
0.287946
0.292502
0.297741
0.324564
0.347858
0.362648
0.360421
0.349447
0.318083
0.303567
0.298647
0.286843
0.280052
0.272897
0.258916
0.259462
0.256393
0.252653
0.254989
0.261796
0.257785
0.270084
0.299452
0.311117
0.307831
0.321112
0.326496
0.336019
0.328624
0.368914
0.407428
0.426588
0.456805
0.511470
0.512985
0.527342
0.495084
0.470045
0.378961
0.348959
0.294991
0.263689
0.253359
0.256904
0.260171
0.263092
0.254259
0.248391
0.273225
0.333282
0.371673
0.380348
0.364714
0.391826
0.371534
0.337618
0.330264
0.321866
0.307539
0.300464
0.300566
0.306125
0.310351
0.302108
0.281343
0.280867
0.279233
0.294807
0.284748
0.332523
0.339069
0.337310
0.308836
0.291769
0.279656
0.274452
0.271270
0.265574
0.272321
0.277155
0.274982
0.267247
0.268842
0.268413
0.278850
0.294717
0.290940
0.294239
0.287881
0.298935
0.300296
0.301829
0.299354
0.297731
0.322328
0.331355
0.324273
0.387681
0.409942
0.435595
0.385864
0.330338
0.261127
0.242483
0.250657
0.256473
0.250605
0.282187
0.309139
0.379969
0.456859
0.460946
0.466083
0.471168
0.473877
0.334120
0.197963
0.052206
0.239861
0.209633
0.190254
0.167156
0.125174
0.126294
0.174741
0.143310
0.044982
0.182290
0.000044
0.041590
0.005054
0.054851
0.001891
0.110858
0.000263
0.146707
0.045242
0.100095
0.065024
0.115751
0.228173
0.969792
0.996171
0.593135
0.563070
0.631461
0.966958
0.980695
0.633079
0.298133
0.103574
0.133830
0.201285
0.167033
0.089809
0.177052
0.184763
0.210066
0.188763
0.266414
0.272771
0.285845
0.113427
0.218985
0.274095
0.327830
0.000010
0.384981
0.342054
0.294124
0.241522
0.185463
0.172709
0.201888
0.218952
0.153111
0.251363
0.214362
0.228646
0.183230
0.308283
0.231982
0.215662
0.221479
0.262177
0.300726
0.292821
0.266261
0.328396
0.358888
0.861647
0.962262
0.662028
0.408265
0.350747
0.447864
0.690420
0.900191
0.817437
0.590514
0.343123
0.617380
0.834486
0.814983
0.741224
0.466932
0.278288
0.268514
0.318701
0.270698
0.276252
0.225030
0.281459
0.275614
0.281480
0.290214
0.284000
0.299215
0.295224
0.275825
0.337799
0.314502
0.320746
0.329777
0.359882
0.410705
0.484214
0.403477
0.395576
0.371538
0.344102
0.330107
0.319008
0.320082
0.309277
0.322466
0.346411
0.367135
0.365976
0.348166
0.308840
0.290954
0.283160
0.280275
0.282099
0.285621
0.305159
0.315808
0.325005
0.311272
0.311490
0.311342
0.296016
0.278448
0.271927
0.268521
0.274963
0.273841
0.266684
0.258900
0.257541
0.261287
0.276976
0.280175
0.283106
0.276329
0.270899
0.269489
0.268550
0.222076
0.190428
0.210448
0.214752
0.195232
0.213191
0.192579
0.231424
0.216583
0.251636
0.220362
0.239799
0.198841
0.193731
0.147279
0.205479
0.164170
0.202281
0.098132
0.198051
0.255760
0.285134
0.255938
0.279301
0.306010
0.735839
0.985184
0.909039
0.278889
0.209087
0.191528
0.213849
0.219333
0.197440
0.206441
0.292724
0.346501
0.365310
0.302628
0.350224
0.297385
0.239462
0.229062
0.216658
0.221933
0.243790
0.255307
0.214021
0.183173
0.194357
0.193402
0.171471
0.187627
0.245037
0.212612
0.241264
0.292268
0.301215
0.285022
0.288343
0.297803
0.259379
0.330333
0.307938
0.260892
0.283991
0.315285
0.308038
0.288478
0.309191
0.332954
0.478305
0.917387
0.903422
0.561963
0.501049
0.720962
0.843472
0.763704
0.495154
0.355504
0.306293
0.292931
0.339806
0.405156
0.404712
0.334568
0.325102
0.299977
0.303841
0.318523
0.282339
0.336958
0.379421
0.370734
0.347810
0.392234
0.367135
0.371276
0.335548
0.296687
0.332754
0.342175
0.322219
0.282641
0.277025
0.281675
0.268267
0.264760
0.269550
0.261748
0.264792
0.268831
0.287085
0.312281
0.341212
0.381841
0.387504
0.397073
0.390062
0.340800
0.318309
0.290196
0.306826
0.314796
0.307886
0.306554
0.327922
0.371466
0.431231
0.447086
0.440584
0.400936
0.338893
0.309007
0.254199
0.256653
0.260947
0.267562
0.256925
0.264860
0.256471
0.289466
0.287254
0.287142
0.287803
0.317343
0.328597
0.318857
0.338349
0.323550
0.353517
0.346785
0.348906
0.340980
0.363873
0.358268
0.334597
0.312453
0.328131
0.364786
0.383148
0.386454
0.614447
0.717853
0.832859
0.779952
0.594210
0.446753
0.365614
0.366432
0.403198
0.399301
0.369533
0.492152
0.672274
0.818601
0.867207
0.680250
0.479912
0.385794
0.350844
0.347364
0.374978
0.361803
0.348392
0.332929
0.333996
0.289665
0.310484
0.337473
0.327660
0.303338
0.311160
0.367815
0.378656
0.366607
0.370589
0.398834
0.436228
0.485887
0.441881
0.452410
0.443111
0.400732
0.400338
0.385646
0.337901
0.350985
0.362684
0.361111
0.350939
0.365251
0.369735
0.400117
0.387661
0.477657
0.781066
0.841251
0.849877
0.751369
0.569017
0.436743
0.362498
0.335930
0.354769
0.348285
0.351186
0.335838
0.353037
0.352505
0.339156
0.358631
0.369636
0.357230
0.343512
0.355390
0.378006
0.369591
0.347531
0.342582
0.350203
0.372797
0.383344
0.367484
0.372747
0.356378
0.341958
0.346810
0.347819
0.372516
0.383172
0.350865
0.349836
0.348571
0.333401
0.334801
0.303416
0.290979
0.290586
0.280332
0.283983
0.272203
0.282428
0.264931
0.258833
0.258118
0.267456
0.291745
0.268523
0.288178
0.279956
0.286431
0.279452
0.308099
0.337100
0.426582
0.436122
0.332493
0.492002
0.419961
0.459407
0.382692
0.342467
0.275634
0.257871
0.168563
0.244907
0.231826
0.268013
0.202505
0.241862
0.255968
0.259830
0.206089
0.316155
0.505256
0.670299
0.685217
0.535392
0.591307
0.786708
0.955130
0.803188
0.530729
0.390768
0.410060
0.424493
0.555171
0.622344
0.871850
0.701174
0.322233
0.304072
0.243574
0.244815
0.265348
0.308862
0.263650
0.290094
0.286121
0.340177
0.314500
0.338074
0.234954
0.220771
0.230386
0.223362
0.194480
0.203339
0.123605
0.222915
0.286653
0.254895
0.312881
0.276161
0.248235
0.197487
0.227530
0.208887
0.217784
0.281936
0.283592
0.271218
0.303172
0.340985
0.953869
0.969764
0.668629
0.323666
0.282699
0.283242
0.347841
0.386308
0.379719
0.300968
0.326478
0.286790
0.267757
0.234606
0.302403
0.248662
0.260818
0.255614
0.287075
0.315185
0.330348
0.316234
0.300411
0.289970
0.262338
0.215380
0.199592
0.203475
0.246706
0.228896
0.275907
0.280870
0.308000
0.331944
0.344271
0.329509
0.312634
0.281176
0.264124
0.271059
0.273179
0.296296
0.286700
0.294455
0.272265
0.283358
0.271421
0.272683
0.272242
0.281081
0.279553
0.292596
0.315790
0.323452
0.329715
0.377414
0.402616
0.424810
0.391011
0.326168
0.300887
0.290321
0.316127
0.346933
0.346810
0.345744
0.367729
0.371197
0.385865
0.376005
0.403255
0.439667
0.478890
0.577993
0.600158
0.690589
0.762528
0.656650
0.741686
0.836263
0.830831
0.770249
0.670047
0.650293
0.662449
0.736274
0.694235
0.648506
0.475319
0.333825
0.359499
0.325401
0.330159
0.344693
0.402501
0.425293
0.371096
0.358235
0.249846
0.304226
0.318448
0.294823
0.291769
0.370450
0.317812
0.286575
0.296211
0.299186
0.324273
0.373062
0.349364
0.323618
0.380711
0.955029
0.910829
0.569570
0.359428
0.344822
0.403294
0.656927
0.873843
0.779632
0.543480
0.410402
0.334609
0.394673
0.426132
0.435923
0.377261
0.288421
0.274250
0.241473
0.296529
0.332591
0.258533
0.245264
0.274814
0.298602
0.258423
0.275454
0.324322
0.379286
0.328925
0.382881
0.362661
0.356574
0.290646
0.301377
0.298249
0.300525
0.305082
0.315365
0.329086
0.306300
0.304916
0.289256
0.282700
0.274871
0.272395
0.269942
0.272661
0.276573
0.281707
0.273601
0.266771
0.256146
0.261409
0.283681
0.291747
0.288319
0.294781
0.297874
0.312473
0.352914
0.369948
0.376840
0.434929
0.420713
0.438347
0.461288
0.495062
0.444452
0.390084
0.344693
0.317544
0.275269
0.396633
0.345879
0.393909
0.348775
0.554498
0.732432
0.860269
0.857640
0.638462
0.417927
0.333874
0.277427
0.293123
0.306178
0.278340
0.285229
0.306217
0.317596
0.298323
0.296943
0.349643
0.350607
0.337370
0.328476
0.364895
0.352885
0.341011
0.312837
0.336373
0.345602
0.343561
0.327617
0.326613
0.366344
0.372418
0.361574
0.329286
0.338486
0.348670
0.354262
0.416444
0.444381
0.464052
0.458117
0.457667
0.384822
0.354946
0.391291
0.365521
0.334796
0.345751
0.604627
0.770545
0.870450
0.851170
0.589958
0.375501
0.331582
0.311934
0.315554
0.303561
0.303160
0.307044
0.329006
0.327964
0.332078
0.386822
0.396801
0.388966
0.335596
0.343235
0.357924
0.342390
0.337466
0.353068
0.372662
0.361102
0.330136
0.328432
0.349020
0.333247
0.322185
0.293434
0.263193
0.237345
0.293311
0.317776
0.368545
0.378236
0.390070
0.382993
0.401279
0.355059
0.304819
0.274741
0.294670
0.274265
0.269760
0.282448
0.305659
0.291364
0.302144
0.321930
0.584381
0.912470
0.908530
0.718382
0.574864
0.583390
0.458128
0.368347
0.326086
0.311257
0.317164
0.317363
0.312664
0.287214
0.285661
0.305222
0.312109
0.309904
0.319491
0.307416
0.325147
0.349593
0.352909
0.313011
0.307948
0.353353
0.402019
0.391463
0.408968
0.395007
0.331411
0.284546
0.283041
0.272018
0.270948
0.258815
0.253656
0.240745
0.258285
0.279295
0.334514
0.340637
0.428592
0.393613
0.412993
0.370198
0.352219
0.239675
0.268649
0.295212
0.345221
0.312807
0.323301
0.401182
0.902910
0.890108
0.624325
0.316570
0.255423
0.237653
0.282210
0.267242
0.281778
0.284605
0.359465
0.335885
0.346548
0.342048
0.353818
0.303056
0.290413
0.296096
0.304305
0.321534
0.355148
0.347913
0.344910
0.313195
0.265999
0.258847
0.265382
0.260551
0.286517
0.260300
0.292167
0.287510
0.270759
0.287024
0.276043
0.263353
0.242325
0.297144
0.305901
0.285538
0.269576
0.321778
0.294330
0.299189
0.306815
0.354444
0.390906
0.383594
0.391527
0.369440
0.415838
0.440746
0.616964
0.815592
0.807693
0.615664
0.492092
0.682418
0.879756
0.855689
0.723957
0.670365
0.673376
0.675377
0.740156
0.770047
0.823710
0.768277
0.662817
0.579579
0.580100
0.570953
0.515342
0.460698
0.507891
0.427791
0.391305
0.385366
0.394084
0.383091
0.362429
0.387406
0.387120
0.375090
0.371090
0.385287
0.375401
0.382002
0.369105
0.404112
0.452460
0.459308
0.336623
0.366225
0.404847
0.362567
0.333525
0.336363
0.419788
0.810636
0.890874
0.759213
0.664897
0.637488
0.751133
0.645405
0.400953
0.322351
0.347640
0.351925
0.354153
0.339751
0.311758
0.296604
0.299055
0.282035
0.293594
0.287607
0.265498
0.332450
0.341368
0.317763
0.319794
0.366175
0.430514
0.441365
0.488973
0.508493
0.504612
0.430862
0.423041
0.434905
0.429481
0.405842
0.427952
0.343786
0.360546
0.292290
0.283490
0.281678
0.267503
0.292891
0.261167
0.294070
0.338465
0.342916
0.358992
0.345604
0.339943
0.374785
0.390207
0.480970
0.718552
0.837299
0.689083
0.456539
0.451344
0.707310
0.864678
0.843024
0.692550
0.671866
0.687751
0.743916
0.786332
0.782398
0.747494
0.661656
0.593582
0.535941
0.486071
0.555710
0.488656
0.518754
0.539700
0.484249
0.386668
0.464127
0.490677
0.458216
0.452710
0.435189
0.391313
0.385542
0.372866
0.373663
0.354150
0.369232
0.386892
0.400399
0.415465
0.383696
0.393257
0.372329
0.359198
0.334761
0.312918
0.286690
0.286792
0.286121
0.269314
0.248319
0.239911
0.242714
0.240208
0.280106
0.282801
0.278765
0.259951
0.263613
0.243911
0.243871
0.253255
0.257390
0.260851
0.279188
0.311125
0.342191
0.375154
0.351272
0.354560
0.327880
0.322724
0.333134
0.328311
0.353087
0.337832
0.319884
0.299102
0.293222
0.292319
0.289359
0.290433
0.285651
0.283879
0.278592
0.283657
0.277894
0.276988
0.271602
0.270393
0.259931
0.254253
0.239045
0.231593
0.243278
0.268330
0.266286
0.263401
0.286753
0.316984
0.345624
0.394107
0.391882
0.389157
0.409616
0.396638
0.369640
0.408000
0.397183
0.434075
0.386006
0.364934
0.356675
0.394476
0.370664
0.376043
0.381140
0.578988
0.703270
0.863657
0.835463
0.621641
0.461681
0.366432
0.374683
0.394458
0.370224
0.341338
0.412430
0.527928
0.859823
0.825057
0.586345
0.591356
0.582051
0.424566
0.502033
0.455736
0.531948
0.466280
0.756227
0.765041
0.680805
0.502053
0.415180
0.388893
0.382198
0.582483
0.792497
0.799263
0.589759
0.383509
0.316046
0.296730
0.331482
0.337496
0.356384
0.369364
0.410093
0.371381
0.380187
0.336775
0.301792
0.238256
0.291198
0.284616
0.310782
0.255288
0.322713
0.295395
0.285455
0.281351
0.305912
0.306896
0.307418
0.381123
0.410944
0.406101
0.436730
0.424360
0.400488
0.331961
0.301376
0.299961
0.299489
0.280884
0.274661
0.291346
0.295558
0.299187
0.302187
0.282043
0.332331
0.343375
0.334523
0.328518
0.358564
0.422402
0.368895
0.355672
0.395263
0.453069
0.760949
0.879340
0.782432
0.578144
0.416665
0.376072
0.551082
0.696024
0.802144
0.732768
0.445204
0.403106
0.326511
0.356649
0.342933
0.362524
0.372115
0.376645
0.458764
0.401540
0.435874
0.382244
0.402428
0.367320
0.347278
0.408198
0.495772
0.588610
0.758558
0.716478
0.621797
0.533113
0.401666
0.469517
0.719516
0.852214
0.782056
0.541899
0.399397
0.362880
0.374137
0.414703
0.430026
0.414400
0.370357
0.362674
0.369134
0.350338
0.362882
0.366341
0.350708
0.302519
0.301640
0.316050
0.287184
0.319631
0.310533
0.329183
0.334978
0.329165
0.305073
0.361995
0.365805
0.370167
0.332274
0.362578
0.342014
0.367737
0.383648
0.383267
0.369624
0.366277
0.350447
0.337141
0.292721
0.316582
0.310939
0.317466
0.318161
0.342832
0.414505
0.797245
0.867017
0.701646
0.428566
0.432180
0.621706
0.840296
0.901355
0.724315
0.549820
0.540425
0.601776
0.642353
0.641992
0.537610
0.381613
0.370842
0.353850
0.362857
0.370930
0.400363
0.408027
0.400261
0.372073
0.377606
0.422950
0.488924
0.499636
0.476987
0.508012
0.519230
0.409339
0.418773
0.621393
0.783553
0.900118
0.717699
0.527174
0.541068
0.429705
0.448461
0.387554
0.377608
0.349896
0.373575
0.374939
0.444844
0.414735
0.410754
0.425797
0.399841
0.341219
0.367234
0.384657
0.375377
0.396443
0.377010
0.385219
0.368029
0.362129
0.330534
0.341144
0.333491
0.315361
0.298880
0.283851
0.305450
0.306265
0.324319
0.310194
0.331711
0.340100
0.360833
0.356186
0.377209
0.376384
0.373527
0.373263
0.344091
0.347760
0.356367
0.344619
0.305223
0.325498
0.335554
0.340646
0.348871
0.393661
0.634232
0.780006
0.840659
0.749758
0.551871
0.477978
0.423793
0.457515
0.431582
0.501099
0.631782
0.825797
0.807184
0.727635
0.644297
0.558617
0.733275
0.814342
0.715707
0.605151
0.477288
0.524174
0.606642
0.671019
0.658946
0.618683
0.492479
0.382553
0.367615
0.382798
0.369084
0.379746
0.373909
0.365523
0.353901
0.429919
0.455525
0.504533
0.459334
0.532363
0.476179
0.447057
0.412831
0.461567
0.411225
0.411255
0.486410
0.674205
0.850082
0.905740
0.721807
0.650601
0.700735
0.719665
0.625655
0.521456
0.382818
0.387020
0.388280
0.391563
0.376440
0.391276
0.387869
0.410195
0.386173
0.443108
0.462102
0.459757
0.476294
0.467602
0.445559
0.411009
0.384908
0.391892
0.390283
0.401687
0.385264
0.419713
0.471649
0.588928
0.725551
0.879956
0.772537
0.580279
0.555144
0.496073
0.480559
0.445858
0.453650
0.447526
0.511741
0.628896
0.794439
0.759503
0.655819
0.588355
0.569522
0.740112
0.823705
0.806694
0.741464
0.689496
0.637631
0.569764
0.526358
0.538272
0.637852
0.646247
0.560326
0.481400
0.513416
0.528325
0.653826
0.825069
0.699194
0.528474
0.423822
0.363219
0.359033
0.420200
0.399318
0.388495
0.485374
0.841484
0.768087
0.571144
0.543702
0.421312
0.420716
0.463083
0.651246
0.843217
0.774964
0.613184
0.442062
0.350748
0.358857
0.368097
0.430460
0.475954
0.441625
0.433553
0.492231
0.468398
0.410897
0.370343
0.348354
0.318554
0.313990
0.354801
0.364746
0.367662
0.329076
0.333272
0.337994
0.359381
0.332940
0.329524
0.304683
0.289395
0.291612
0.300682
0.314989
0.328846
0.359990
0.418128
0.485674
0.471308
0.499805
0.500269
0.470001
0.469554
0.468594
0.452873
0.404159
0.381195
0.383682
0.373038
0.344962
0.354264
0.410472
0.492374
0.613930
0.803385
0.866986
0.842769
0.725654
0.665175
0.526950
0.460033
0.374981
0.362541
0.368468
0.378211
0.368508
0.355685
0.364643
0.380988
0.382829
0.388166
0.374169
0.371552
0.374466
0.387226
0.385987
0.388022
0.372299
0.377921
0.378789
0.383477
0.360889
0.380905
0.399091
0.383463
0.347621
0.309947
0.291798
0.272952
0.269286
0.272341
0.262755
0.289752
0.333893
0.364740
0.343435
0.335762
0.305253
0.297465
0.289609
0.293729
0.292019
0.333988
0.317997
0.346044
0.351026
0.310330
0.316414
0.331156
0.400378
0.359935
0.358706
0.461797
0.502612
0.446698
0.402155
0.516128
0.740426
0.860645
0.773986
0.648629
0.528567
0.416173
0.425230
0.653075
0.817769
0.805068
0.672853
0.537608
0.514797
0.412727
0.370376
0.385682
0.389376
0.377119
0.381001
0.360694
0.374664
0.353695
0.385297
0.388682
0.394691
0.403415
0.463514
0.407995
0.545959
0.532319
0.814994
0.902925
0.715539
0.537268
0.590487
0.523952
0.581279
0.596290
0.670468
0.653019
0.590690
0.574202
0.605652
0.747099
0.863332
0.877640
0.667107
0.550636
0.486132
0.394741
0.381194
0.374098
0.360437
0.353336
0.363438
0.334425
0.313936
0.299073
0.289001
0.318698
0.326059
0.315164
0.336251
0.395322
0.399879
0.404377
0.411283
0.433478
0.428982
0.406607
0.398717
0.488950
0.590752
0.635733
0.652119
0.638190
0.631987
0.521141
0.509279
0.478410
0.417305
0.355686
0.381746
0.348152
0.413760
0.415085
0.459448
0.454687
0.552668
0.579612
0.718031
0.875107
0.797451
0.607631
0.574515
0.506997
0.567699
0.746602
0.652999
0.552277
0.495252
0.504249
0.562279
0.639516
0.816818
0.782710
0.664712
0.649413
0.611388
0.615781
0.682100
0.788397
0.754041
0.615170
0.515171
0.414995
0.402064
0.393217
0.406594
0.463028
0.548850
0.522393
0.639549
0.600104
0.648633
0.706460
0.791702
0.705281
0.546784
0.491036
0.464079
0.468131
0.546742
0.652656
0.753902
0.686306
0.618776
0.671896
0.696931
0.712616
0.544907
0.494042
0.438330
0.404479
0.438702
0.432682
0.409692
0.385680
0.385385
0.379845
0.377231
0.354143
0.382262
0.392973
0.391120
0.388134
0.405712
0.417068
0.420395
0.419019
0.427188
0.437270
0.420077
0.431053
0.448067
0.436677
0.434908
0.450469
0.463098
0.416948
0.404889
0.397433
0.440280
0.416597
0.532595
0.799890
0.858672
0.828871
0.711421
0.574070
0.467356
0.433429
0.374533
0.400289
0.381243
0.382989
0.373755
0.382415
0.411652
0.408419
0.418929
0.428171
0.423562
0.380178
0.386464
0.383134
0.382641
0.365845
0.361062
0.369536
0.396594
0.424435
0.462296
0.453526
0.445562
0.410381
0.358168
0.332225
0.335383
0.337014
0.337385
0.323058
0.301278
0.276153
0.262500
0.269505
0.252119
0.254593
0.241667
0.223200
0.234313
0.248757
0.255372
0.254499
0.267642
0.259295
0.255689
0.283019
0.282154
0.287935
0.291796
0.299982
0.347944
0.361994
0.366808
0.390189
0.375196
0.391249
0.420973
0.440558
0.538157
0.573769
0.582070
0.591961
0.581844
0.578934
0.564038
0.596316
0.533278
0.611100
0.800777
0.834619
0.752148
0.646440
0.536971
0.486108
0.461015
0.500186
0.502914
0.538303
0.548742
0.494972
0.544116
0.523481
0.488647
0.626922
0.806241
0.818693
0.652784
0.609360
0.609686
0.686850
0.837433
0.706505
0.598251
0.439346
0.399911
0.385598
0.390024
0.430199
0.425245
0.436872
0.409488
0.369513
0.362851
0.384513
0.383457
0.368251
0.360602
0.372305
0.413224
0.413715
0.442942
0.476304
0.474531
0.433176
0.423039
0.390274
0.398875
0.403839
0.398343
0.358726
0.331630
0.294763
0.267500
0.245081
0.238247
0.254521
0.274287
0.261540
0.275257
0.260733
0.295619
0.298953
0.320743
0.374880
0.398579
0.469035
0.537869
0.549871
0.622421
0.621173
0.548719
0.439089
0.409049
0.454776
0.436808
0.577014
0.684956
0.776397
0.711593
0.607266
0.501685
0.358417
0.374050
0.374970
0.375217
0.385514
0.398293
0.390790
0.408954
0.402019
0.533043
0.699314
0.804473
0.807577
0.673960
0.478227
0.401879
0.349615
0.355092
0.358359
0.360205
0.327130
0.346256
0.400436
0.400836
0.395431
0.429476
0.428465
0.372452
0.379128
0.415142
0.443406
0.417084
0.344470
0.344283
0.339349
0.367453
0.326242
0.329400
0.332679
0.309793
0.349056
0.367614
0.389677
0.397492
0.383684
0.371397
0.346598
0.301559
0.285190
0.314892
0.305621
0.317105
0.322747
0.341065
0.332004
0.357419
0.324005
0.310242
0.281632
0.355319
0.353810
0.361496
0.352435
0.443265
0.629148
0.861461
0.855191
0.626209
0.471490
0.429310
0.403931
0.436498
0.428969
0.408292
0.448745
0.552896
0.830340
0.881765
0.674578
0.599066
0.578460
0.719442
0.796592
0.693481
0.605475
0.601499
0.679820
0.643859
0.574453
0.555642
0.509520
0.503582
0.491096
0.515580
0.474933
0.494866
0.442588
0.437523
0.416311
0.409071
0.391273
0.396458
0.401151
0.398910
0.423776
0.595533
0.780290
0.844024
0.738545
0.616328
0.540969
0.450579
0.472781
0.443064
0.411384
0.496223
0.594894
0.572418
0.537424
0.470244
0.480358
0.402084
0.391483
0.377321
0.367831
0.372154
0.379296
0.384132
0.380370
0.383001
0.376805
0.398770
0.369390
0.368658
0.363802
0.344736
0.335175
0.378684
0.405814
0.441620
0.432667
0.458885
0.474310
0.517261
0.476838
0.570230
0.787763
0.890781
0.750386
0.635607
0.525917
0.517981
0.450452
0.516792
0.468351
0.581933
0.747588
0.813255
0.740326
0.675062
0.499896
0.565002
0.704598
0.789290
0.737651
0.724148
0.684141
0.672929
0.571206
0.470312
0.418681
0.419173
0.412613
0.460535
0.557848
0.684928
0.699794
0.583765
0.568577
0.516041
0.470778
0.575870
0.617280
0.644022
0.620788
0.620907
0.624501
0.613033
0.565433
0.590764
0.659285
0.762181
0.738844
0.658441
0.552159
0.515544
0.406120
0.406061
0.399945
0.410812
0.391113
0.414463
0.512740
0.667193
0.715355
0.659638
0.584511
0.513039
0.402987
0.396983
0.399335
0.403088
0.426011
0.504551
0.526965
0.489393
0.469874
0.443920
0.414940
0.374866
0.341013
0.338531
0.354911
0.426960
0.489970
0.520931
0.450493
0.436915
0.420252
0.354929
0.287223
0.296814
0.333187
0.350985
0.354903
0.324789
0.346034
0.373273
0.389867
0.383947
0.384248
0.420645
0.451988
0.546182
0.669933
0.763376
0.779947
0.724417
0.645451
0.553642
0.415999
0.365234
0.337739
0.319524
0.319506
0.324586
0.359512
0.366488
0.355948
0.357730
0.375817
0.384953
0.377456
0.367647
0.390788
0.435548
0.449038
0.443924
0.451246
0.438014
0.442720
0.464593
0.445109
0.386922
0.389181
0.399903
0.454227
0.661116
0.776710
0.755330
0.720783
0.594643
0.608952
0.722050
0.825765
0.733133
0.631253
0.508793
0.489999
0.438207
0.449417
0.512815
0.566274
0.601545
0.713944
0.817303
0.856613
0.826579
0.761307
0.721269
0.735040
0.682541
0.627862
0.575058
0.557042
0.567832
0.678624
0.794771
0.799398
0.701865
0.556959
0.516708
0.467991
0.425743
0.389832
0.391743
0.389703
0.390077
0.392410
0.378255
0.370505
0.387888
0.391457
0.419272
0.436196
0.412865
0.426193
0.414116
0.399630
0.399960
0.433966
0.456834
0.404597
0.393439
0.396237
0.418108
0.474250
0.442625
0.447686
0.438840
0.486193
0.419760
0.436168
0.467837
0.432631
0.424699
0.442203
0.529045
0.733206
0.852325
0.813342
0.631720
0.592736
0.582855
0.723178
0.720123
0.687709
0.571418
0.499507
0.472990
0.442257
0.456178
0.436765
0.424215
0.447531
0.425802
0.524105
0.523943
0.527252
0.627058
0.759275
0.861590
0.776155
0.597878
0.561506
0.502207
0.476359
0.440150
0.442264
0.459615
0.462085
0.473147
0.543115
0.628757
0.743734
0.827965
0.826281
0.725574
0.640582
0.655296
0.679647
0.722934
0.816171
0.731529
0.657197
0.592457
0.607533
0.519974
0.479642
0.596351
0.731229
0.759050
0.678941
0.570150
0.525890
0.544252
0.534949
0.535909
0.578587
0.630536
0.633823
0.636687
0.523527
0.432656
0.380752
0.386401
0.408019
0.404880
0.411159
0.403866
0.403141
0.425658
0.436145
0.393453
0.418196
0.432826
0.481445
0.615258
0.673800
0.740277
0.742377
0.658621
0.597493
0.714615
0.785221
0.763196
0.672229
0.545039
0.509457
0.553310
0.583098
0.616037
0.661600
0.785007
0.851683
0.840103
0.695645
0.596393
0.534435
0.485984
0.477784
0.491144
0.464038
0.434465
0.423387
0.421844
0.366706
0.410671
0.421080
0.429072
0.414515
0.427643
0.377733
0.373906
0.384211
0.376737
0.368487
0.367243
0.385749
0.378196
0.389443
0.372664
0.392446
0.413201
0.416771
0.405060
0.384474
0.364945
0.335726
0.323378
0.324119
0.324485
0.294845
0.282540
0.284853
0.298157
0.297997
0.298117
0.295980
0.315370
0.357295
0.371629
0.404752
0.417724
0.468762
0.430047
0.407925
0.386911
0.405769
0.441577
0.434796
0.503716
0.589953
0.641399
0.754189
0.852336
0.861232
0.670096
0.572513
0.519343
0.490155
0.494195
0.577087
0.768666
0.828278
0.745810
0.647524
0.523145
0.445489
0.401271
0.438746
0.419099
0.405300
0.383805
0.397477
0.419961
0.592598
0.710487
0.740550
0.674417
0.552996
0.435494
0.392259
0.353583
0.397068
0.412135
0.422692
0.415868
0.394047
0.350366
0.294547
0.275012
0.280492
0.264298
0.251015
0.283202
0.332071
0.326182
0.333776
0.315752
0.368490
0.375058
0.363617
0.383138
0.370111
0.356672
0.325197
0.323769
0.316514
0.353304
0.377345
0.376713
0.411910
0.417539
0.400993
0.323842
0.322618
0.348426
0.375811
0.394803
0.482455
0.602792
0.803816
0.774203
0.671148
0.503098
0.477823
0.467621
0.504314
0.614518
0.709871
0.694362
0.644843
0.567030
0.580171
0.626029
0.807138
0.836520
0.744250
0.638661
0.641694
0.529229
0.553899
0.630907
0.749013
0.701325
0.551214
0.487882
0.459356
0.481650
0.484719
0.513963
0.607456
0.748049
0.792446
0.733713
0.590073
0.549336
0.479626
0.477177
0.426760
0.399415
0.368520
0.380745
0.381692
0.345791
0.344655
0.363158
0.382141
0.372446
0.353015
0.356994
0.361820
0.373069
0.404639
0.409743
0.391278
0.408991
0.402092
0.413979
0.416743
0.426216
0.450303
0.434751
0.448656
0.441070
0.520557
0.527068
0.570511
0.550106
0.567431
0.640467
0.850841
0.881755
0.709106
0.514723
0.543510
0.481762
0.604775
0.647907
0.731030
0.814037
0.746703
0.666095
0.716471
0.750161
0.718506
0.623330
0.542730
0.479814
0.454327
0.447728
0.477849
0.561884
0.624474
0.769459
0.788141
0.713160
0.610993
0.603702
0.695403
0.719825
0.612122
0.569846
0.517933
0.487753
0.446217
0.459321
0.496056
0.457590
0.511339
0.550461
0.681183
0.784003
0.812806
0.711360
0.660431
0.652102
0.698878
0.742867
0.751449
0.654647
0.545413
0.442658
0.422672
0.423961
0.412157
0.399966
0.406869
0.448940
0.436924
0.441213
0.485557
0.465311
0.460229
0.445175
0.480452
0.478767
0.523076
0.461973
0.430524
0.415367
0.398293
0.406129
0.390765
0.365698
0.371447
0.363083
0.382722
0.377240
0.386040
0.376157
0.392881
0.368531
0.347043
0.311388
0.349593
0.367003
0.382693
0.411379
0.486752
0.635694
0.823788
0.802041
0.640330
0.536458
0.535212
0.511437
0.550925
0.599956
0.641586
0.790186
0.783405
0.756497
0.692563
0.616502
0.690971
0.733810
0.769158
0.713982
0.621307
0.484744
0.473067
0.451465
0.495337
0.481487
0.496011
0.418995
0.447024
0.593667
0.658539
0.685933
0.695635
0.590827
0.557727
0.431460
0.425398
0.421059
0.386361
0.363155
0.361785
0.348714
0.345438
0.318536
0.315186
0.339473
0.404776
0.410323
0.439018
0.443462
0.424135
0.392549
0.372256
0.391031
0.412139
0.426157
0.442873
0.458719
0.454125
0.412961
0.381352
0.361550
0.346422
0.326442
0.377851
0.413793
0.527241
0.656728
0.865975
0.864914
0.719337
0.627240
0.611732
0.542965
0.554252
0.500236
0.539025
0.473442
0.473479
0.392751
0.396471
0.396295
0.401679
0.415733
0.453454
0.467617
0.477234
0.457447
0.444768
0.424058
0.380300
0.356495
0.362535
0.387137
0.381978
0.379713
0.352481
0.352936
0.326717
0.344712
0.322477
0.317965
0.308131
0.344741
0.407195
0.474850
0.556764
0.639039
0.658131
0.619715
0.573060
0.522829
0.451599
0.347734
0.328433
0.325274
0.350880
0.351178
0.369496
0.374574
0.369444
0.383656
0.397120
0.385633
0.374217
0.394662
0.431210
0.470904
0.559158
0.714722
0.793386
0.751031
0.682240
0.639419
0.639346
0.685057
0.793560
0.796887
0.785654
0.752705
0.715729
0.706562
0.731419
0.803809
0.833802
0.779490
0.758632
0.683477
0.574368
0.544104
0.454336
0.417733
0.370812
0.335983
