# Predicted Peaks (Indices)
229
230
530
531
540
541
619
655
656
663
664
845
846
937
938
943
944
972
973
1144
1145
1205
1206
1207
1359
1363
1394
1508
1509
1515
1579
1580
1584
1665
1666
1685
1686
1773
1783
1784
1795
1796
1839
1840
1858
1859
1905
1906
2040
2041
2089
2095
2166
2167
2214
2225
2273
2274
2311
2312
2325
2326
2339
2340
2363
2364
2390
2391
2407
2550
2551
2553
2554
2654
2668
2669
2670
2741
2742
2782
2783
2784
2806
2807
2930
2931
2970
2971
2980
2981
3004
3005
3019
3080
3091
3148
3149
3163
3164
3195
3196
3197
3200
3282
3305
3333
3432
3433
3447
3492
3493
