# Predictions (Probabilities)
0.396135
0.412185
0.435779
0.429453
0.366059
0.355912
0.377179
0.397725
0.385987
0.407501
0.415577
0.396549
0.397459
0.362189
0.383970
0.369148
0.394909
0.409200
0.426080
0.428388
0.418785
0.406003
0.388736
0.392242
0.392751
0.415282
0.467829
0.546303
0.587137
0.676888
0.691319
0.656304
0.541983
0.505098
0.379729
0.310966
0.314166
0.307391
0.341518
0.329062
0.313271
0.302941
0.274581
0.286877
0.307218
0.320197
0.334527
0.396964
0.429442
0.402538
0.411453
0.447802
0.403317
0.471246
0.507804
0.621809
0.626467
0.582634
0.540174
0.485963
0.389338
0.368191
0.448311
0.498462
0.503781
0.416758
0.384144
0.340630
0.300907
0.346978
0.364372
0.371475
0.334780
0.263773
0.245791
0.256496
0.256415
0.234106
0.219822
0.249098
0.262433
0.317220
0.389592
0.377861
0.397199
0.373814
0.365500
0.344264
0.359554
0.312958
0.316007
0.305337
0.301832
0.306332
0.341252
0.363242
0.368134
0.323291
0.307427
0.289984
0.297950
0.285469
0.285522
0.304464
0.330205
0.318921
0.344616
0.350220
0.330961
0.332077
0.330775
0.287353
0.297807
0.300924
0.337787
0.292875
0.303640
0.298942
0.343972
0.360816
0.476932
0.476618
0.527737
0.455199
0.425489
0.415730
0.352431
0.305752
0.296021
0.310297
0.322363
0.296997
0.319172
0.304756
0.310791
0.316553
0.365404
0.381228
0.367367
0.336696
0.355979
0.331502
0.381054
0.376482
0.396608
0.361878
0.317052
0.292096
0.284652
0.282243
0.284846
0.263935
0.347731
0.354298
0.300592
0.150370
0.004246
0.237633
0.209890
0.183341
0.102444
0.138144
0.126805
0.136813
0.159379
0.034644
0.001711
0.011488
0.008953
0.078112
0.112907
0.058524
0.158463
0.022918
0.126667
0.128355
0.130323
0.081479
0.152095
0.228058
0.382915
0.989760
0.952489
0.323627
0.269036
0.239373
0.250632
0.164260
0.154680
0.164773
0.096768
0.228609
0.255178
0.168664
0.216072
0.380500
0.315597
0.317337
0.490294
0.504755
0.285262
0.285975
0.281591
0.205758
0.068481
0.199414
0.088988
0.283036
0.261621
0.340578
0.370312
0.352500
0.337703
0.383550
0.375724
0.360525
0.368504
0.371509
0.375048
0.360771
0.384147
0.344547
0.361187
0.337647
0.350172
0.331770
0.314881
0.303665
0.282366
0.270626
0.258291
0.251847
0.266742
0.272081
0.281999
0.304693
0.304771
0.315584
0.307969
0.315173
0.296828
0.284086
0.275246
0.282701
0.269441
0.277034
0.288747
0.305835
0.311527
0.307430
0.301134
0.290518
0.254032
0.255751
0.260247
0.236343
0.254176
0.256482
0.298213
0.359448
0.385035
0.365649
0.353588
0.328806
0.286313
0.282894
0.299016
0.310064
0.346346
0.320623
0.315724
0.318620
0.308037
0.298521
0.293992
0.297337
0.272410
0.280327
0.281902
0.301971
0.284747
0.290905
0.285927
0.284134
0.290806
0.302605
0.310646
0.328982
0.350378
0.308546
0.344563
0.347297
0.355973
0.327918
0.303920
0.285710
0.299089
0.305473
0.323585
0.398634
0.442265
0.436514
0.419422
0.360088
0.301192
0.251246
0.256336
0.269709
0.257357
0.250316
0.272619
0.303261
0.306595
0.357281
0.361943
0.339807
0.332182
0.325379
0.310671
0.338354
0.343091
0.352799
0.343514
0.345167
0.333535
0.345230
0.373448
0.377333
0.408593
0.380961
0.354620
0.307143
0.281403
0.257862
0.262871
0.249913
0.261310
0.266404
0.282529
0.278718
0.289412
0.299894
0.299644
0.312926
0.324042
0.323246
0.341813
0.327022
0.327782
0.330805
0.362406
0.366449
0.371689
0.358217
0.350093
0.339076
0.348878
0.361251
0.337840
0.301865
0.271826
0.252882
0.242307
0.228839
0.225650
0.240919
0.283527
0.294214
0.296722
0.316004
0.295884
0.297478
0.316864
0.341808
0.358959
0.353428
0.338356
0.306447
0.299567
0.289749
0.283754
0.295189
0.303112
0.335653
0.380314
0.433479
0.391196
0.374880
0.344541
0.333891
0.312046
0.313360
0.309040
0.286996
0.268566
0.269917
0.268876
0.260748
0.279049
0.335191
0.346202
0.347830
0.320329
0.305745
0.291399
0.283748
0.289645
0.257882
0.270003
0.293090
0.306700
0.323692
0.320523
0.334618
0.344474
0.331250
0.320137
0.313246
0.289507
0.292863
0.294157
0.283988
0.273799
0.312341
0.375221
0.394555
0.370606
0.352883
0.350510
0.327004
0.297371
0.283564
0.293476
0.288338
0.282043
0.269370
0.255943
0.255187
0.267367
0.274922
0.300105
0.310592
0.316534
0.323662
0.357652
0.338227
0.344862
0.358111
0.385901
0.358993
0.313083
0.276818
0.268130
0.274524
0.263476
0.319890
0.330215
0.312630
0.302378
0.298826
0.274117
0.262422
0.246206
0.228778
0.226133
0.236995
0.274504
0.352023
0.360533
0.369694
0.341205
0.324179
0.295253
0.273786
0.274558
0.293130
0.346569
0.314576
0.317700
0.319819
0.314343
0.331260
0.332747
0.365384
0.375048
0.387618
0.342594
0.338985
0.333698
0.343368
0.325534
0.348982
0.434411
0.564532
0.437983
0.396221
0.359020
0.301698
0.328173
0.313365
0.308270
0.292781
0.300409
0.329269
0.318560
0.345080
0.356204
0.363896
0.360867
0.377930
0.363423
0.366226
0.362070
0.410182
0.414296
0.400663
0.326680
0.287110
0.262899
0.264618
0.251737
0.274623
0.293627
0.284593
0.257414
0.244010
0.230318
0.257221
0.243975
0.246299
0.266097
0.294452
0.306984
0.308009
0.285108
0.279251
0.297924
0.311056
0.320766
0.312371
0.312098
0.290807
0.286497
0.293439
0.284377
0.276363
0.299925
0.285138
0.276868
0.277145
0.300047
0.301101
0.368695
0.386712
0.433522
0.392759
0.372314
0.343079
0.375905
0.389230
0.375797
0.377823
0.350610
0.305364
0.269226
0.260533
0.292735
0.298156
0.306889
0.311951
0.300135
0.299354
0.269704
0.247144
0.246459
0.276382
0.272339
0.267122
0.319592
0.357302
0.391274
0.418741
0.437521
0.456109
0.439519
0.432995
0.424897
0.405046
0.384062
0.386423
0.459460
0.417945
0.375035
0.358644
0.315116
0.289834
0.298569
0.294279
0.282902
0.302895
0.327309
0.336621
0.314840
0.304009
0.318542
0.315555
0.285634
0.212560
0.176667
0.249591
0.275135
0.358760
0.376430
0.384508
0.370649
0.183849
0.200947
0.063029
0.251467
0.190853
0.092196
0.117866
0.081721
0.095658
0.116688
0.018551
0.092555
0.127137
0.086216
0.122033
0.228207
0.411457
0.947840
0.955521
0.504032
0.393594
0.432947
0.284728
0.326871
0.389030
0.525565
0.976085
0.952255
0.350607
0.248519
0.219667
0.263163
0.299492
0.220863
0.203820
0.246664
0.339685
0.308437
0.270926
0.251110
0.384920
0.339512
0.299369
0.330014
0.540718
0.463646
0.342496
0.351899
0.347940
0.321541
0.251544
0.227538
0.248991
0.346222
0.497763
0.453602
0.433178
0.369251
0.300590
0.283926
0.313595
0.308790
0.327535
0.317065
0.377664
0.361577
0.399181
0.413716
0.443162
0.407503
0.413993
0.409209
0.399626
0.357490
0.385836
0.408532
0.387419
0.350820
0.346884
0.303458
0.293202
0.266808
0.262754
0.254901
0.276380
0.281465
0.300309
0.342289
0.312990
0.314564
0.309988
0.298000
0.328897
0.310414
0.346318
0.343357
0.342599
0.295538
0.290503
0.269798
0.256114
0.271571
0.319723
0.333259
0.333939
0.313394
0.281454
0.259985
0.270718
0.292240
0.295325
0.316286
0.314564
0.347451
0.418228
0.443684
0.411833
0.460790
0.396999
0.398709
0.502953
0.571135
0.627071
0.558384
0.457877
0.392783
0.386794
0.353684
0.348201
0.320525
0.306241
0.283472
0.300898
0.286100
0.273751
0.282589
0.299866
0.317391
0.291130
0.297183
0.311727
0.290918
0.299796
0.298415
0.298210
0.364757
0.362533
0.357921
0.333464
0.387726
0.374273
0.383602
0.377667
0.348119
0.302347
0.325052
0.345018
0.336779
0.325006
0.307582
0.291597
0.303788
0.342165
0.407701
0.507130
0.393397
0.379293
0.364912
0.365756
0.311183
0.267440
0.262428
0.258499
0.227462
0.228011
0.256957
0.299893
0.316767
0.337847
0.373388
0.353650
0.315870
0.316496
0.363086
0.391981
0.404205
0.402138
0.470572
0.461158
0.493732
0.572533
0.606860
0.556401
0.558210
0.431678
0.493777
0.334888
0.247986
0.233123
0.235717
0.258214
0.216690
0.236873
0.190275
0.258142
0.142876
0.246328
0.280757
0.365599
0.277538
0.284864
0.271516
0.299582
0.282530
0.283626
0.261544
0.334374
0.325789
0.933302
0.981763
0.657150
0.330809
0.248382
0.236292
0.260198
0.228599
0.255363
0.191391
0.247060
0.317616
0.282192
0.257730
0.287467
0.290431
0.270497
0.311357
0.326960
0.371470
0.319497
0.450927
0.350305
0.339976
0.359221
0.363299
0.323465
0.398856
0.397430
0.330953
0.318366
0.249774
0.227491
0.292415
0.283175
0.263769
0.286015
0.392737
0.727777
0.888046
0.763118
0.425371
0.301913
0.322325
0.315686
0.372231
0.339057
0.417319
0.538663
0.672544
0.594435
0.519451
0.385656
0.399553
0.348240
0.316998
0.394000
0.410282
0.376589
0.341013
0.326152
0.307108
0.311514
0.365538
0.380838
0.441692
0.413781
0.415928
0.390135
0.389953
0.338433
0.320908
0.323898
0.340150
0.329438
0.366755
0.353341
0.327480
0.307909
0.336657
0.379261
0.335741
0.324449
0.305669
0.349671
0.409894
0.487603
0.524060
0.603463
0.502196
0.465603
0.427149
0.399750
0.329301
0.345744
0.382661
0.391622
0.359387
0.337477
0.314864
0.318202
0.314738
0.325143
0.343242
0.348270
0.404840
0.422012
0.438195
0.429890
0.425051
0.414769
0.411436
0.407906
0.367521
0.341197
0.286328
0.291199
0.269409
0.262218
0.266286
0.276242
0.282974
0.281477
0.291923
0.304119
0.333930
0.387551
0.390079
0.364359
0.361198
0.322556
0.301900
0.324813
0.369586
0.361491
0.360179
0.356800
0.285595
0.195306
0.113472
0.200664
0.232575
0.183126
0.172009
0.191765
0.308240
0.340325
0.240959
0.149578
0.211719
0.131089
0.065938
0.144903
0.150227
0.154210
0.169191
0.177625
0.209260
0.289509
0.219193
0.251367
0.212876
0.334290
0.955576
0.972316
0.779676
0.382319
0.297729
0.231583
0.302816
0.319131
0.331598
0.333855
0.364583
0.388170
0.260293
0.248859
0.362620
0.417422
0.327669
0.303999
0.320078
0.338053
0.299837
0.265461
0.370947
0.524968
0.541804
0.397590
0.320899
0.272321
0.269083
0.241798
0.268170
0.289713
0.306927
0.288248
0.291703
0.291606
0.278206
0.309676
0.296717
0.315958
0.295542
0.296329
0.296904
0.321125
0.353684
0.378410
0.380146
0.419847
0.393159
0.354452
0.356501
0.363884
0.356705
0.354684
0.350648
0.363117
0.325548
0.295109
0.266790
0.271067
0.286340
0.323084
0.339547
0.361580
0.319110
0.308993
0.288695
0.303850
0.282551
0.267931
0.277019
0.269579
0.279658
0.284506
0.276853
0.296374
0.322161
0.334523
0.349542
0.343409
0.330270
0.318470
0.323107
0.299851
0.280448
0.272113
0.271378
0.266434
0.268073
0.263476
0.277656
0.293179
0.285565
0.289684
0.286983
0.304971
0.320836
0.338731
0.310934
0.357754
0.373337
0.307276
0.278660
0.266555
0.307752
0.266071
0.300856
0.220140
0.218577
0.192891
0.173572
0.154010
0.237691
0.231440
0.236106
0.206708
0.238201
0.292120
0.275163
0.290958
0.263742
0.337001
0.899383
0.967808
0.705456
0.354085
0.307338
0.291652
0.334065
0.351273
0.346892
0.335849
0.375505
0.388882
0.380128
0.312534
0.398043
0.326765
0.307871
0.250679
0.264365
0.268937
0.330303
0.323588
0.449497
0.398081
0.373017
0.297443
0.240440
0.312979
0.309816
0.289685
0.306641
0.303334
0.311259
0.304542
0.326563
0.305457
0.291868
0.272325
0.298337
0.287667
0.310006
0.312958
0.342103
0.308063
0.306446
0.285333
0.282954
0.288702
0.293085
0.323340
0.362767
0.355390
0.358746
0.354958
0.342518
0.336785
0.343481
0.347804
0.353464
0.348686
0.351270
0.370237
0.354123
0.339792
0.315685
0.279722
0.270276
0.239280
0.226362
0.246625
0.265647
0.258624
0.252488
0.254700
0.289861
0.313906
0.341916
0.339974
0.328367
0.329611
0.320105
0.314635
0.320269
0.312818
0.336343
0.345415
0.330653
0.336464
0.331461
0.311830
0.300243
0.310691
0.313917
0.318684
0.311667
0.304207
0.293061
0.293655
0.293327
0.304056
0.316651
0.317858
0.320475
0.302841
0.290404
0.275036
0.300948
0.271457
0.279920
0.260206
0.272074
0.273210
0.261563
0.287896
0.299399
0.321164
0.310808
0.332025
0.350810
0.341757
0.316114
0.300480
0.286461
0.278993
0.279405
0.355581
0.448334
0.406724
0.406362
0.360168
0.326683
0.306584
0.292457
0.294177
0.285832
0.267344
0.268003
0.255829
0.262017
0.255210
0.261709
0.290995
0.272420
0.299961
0.286092
0.314218
0.315159
0.329575
0.339800
0.384608
0.385162
0.410163
0.362326
0.395281
0.389038
0.390764
0.377224
0.383995
0.334216
0.325612
0.273084
0.257115
0.263641
0.251905
0.244449
0.300981
0.304812
0.351130
0.370708
0.398946
0.410239
0.409521
0.440311
0.377631
0.360535
0.337092
0.359444
0.311355
0.300803
0.349204
0.676851
0.850292
0.864218
0.555262
0.334051
0.334297
0.334730
0.364333
0.353350
0.332137
0.317002
0.331062
0.344708
0.335474
0.335996
0.317267
0.319004
0.339955
0.358631
0.345926
0.343728
0.368023
0.403296
0.363867
0.418413
0.416151
0.390894
0.341992
0.332444
0.323129
0.335153
0.398655
0.453419
0.489711
0.423499
0.390069
0.323131
0.270766
0.242168
0.263076
0.292732
0.295251
0.301459
0.308409
0.318647
0.283620
0.292261
0.292412
0.324559
0.349400
0.401465
0.467365
0.511271
0.479384
0.422718
0.385928
0.333195
0.324038
0.344691
0.381465
0.343700
0.309064
0.281226
0.273889
0.274080
0.289654
0.289386
0.295505
0.301975
0.311077
0.359198
0.399766
0.406104
0.369775
0.356916
0.353763
0.337015
0.303240
0.293624
0.315692
0.359928
0.355867
0.381899
0.361131
0.447096
0.372353
0.354417
0.344974
0.325965
0.292787
0.300065
0.384164
0.370154
0.325577
0.365790
0.334770
0.335098
0.291627
0.385827
0.729249
0.856127
0.812793
0.638197
0.396682
0.329662
0.337766
0.333870
0.317407
0.335200
0.371919
0.363498
0.371588
0.362809
0.353651
0.404087
0.421487
0.509811
0.529475
0.576608
0.527836
0.489453
0.427699
0.340219
0.306738
0.301100
0.326755
0.336067
0.353629
0.343472
0.328831
0.306549
0.305238
0.327515
0.282775
0.287058
0.289081
0.330766
0.310623
0.329872
0.342305
0.393215
0.403077
0.444039
0.422525
0.414118
0.323055
0.300946
0.277160
0.316180
0.328423
0.374327
0.376989
0.371334
0.356403
0.351506
0.320650
0.322590
0.319403
0.318776
0.314100
0.397743
0.488808
0.562051
0.521711
0.459912
0.452706
0.384053
0.349431
0.319925
0.308069
0.311578
0.300673
0.326949
0.366154
0.364182
0.341213
0.333316
0.315026
0.309005
0.288021
0.280282
0.325507
0.363671
0.359944
0.330856
0.315879
0.305125
0.310108
0.301500
0.322503
0.339056
0.355832
0.332797
0.329984
0.311871
0.321276
0.324991
0.330017
0.364906
0.363758
0.383117
0.368840
0.366503
0.341782
0.296517
0.265028
0.257576
0.297024
0.285322
0.299192
0.289201
0.275952
0.258126
0.273643
0.266531
0.272905
0.269214
0.298388
0.386600
0.404088
0.409487
0.481956
0.576921
0.550012
0.521059
0.474560
0.414492
0.369291
0.370911
0.515291
0.559281
0.623657
0.445225
0.488298
0.384167
0.369980
0.328131
0.383466
0.342011
0.392770
0.328118
0.378643
0.350138
0.395102
0.405421
0.456595
0.421612
0.416202
0.465024
0.419536
0.384820
0.402283
0.419625
0.518786
0.758777
0.816863
0.691331
0.425873
0.330060
0.317591
0.318250
0.236084
0.288475
0.327678
0.313941
0.230111
0.283571
0.259237
0.334403
0.316389
0.337664
0.270849
0.330336
0.190063
0.169444
0.280581
0.290083
0.225124
0.157057
0.245912
0.240212
0.306781
0.264745
0.268108
0.234688
0.396696
0.979593
0.958887
0.539612
0.389911
0.310522
0.305525
0.391003
0.325362
0.362624
0.358029
0.423089
0.386704
0.517281
0.354417
0.558399
0.571510
0.503210
0.362948
0.261083
0.327488
0.279146
0.262634
0.270494
0.291469
0.324786
0.249935
0.236395
0.285078
0.299978
0.308284
0.342747
0.328711
0.323884
0.357425
0.359676
0.362477
0.374519
0.352813
0.350694
0.322613
0.321616
0.318341
0.313124
0.304701
0.317049
0.268100
0.293214
0.266028
0.258078
0.247631
0.263148
0.268425
0.276336
0.306217
0.376538
0.386578
0.399652
0.378714
0.350351
0.341060
0.318239
0.312840
0.310389
0.292497
0.273754
0.268153
0.270388
0.273560
0.290342
0.311100
0.325119
0.356862
0.398053
0.385844
0.392359
0.364625
0.367511
0.351131
0.342693
0.361556
0.394036
0.367290
0.376034
0.395403
0.347253
0.348063
0.333036
0.369195
0.348386
0.334929
0.226693
0.167219
0.202665
0.223342
0.187322
0.186456
0.192905
0.271810
0.305088
0.268137
0.244128
0.191621
0.218464
0.163203
0.230213
0.258178
0.246428
0.188836
0.287626
0.284721
0.485067
0.309588
0.338019
0.260027
0.496770
0.980002
0.958172
0.564687
0.408253
0.345400
0.332219
0.382142
0.341277
0.321255
0.380945
0.415177
0.479899
0.361831
0.524475
0.532684
0.467879
0.529860
0.462837
0.483376
0.496479
0.474604
0.380725
0.280519
0.265739
0.294897
0.292423
0.223320
0.258608
0.296732
0.299245
0.304028
0.327506
0.334132
0.401952
0.424028
0.413201
0.443806
0.469335
0.423391
0.382136
0.347687
0.321302
0.313491
0.388422
0.404215
0.391703
0.403415
0.424768
0.381995
0.342366
0.319287
0.329158
0.313294
0.344678
0.391479
0.482965
0.407822
0.434199
0.349325
0.382235
0.327982
0.341142
0.290019
0.287171
0.263025
0.252902
0.274460
0.298055
0.317500
0.303633
0.309266
0.311661
0.266486
0.265595
0.273487
0.271941
0.285313
0.314634
0.325527
0.322950
0.334762
0.306786
0.311205
0.319321
0.342979
0.336542
0.320870
0.338127
0.342663
0.313588
0.302843
0.303685
0.328726
0.340785
0.354268
0.363902
0.351727
0.342908
0.358346
0.362504
0.391022
0.384003
0.371652
0.345787
0.327231
0.306505
0.275030
0.268296
0.247508
0.275773
0.277044
0.309577
0.506023
0.776133
0.854615
0.710618
0.553123
0.519977
0.374686
0.377074
0.366412
0.356436
0.407576
0.432226
0.451040
0.375857
0.326066
0.363662
0.434337
0.459710
0.337650
0.367708
0.942109
0.933018
0.554567
0.397791
0.328521
0.299888
0.406193
0.487755
0.420622
0.350981
0.352312
0.341745
0.340576
0.387059
0.404587
0.349697
0.269187
0.248882
0.216497
0.234514
0.274838
0.272977
0.236554
0.279112
0.376633
0.311756
0.461675
0.342061
0.329097
0.388001
0.469661
0.470030
0.423030
0.371378
0.309471
0.309904
0.273853
0.285006
0.301145
0.307125
0.288458
0.275093
0.432493
0.900792
0.874911
0.683932
0.496427
0.356370
0.396680
0.398999
0.416613
0.457422
0.515971
0.522220
0.404329
0.344487
0.354132
0.403834
0.375861
0.409821
0.423555
0.389389
0.326151
0.410807
0.345748
0.304107
0.284935
0.321820
0.317620
0.328178
0.427682
0.865506
0.842449
0.530199
0.382769
0.358261
0.379512
0.386869
0.450566
0.506338
0.561837
0.605366
0.365272
0.307748
0.288948
0.288251
0.288935
0.307275
0.320006
0.299399
0.323819
0.395940
0.409387
0.433472
0.438326
0.435298
0.465890
0.405361
0.395139
0.391302
0.425309
0.371086
0.375596
0.350704
0.399059
0.352267
0.310672
0.365574
0.524253
0.793909
0.852296
0.692455
0.422974
0.374791
0.383571
0.392777
0.495727
0.457942
0.436629
0.360356
0.388603
0.363525
0.380910
0.472153
0.586727
0.621918
0.528563
0.470001
0.419748
0.379457
0.314663
0.321637
0.321364
0.261415
0.288704
0.303119
0.343127
0.417451
0.475107
0.501717
0.491893
0.474310
0.387249
0.372995
0.397020
0.349878
0.346046
0.396766
0.400554
0.415616
0.358183
0.360272
0.341924
0.344059
0.350622
0.360623
0.343732
0.332224
0.352435
0.365836
0.338690
0.466105
0.426508
0.433419
0.389573
0.379117
0.333191
0.311322
0.296819
0.329922
0.292445
0.319021
0.318392
0.346777
0.812789
0.936636
0.791583
0.447628
0.393051
0.341920
0.368367
0.389536
0.392299
0.437693
0.416672
0.408843
0.361406
0.304269
0.309189
0.327636
0.338930
0.377366
0.406424
0.418883
0.430705
0.423527
0.387374
0.400601
0.435376
0.466958
0.418147
0.361882
0.380482
0.334127
0.287817
0.282553
0.295210
0.282146
0.321963
0.340896
0.358532
0.352310
0.319884
0.246650
0.211291
0.205842
0.228984
0.225182
0.225241
0.275831
0.288675
0.328332
0.417652
0.432722
0.432867
0.383832
0.424949
0.406484
0.427416
0.405598
0.436017
0.464680
0.429059
0.392908
0.398187
0.424354
0.397604
0.368568
0.375807
0.330407
0.323757
0.313280
0.308105
0.336075
0.340698
0.332527
0.289139
0.275675
0.268751
0.256577
0.248845
0.269584
0.255965
0.253378
0.256731
0.254552
0.261220
0.266104
0.280803
0.327119
0.322680
0.327997
0.381733
0.374812
0.432564
0.514595
0.442961
0.436146
0.368925
0.347545
0.293923
0.299504
0.242449
0.270029
0.277743
0.275301
0.269921
0.426373
0.863151
0.900798
0.662223
0.557782
0.442517
0.372266
0.376537
0.381459
0.428308
0.386409
0.398259
0.453476
0.759119
0.864562
0.695324
0.518862
0.392395
0.377833
0.393011
0.443513
0.549466
0.796311
0.809484
0.717545
0.577431
0.533305
0.399862
0.375178
0.383529
0.395163
0.369064
0.458881
0.465999
0.481689
0.445996
0.404655
0.376364
0.380552
0.386545
0.420088
0.471660
0.495919
0.442665
0.413858
0.417005
0.430976
0.388457
0.339789
0.344027
0.324690
0.285942
0.274909
0.259129
0.259343
0.254015
0.270342
0.266210
0.295547
0.305871
0.322995
0.366775
0.371546
0.366201
0.380078
0.376528
0.381204
0.347124
0.374369
0.394458
0.428464
0.390861
0.377570
0.310961
0.301534
0.285611
0.289338
0.304033
0.318415
0.385181
0.368260
0.371099
0.353330
0.331460
0.305336
0.352258
0.315045
0.332416
0.344052
0.359463
0.329695
0.340926
0.363496
0.354372
0.322305
0.352362
0.325466
0.334576
0.324374
0.433499
0.758050
0.910886
0.825295
0.578945
0.374718
0.342563
0.352114
0.387511
0.382997
0.368167
0.446180
0.528409
0.462978
0.466958
0.414969
0.430786
0.414282
0.397216
0.391647
0.398469
0.374449
0.388890
0.433098
0.504850
0.561740
0.577997
0.573636
0.460646
0.390220
0.374543
0.381404
0.395621
0.347250
0.372806
0.393399
0.412163
0.403933
0.514999
0.774404
0.867391
0.781590
0.657270
0.510249
0.391614
0.384461
0.375592
0.458255
0.439127
0.452643
0.427060
0.391424
0.383861
0.405639
0.420017
0.460041
0.477322
0.422939
0.442302
0.439766
0.442657
0.380140
0.406990
0.419760
0.440504
0.379836
0.405946
0.377127
0.384702
0.381328
0.457690
0.463132
0.453198
0.390836
0.339828
0.258262
0.251870
0.266213
0.286532
0.285460
0.302448
0.316007
0.363123
0.343051
0.338847
0.335020
0.325208
0.294501
0.285794
0.298407
0.390711
0.354471
0.333670
0.366719
0.346658
0.306459
0.286247
0.306116
0.275261
0.292100
0.366822
0.364150
0.381259
0.396678
0.343713
0.344079
0.333249
0.343817
0.355035
0.347659
0.356948
0.350389
0.760990
0.906851
0.848633
0.549715
0.466066
0.407596
0.402515
0.379284
0.361214
0.343207
0.357766
0.434689
0.596032
0.710138
0.794383
0.615889
0.367180
0.341900
0.354367
0.409225
0.415165
0.415108
0.414724
0.395518
0.365271
0.371473
0.337097
0.347503
0.336665
0.317820
0.323935
0.349479
0.346444
0.307018
0.340668
0.359813
0.398732
0.374316
0.330389
0.325230
0.327293
0.328953
0.373039
0.333304
0.323707
0.308584
0.306530
0.273259
0.274584
0.268511
0.334197
0.327272
0.329458
0.319869
0.344802
0.351310
0.334739
0.344717
0.315631
0.326946
0.370528
0.386498
0.359035
0.323578
0.277310
0.258875
0.280718
0.307941
0.309242
0.328404
0.344695
0.355692
0.402325
0.423093
0.426713
0.442274
0.431259
0.465953
0.441759
0.486928
0.481447
0.465928
0.469793
0.524740
0.790163
0.858680
0.839686
0.703833
0.522658
0.455347
0.456839
0.438452
0.481588
0.459548
0.489419
0.466760
0.440287
0.427697
0.434397
0.440462
0.442083
0.415640
0.432915
0.443039
0.430124
0.430230
0.413269
0.412121
0.404491
0.399604
0.357324
0.318143
0.295837
0.270935
0.263993
0.259990
0.279695
0.252391
0.262480
0.274993
0.268786
0.297474
0.299756
0.350020
0.327803
0.349233
0.335961
0.311743
0.348778
0.373542
0.458632
0.455375
0.431864
0.382793
0.357837
0.343155
0.334180
0.336984
0.358893
0.309603
0.310589
0.355158
0.328902
0.383895
0.415016
0.435617
0.392262
0.340711
0.312982
0.328897
0.373873
0.367178
0.367202
0.391217
0.430594
0.425521
0.525581
0.799707
0.856752
0.702957
0.558996
0.337636
0.337995
0.389634
0.388756
0.424208
0.363367
0.393221
0.384796
0.388886
0.412251
0.399825
0.355786
0.312042
0.339807
0.361802
0.365378
0.343510
0.362428
0.378479
0.421390
0.374061
0.403014
0.372955
0.375312
0.338288
0.343062
0.341106
0.363066
0.355166
0.331392
0.281378
0.270038
0.288346
0.280420
0.285268
0.264336
0.287811
0.280669
0.307330
0.320404
0.313007
0.337674
0.337067
0.296786
0.275299
0.284213
0.293120
0.280987
0.290801
0.362231
0.384502
0.415075
0.392841
0.400576
0.352669
0.370849
0.299204
0.304961
0.302753
0.330625
0.326928
0.358717
0.342060
0.324672
0.302475
0.303530
0.311567
0.300477
0.305074
0.319455
0.329653
0.378945
0.413209
0.485691
0.560304
0.434597
0.408468
0.362496
0.336312
0.315042
0.294378
0.308994
0.312518
0.328590
0.367088
0.369475
0.352801
0.299674
0.309483
0.329962
0.324221
0.293166
0.319003
0.342354
0.375392
0.340175
0.394218
0.532947
0.578381
0.584887
0.546809
0.459554
0.426187
0.411416
0.409872
0.406289
0.414641
0.387705
0.421814
0.369864
0.447028
0.514137
0.764133
0.845010
0.767520
0.593853
0.550696
0.471802
0.402623
0.449173
0.443952
0.485421
0.426057
0.397702
0.409557
0.362571
0.438655
0.432512
0.468761
0.461666
0.902906
0.914367
0.657731
0.485561
0.383096
0.429421
0.443053
0.484325
0.530908
0.511949
0.454026
0.402981
0.361191
0.349393
0.334480
0.294610
0.342735
0.347184
0.356075
0.305628
0.382479
0.434196
0.434387
0.456278
0.429331
0.450676
0.311650
0.283232
0.338492
0.334576
0.332078
0.350889
0.359228
0.433328
0.354203
0.327493
0.273478
0.275605
0.297103
0.309535
0.277199
0.290821
0.263184
0.249972
0.241028
0.242352
0.227415
0.247058
0.267722
0.293481
0.319096
0.342376
0.312111
0.302680
0.294328
0.339909
0.307407
0.314005
0.305360
0.301573
0.287014
0.316537
0.390265
0.456514
0.448709
0.416856
0.405968
0.405228
0.398733
0.401835
0.436636
0.422641
0.414788
0.417330
0.459912
0.457038
0.460555
0.437502
0.508881
0.506818
0.559643
0.798983
0.823052
0.713411
0.658442
0.573996
0.486880
0.450819
0.489473
0.458625
0.459607
0.466397
0.502030
0.452066
0.463824
0.425887
0.451100
0.465072
0.466379
0.529389
0.451461
0.454496
0.525330
0.523686
0.562715
0.929196
0.880493
0.647311
0.460650
0.322614
0.357189
0.362201
0.365365
0.352259
0.384823
0.362492
0.344443
0.313007
0.382680
0.389588
0.340312
0.330647
0.332365
0.310199
0.276530
0.337738
0.380710
0.395280
0.376082
0.358875
0.365470
0.315171
0.334449
0.359912
0.352911
0.310977
0.309185
0.285224
0.287361
0.287649
0.270116
0.304276
0.352765
0.346429
0.340716
0.320302
0.311963
0.302719
0.306706
0.333677
0.317232
0.332816
0.337794
0.342753
0.318098
0.309395
0.271391
0.284599
0.270124
0.266953
0.285104
0.346733
0.460988
0.500859
0.467430
0.496141
0.394821
0.340724
0.374730
0.419687
0.368681
0.399338
0.342395
0.444194
0.464166
0.479930
0.544501
0.490997
0.374704
0.378222
0.314466
0.360405
0.322960
0.363735
0.321500
0.448793
0.381094
0.383504
0.508663
0.433454
0.546725
0.887337
0.916903
0.746167
0.545061
0.503379
0.361249
0.418398
0.429820
0.456737
0.555925
0.437361
0.376317
0.350508
0.364364
0.420072
0.342200
0.361446
0.405149
0.458082
0.398404
0.407180
0.453064
0.470313
0.399980
0.400722
0.369954
0.314722
0.301118
0.293040
0.289206
0.301103
0.334011
0.338179
0.353486
0.323510
0.353388
0.325871
0.337675
0.412409
0.515600
0.495755
0.540420
0.483727
0.439105
0.412273
0.431962
0.348177
0.361132
0.336578
0.388205
0.337430
0.405446
0.307295
0.332407
0.310620
0.369925
0.385724
0.868819
0.926108
0.736574
0.577880
0.588289
0.657890
0.476108
0.374688
0.361584
0.344905
0.396423
0.339917
0.462210
0.536923
0.487592
0.440545
0.538698
0.458724
0.479850
0.413307
0.554443
0.559107
0.576203
0.522305
0.529677
0.467150
0.415979
0.414535
0.455267
0.504536
0.741022
0.842673
0.799816
0.675025
0.565898
0.425197
0.378323
0.371988
0.392695
0.367612
0.433256
0.426260
0.433537
0.431678
0.416525
0.410439
0.434554
0.442588
0.475781
0.469913
0.457864
0.441612
0.384429
0.370231
0.368289
0.387931
0.406169
0.392563
0.383841
0.349807
0.303541
0.276483
0.268891
0.287777
0.278559
0.296632
0.318400
0.351875
0.381746
0.402166
0.398257
0.372724
0.411076
0.426658
0.444386
0.484225
0.440437
0.450497
0.403628
0.457789
0.505345
0.569422
0.681583
0.788479
0.709711
0.726447
0.781082
0.840323
0.770162
0.550754
0.446025
0.467608
0.412992
0.464958
0.511058
0.499026
0.540671
0.485572
0.439614
0.412892
0.418752
0.408901
0.385234
0.391102
0.369470
0.379910
0.367352
0.485191
0.506985
0.604058
0.610477
0.526072
0.431970
0.388652
0.327225
0.330908
0.338189
0.340286
0.317855
0.315759
0.308360
0.314996
0.296994
0.304474
0.346530
0.414854
0.425684
0.405615
0.410466
0.419633
0.372214
0.369600
0.364569
0.418728
0.488016
0.390055
0.377705
0.362738
0.311777
0.319790
0.317886
0.336368
0.309414
0.297876
0.290950
0.296118
0.310840
0.263962
0.311537
0.307586
0.333915
0.302965
0.262556
0.246683
0.273099
0.249846
0.262226
0.297171
0.326156
0.313851
0.302848
0.290703
0.278074
0.298202
0.303243
0.306138
0.362528
0.448208
0.462573
0.414115
0.327247
0.293759
0.298373
0.305364
0.318472
0.334556
0.342066
0.330223
0.296875
0.266162
0.295137
0.308337
0.273966
0.283474
0.274867
0.298498
0.297169
0.335944
0.314833
0.312055
0.337854
0.387269
0.420430
0.429811
0.381457
0.384485
0.364686
0.333269
0.333077
0.324033
0.320850
0.314205
0.291704
0.311480
0.321897
0.305372
0.307234
0.277047
0.269169
0.254500
0.256715
0.292363
0.321469
0.350497
0.343012
0.344760
0.302992
0.281690
0.284403
0.269754
0.269585
0.284527
0.337241
0.362526
0.359095
0.348487
0.355171
0.341600
0.319990
0.345571
0.353717
0.304506
0.297594
0.327291
0.373478
0.420233
0.463614
0.602303
0.638639
0.671649
0.582754
0.491483
0.424880
0.378964
0.376920
0.341726
0.350721
0.392186
0.363333
0.367323
0.389699
0.543448
0.845813
0.922700
0.746693
0.540795
0.543950
0.432762
0.408080
0.401104
0.385347
0.376056
0.416470
0.458002
0.519894
0.542675
0.464820
0.438550
0.405585
0.394961
0.401178
0.422516
0.421820
0.426579
0.489882
0.510747
0.564837
0.568476
0.560655
0.555037
0.523416
0.555133
0.693353
0.860889
0.863307
0.729128
0.636794
0.741723
0.750370
0.755799
0.701371
0.613168
0.552054
0.519049
0.504968
0.426086
0.407868
0.397910
0.401202
0.425035
0.448187
0.436174
0.448149
0.493439
0.486700
0.502482
0.521214
0.539003
0.584491
0.591462
0.608839
0.603888
0.589078
0.522039
0.536572
0.541500
0.574209
0.709226
0.840101
0.819168
0.655559
0.624676
0.687129
0.730580
0.832712
0.747460
0.688878
0.566094
0.556186
0.469690
0.428620
0.477259
0.534865
0.514693
0.505905
0.456185
0.418316
0.456410
0.498959
0.497853
0.556639
0.552175
0.557176
0.523859
0.464959
0.413774
0.401326
0.442945
0.457002
0.462942
0.442093
0.476631
0.610519
0.775917
0.819695
0.676708
0.538572
0.508870
0.518125
0.719489
0.653751
0.666970
0.528118
0.531334
0.494996
0.555701
0.728901
0.792500
0.731020
0.634792
0.624651
0.603117
0.554828
0.460024
0.444316
0.412699
0.411579
0.400005
0.369257
0.421324
0.396324
0.383358
0.413082
0.409322
0.430002
0.452242
0.475146
0.493221
0.449258
0.424512
0.434361
0.441218
0.413992
0.395836
0.412027
0.362806
0.362932
0.333437
0.312094
0.296756
0.333496
0.273658
0.308884
0.270833
0.300590
0.279750
0.296920
0.275277
0.311409
0.307914
0.332204
0.341644
0.396340
0.401737
0.494648
0.445799
0.467612
0.359304
0.324855
0.277586
0.269130
0.265714
0.281805
0.275770
0.315193
0.347580
0.355598
0.384893
0.376021
0.375779
0.376753
0.359614
0.358247
0.318308
0.327128
0.289659
0.323734
0.315126
0.353610
0.359469
0.441129
0.397343
0.422420
0.419491
0.427196
0.406660
0.390094
0.400996
0.412951
0.408198
0.422927
0.370950
0.369670
0.364358
0.379126
0.409354
0.496833
0.727871
0.790725
0.743970
0.705278
0.575944
0.485334
0.424996
0.475466
0.484719
0.489936
0.530972
0.452585
0.406317
0.402216
0.423972
0.420151
0.426614
0.416419
0.469991
0.612792
0.716558
0.726341
0.580454
0.512377
0.449569
0.435808
0.461250
0.612226
0.752383
0.838611
0.718790
0.594890
0.520133
0.464625
0.404045
0.383734
0.437571
0.457994
0.510769
0.469640
0.544981
0.503567
0.505447
0.490130
0.502742
0.479540
0.477771
0.517872
0.545827
0.539298
0.514124
0.472983
0.539166
0.576884
0.662272
0.821974
0.828865
0.696563
0.598691
0.511855
0.394975
0.366835
0.425080
0.489246
0.461277
0.459790
0.423813
0.382850
0.422605
0.408334
0.426126
0.435391
0.395227
0.427433
0.439016
0.398095
0.384707
0.376135
0.393547
0.416482
0.427534
0.402758
0.394161
0.388000
0.392075
0.352609
0.351486
0.304412
0.297560
0.277504
0.290229
0.284066
0.321152
0.345750
0.339074
0.338210
0.318813
0.299946
0.296398
0.275573
0.287946
0.270875
0.267270
0.306823
0.309777
0.310796
0.308751
0.283417
0.267576
0.306683
0.275056
0.300886
0.315420
0.290965
0.275218
0.314238
0.354456
0.363305
0.377468
0.385095
0.420787
0.463232
0.508404
0.563677
0.550167
0.576732
0.583134
0.712137
0.702314
0.673114
0.704725
0.570252
0.597934
0.703177
0.839937
0.865734
0.770755
0.648810
0.508858
0.504975
0.452588
0.467650
0.459232
0.451224
0.450254
0.420447
0.375788
0.380329
0.398765
0.415518
0.458843
0.456631
0.453163
0.457925
0.455181
0.459918
0.449728
0.497434
0.536600
0.549100
0.462918
0.459386
0.423971
0.377152
0.348213
0.371821
0.364179
0.335246
0.320392
0.342654
0.381328
0.369089
0.387489
0.424455
0.371482
0.457155
0.429165
0.504971
0.465043
0.463405
0.401575
0.393943
0.358869
0.338286
0.281885
0.281129
