# True Peaks (Indices)
86
87
101
102
198
199
261
262
280
281
326
327
356
357
359
360
391
392
435
436
501
502
537
538
547
548
557
558
650
651
676
677
679
680
689
690
710
711
735
736
771
772
775
776
794
795
808
809
824
825
829
830
845
846
847
848
868
869
873
874
905
906
907
908
909
910
958
959
973
974
1001
1002
1007
1008
1011
1012
1016
1017
1036
1037
1040
1041
1056
1057
1058
1075
1076
1100
1101
1111
1112
1129
1130
1140
1141
1145
1146
1162
1163
1171
1172
1233
1234
1238
1239
1240
1242
1243
1248
1249
1253
1254
1284
1285
1297
1298
1305
1306
1314
1315
1330
1331
1333
1334
1335
1344
1345
1346
1347
1356
1357
1368
1369
1371
1372
1391
1392
1393
1397
1398
1405
1406
1409
1410
1411
1412
1422
1423
1452
1453
1458
1459
1460
1470
1471
1472
1485
1486
1498
1499
1501
1502
1507
1508
1528
1529
1534
1535
1539
1540
1550
1551
1567
1568
1573
1574
1582
1583
1586
1587
1609
1610
1611
1612
1614
1615
1620
1621
1626
1627
1630
1631
1632
1633
1635
1636
1639
1640
1641
1642
1652
1653
1654
1665
1666
1671
1672
1696
1697
1712
1713
1714
1717
1718
1722
1723
1728
1729
1737
1738
1739
1740
1741
1744
1745
1754
1755
1766
1767
1793
1794
1806
1807
1815
1816
1820
1821
1825
1826
1828
1829
1830
1841
1842
1845
1846
1850
1851
1860
1861
1864
1865
1886
1887
1904
1905
1906
1912
1913
1916
1917
1919
1920
1923
1924
1955
1956
1970
1971
1972
1973
1975
1976
1980
1981
1983
1984
1985
1986
1987
1988
2017
2018
2019
2020
2021
2025
2026
2027
2028
2029
2030
2033
2034
2048
2049
2054
2055
2056
2059
2060
2070
2071
2072
2073
2075
2076
2077
2078
2080
2081
2087
2088
2089
2090
2091
2092
2098
2099
2110
2111
2113
2114
2116
2117
2120
2121
2130
2131
2135
2136
2137
2138
2146
2147
2148
2154
2155
2162
2163
2167
2168
2169
2170
2178
2179
2190
2191
2193
2194
2197
2198
2201
2202
2203
2208
2209
2223
2224
2226
2227
2228
2230
2231
2238
2239
2243
2244
2252
2253
2263
2264
2270
2271
2272
2273
2274
2275
2276
2277
2278
2279
2286
2287
2288
2289
2290
2298
2299
2309
2310
2323
2324
2328
2329
2336
2337
2339
2340
2341
2349
2350
2352
2353
2357
2358
2359
2360
2361
2362
2368
2369
2370
2371
2374
2375
2377
2378
2400
2401
2405
2406
2408
2409
2410
2411
2415
2416
2418
2419
2420
2423
2424
2435
2436
2444
2445
2447
2448
2460
2461
2463
2464
2465
2466
2467
2470
2471
2475
2476
2492
2493
2494
2495
2508
2509
2511
2512
2513
2524
2525
2532
2533
2541
2542
2545
2546
2549
2550
2553
2554
2557
2558
2563
2564
2568
2569
2571
2572
2588
2589
2590
2591
2592
2598
2599
2606
2607
2613
2614
2616
2617
2618
2619
2621
2622
2628
2629
2630
2634
2635
2636
2643
2644
2650
2651
2652
2653
2654
2655
2658
2659
2662
2663
2664
2667
2668
2669
2670
2675
2676
2678
2679
2680
2681
2684
2685
2688
2689
2691
2692
2693
2694
2696
2697
2699
2700
2704
2705
2706
2707
2708
2709
2710
2711
2712
2720
2721
2724
2725
2726
2730
2731
2734
2735
2736
2737
2738
2745
2746
2747
2748
2749
2753
2754
2755
2756
2768
2769
2770
2771
2772
2787
2788
2790
2791
2792
2793
2794
2801
2802
2804
2805
2806
2807
2808
2809
2819
2820
2823
2824
2826
2827
2829
2830
2835
2836
2839
2840
2841
2846
2847
2853
2854
2855
2856
2857
2858
2869
2870
2871
2873
2874
2875
2877
2878
2882
2883
2885
2886
2893
2894
2898
2899
2903
2904
2906
2907
2911
2912
2913
2914
2915
2920
2921
2927
2928
2931
2932
2933
2934
2935
2936
2939
2940
2947
2948
2949
2950
2951
2953
2954
2968
2969
2971
2972
2977
2978
2989
2990
2991
2992
3032
3033
3036
3037
3040
3041
3042
3043
3044
3045
3046
3047
3057
3058
3059
3060
3061
3062
3084
3085
3087
3088
3090
3091
3093
3094
3095
3096
3108
3109
3110
3111
3116
3117
3118
3119
3123
3124
3125
3126
3129
3130
3133
3134
3135
3136
3137
3139
3140
3147
3148
3152
3153
3155
3156
3157
3158
3159
3164
3165
3169
3170
3171
3172
3174
3175
3189
3190
3192
3193
3194
3195
3196
3200
3201
3205
3206
3211
3212
3214
3215
3216
3217
3224
3225
3226
3227
3229
3230
3231
3232
3239
3240
3243
3244
3245
3246
3247
3248
3249
3250
3254
3255
3256
3257
3263
3264
3266
3267
3268
3269
3270
3271
3279
3280
3281
3282
3285
3286
3289
3290
3291
3293
3294
3298
3299
3300
3301
3304
3305
3306
3307
3308
3309
3310
3311
3318
3319
3324
3325
3327
3328
3330
3331
3336
3337
3340
3341
3342
3343
3351
3352
3354
3355
3357
3358
3364
3365
3366
3367
3368
3369
3370
3372
3373
3374
3375
3386
3387
3391
3392
3393
3394
3395
3398
3399
3400
3401
3402
3403
3404
3405
3408
3409
3410
3411
3418
3419
3420
3421
3422
3423
3426
3427
3433
3434
3439
3440
3448
3449
3454
3455
3457
3458
3467
3468
3469
3470
3485
3486
3487
3489
3490
3491
3492
3493
3494
3495
3496
3499
