# True Peaks (Indices)
10
11
127
128
303
304
305
306
307
520
521
524
525
526
527
699
700
702
703
704
705
748
749
755
756
761
762
851
852
853
854
899
900
903
904
905
906
993
994
1004
1005
1046
1047
1123
1124
1125
1127
1128
1129
1130
1131
1132
1135
1136
1137
1138
1171
1172
1173
1174
1249
1250
1252
1253
1255
1256
1259
1260
1284
1285
1286
1287
1293
1294
1365
1366
1367
1412
1413
1464
1465
1466
1467
1477
1478
1505
1506
1510
1511
1516
1517
1569
1570
1574
1575
1577
1578
1579
1580
1582
1583
1584
1585
1588
1589
1616
1617
1619
1620
1668
1669
1670
1672
1673
1674
1675
1676
1677
1678
1679
1680
1681
1683
1684
1685
1688
1689
1777
1778
1787
1788
1797
1798
1799
1800
1807
1808
1815
1816
1868
1869
1870
1871
1876
1877
1881
1882
1898
1899
1904
1905
1951
1952
1956
1957
1958
1959
1961
1962
1980
1981
1985
1986
1989
1990
2039
2040
2041
2049
2050
2055
2056
2062
2063
2075
2076
2077
2078
2087
2088
2090
2091
2118
2119
2121
2122
2125
2126
2128
2129
2130
2131
2133
2134
2136
2137
2138
2139
2140
2142
2143
2144
2145
2151
2152
2161
2162
2163
2169
2170
2220
2221
2223
2224
2285
2286
2290
2291
2292
2293
2310
2311
2314
2315
2320
2321
2324
2325
2329
2330
2331
2373
2374
2375
2376
2377
2380
2381
2382
2386
2387
2388
2389
2393
2394
2396
2397
2402
2403
2404
2405
2406
2407
2409
2410
2411
2412
2413
2414
2418
2419
2421
2422
2459
2460
2461
2465
2466
2524
2525
2530
2531
2533
2534
2535
2536
2537
2538
2539
2543
2544
2546
2547
2550
2551
2552
2553
2556
2557
2602
2603
2604
2613
2614
2617
2618
2625
2626
2628
2629
2638
2639
2643
2644
2677
2678
2682
2683
2693
2694
2698
2699
2701
2702
2705
2706
2709
2710
2723
2724
2731
2732
2761
2762
2763
2764
2765
2771
2772
2774
2775
2779
2780
2783
2784
2786
2787
2792
2793
2798
2799
2800
2803
2804
2807
2808
2809
2810
2820
2821
2823
2824
2842
2843
2852
2853
2862
2863
2895
2896
2900
2901
2902
2903
2904
2908
2909
2910
2911
2912
2913
2914
2915
2916
2917
2918
2919
2923
2924
2925
2926
2927
2965
2966
2967
2971
2972
2973
2974
2985
2986
2987
2988
2989
2991
2992
3001
3002
3003
3004
3006
3007
3009
3010
3011
3016
3017
3018
3026
3027
3045
3046
3050
3051
3057
3058
3059
3062
3063
3065
3066
3092
3093
3101
3102
3122
3123
3124
3130
3131
3143
3144
3179
3180
3189
3190
3196
3197
3199
3200
3202
3203
3204
3209
3210
3211
3214
3215
3219
3220
3221
3222
3250
3251
3252
3253
3259
3260
3262
3263
3266
3267
3268
3269
3270
3271
3272
3273
3274
3280
3281
3282
3283
3284
3285
3286
3287
3288
3289
3293
3294
3297
3298
3300
3301
3302
3305
3306
3320
3321
3325
3326
3328
3329
3337
3338
3348
3349
3354
3355
3358
3359
3364
3365
3367
3368
3377
3378
3415
3416
3417
3418
3419
3432
3433
3453
3454
3476
3477
3481
3482
3485
3486
3488
3489
3491
3492
3493
3494
3496
3497
