# Predictions (Probabilities)
0.303977
0.314880
0.328414
0.332650
0.366745
0.399719
0.431579
0.468815
0.426923
0.419190
0.356126
0.335614
0.300573
0.307195
0.298055
0.326755
0.282976
0.270052
0.236622
0.231075
0.234451
0.236192
0.238962
0.239679
0.244704
0.250256
0.283415
0.286168
0.303261
0.299474
0.316427
0.315205
0.321805
0.339322
0.380219
0.410300
0.456802
0.443828
0.435956
0.393943
0.360415
0.315094
0.288910
0.286435
0.283963
0.276594
0.263425
0.271048
0.268725
0.267368
0.270608
0.277670
0.276167
0.254671
0.263823
0.274173
0.277715
0.266009
0.287473
0.303253
0.235414
0.233372
0.230271
0.267496
0.220013
0.171750
0.208678
0.243678
0.225568
0.282221
0.238287
0.299337
0.251492
0.134889
0.130644
0.211190
0.090403
0.089388
0.053232
0.069678
0.044212
0.061440
0.086496
0.104071
0.234505
0.642681
0.986980
0.883840
0.031794
0.178225
0.177015
0.165992
0.136585
0.099778
0.128905
0.113888
0.075325
0.123678
0.135752
0.198815
0.307915
0.944260
0.913354
0.560229
0.155598
0.202490
0.223907
0.184071
0.148270
0.110343
0.184721
0.212549
0.161861
0.187307
0.221709
0.322903
0.199963
0.275945
0.229359
0.259552
0.172990
0.255955
0.193693
0.250930
0.225382
0.267361
0.321445
0.342646
0.366790
0.336586
0.309850
0.265076
0.263361
0.264838
0.272581
0.271104
0.264004
0.263091
0.253412
0.255349
0.259347
0.278832
0.270435
0.279741
0.267633
0.270730
0.272237
0.286306
0.290122
0.309247
0.307100
0.331346
0.292362
0.288944
0.290983
0.324740
0.306132
0.325677
0.302265
0.294185
0.289447
0.273981
0.274668
0.273430
0.285261
0.278251
0.278666
0.270917
0.266744
0.270990
0.270705
0.284551
0.265749
0.236962
0.233341
0.271133
0.209109
0.198996
0.204662
0.187136
0.181289
0.217801
0.113704
0.183113
0.201542
0.149385
0.111257
0.153480
0.102747
0.105044
0.060915
0.094632
0.114958
0.159780
0.145623
0.190484
0.286949
0.579796
0.985796
0.921951
0.298327
0.165928
0.174034
0.208092
0.203524
0.182050
0.152281
0.139848
0.149128
0.218788
0.182589
0.194857
0.164261
0.148488
0.183432
0.206262
0.165470
0.148633
0.211121
0.165441
0.224100
0.184047
0.241598
0.235245
0.297337
0.310377
0.318409
0.350657
0.343961
0.335150
0.310019
0.328791
0.355730
0.369039
0.296434
0.115965
0.000000
0.207664
0.179588
0.157593
0.064723
0.086227
0.133793
0.135811
0.189091
0.044966
0.037011
0.017718
0.001843
0.020773
0.142476
0.071306
0.124354
0.028672
0.176032
0.107361
0.108501
0.065253
0.210737
0.208899
0.387643
0.994604
0.833909
0.332036
0.307713
0.294627
0.282065
0.209274
0.190666
0.138938
0.133715
0.149388
0.181349
0.131452
0.226848
0.266632
0.389161
0.387701
0.429230
0.738151
0.633595
0.536154
0.380309
0.290081
0.174356
0.009868
0.107156
0.353268
0.196144
0.108838
0.351328
0.343353
0.362388
0.343532
0.362130
0.383185
0.421339
0.432210
0.447179
0.419295
0.424076
0.402066
0.397393
0.392064
0.348919
0.335740
0.311716
0.298831
0.292293
0.298342
0.292046
0.321125
0.319203
0.278953
0.268521
0.297817
0.318393
0.290434
0.268682
0.278023
0.345607
0.363106
0.407135
0.651264
0.687027
0.774437
0.699940
0.614977
0.386100
0.312446
0.292490
0.319758
0.335249
0.323265
0.321731
0.319252
0.353097
0.392367
0.373438
0.363822
0.385269
0.381107
0.382597
0.421514
0.403657
0.441830
0.374526
0.412374
0.271371
0.279742
0.287896
0.276881
0.241895
0.259509
0.384308
0.643326
0.877181
0.905555
0.583224
0.390833
0.329889
0.263486
0.299490
0.295805
0.309226
0.249616
0.318756
0.321149
0.325362
0.297954
0.295720
0.315926
0.299584
0.291198
0.323265
0.278007
0.280569
0.264291
0.295716
0.306956
0.314789
0.330972
0.326331
0.251755
0.256277
0.271095
0.259926
0.253795
0.336645
0.544168
0.718228
0.900246
0.838692
0.421375
0.255589
0.243521
0.237843
0.247671
0.233471
0.239650
0.221423
0.248498
0.223986
0.228713
0.232142
0.280278
0.292261
0.321923
0.323913
0.302116
0.167671
0.234299
0.269599
0.234855
0.218248
0.184350
0.274259
0.228408
0.259115
0.176161
0.174992
0.139565
0.069889
0.070009
0.078999
0.095526
0.066563
0.034566
0.069722
0.179517
0.172293
0.200459
0.146784
0.292744
0.291601
0.990891
0.991732
0.391247
0.199951
0.201121
0.170439
0.225198
0.188853
0.207067
0.184065
0.167385
0.168530
0.163668
0.173249
0.218219
0.146426
0.193108
0.185078
0.270978
0.237714
0.313847
0.356554
0.462253
0.433754
0.292276
0.261885
0.259943
0.289151
0.221891
0.296786
0.278052
0.254606
0.262250
0.253457
0.234405
0.224479
0.242435
0.265390
0.262712
0.272321
0.279948
0.272623
0.273341
0.282606
0.285550
0.296608
0.319312
0.341598
0.328121
0.324057
0.306124
0.301965
0.301118
0.309697
0.330249
0.375706
0.405663
0.424477
0.349493
0.343178
0.340725
0.363024
0.392009
0.471883
0.469126
0.467196
0.433126
0.389229
0.273835
0.261972
0.269508
0.271708
0.243890
0.249897
0.274517
0.283213
0.256515
0.209758
0.214001
0.228734
0.227638
0.192885
0.180094
0.213068
0.221914
0.216788
0.245568
0.213046
0.216188
0.181242
0.165540
0.186726
0.208523
0.186500
0.162161
0.137492
0.245564
0.244658
0.284511
0.228408
0.305739
0.287915
0.822002
0.953516
0.447991
0.390235
0.348707
0.287711
0.430466
0.493407
0.431667
0.555638
0.781011
0.478711
0.326836
0.257965
0.320483
0.240916
0.284102
0.258379
0.326797
0.405584
0.930454
0.832036
0.535218
0.253510
0.232091
0.233056
0.231031
0.175775
0.199034
0.195605
0.263578
0.198229
0.257077
0.286792
0.306827
0.280549
0.407548
0.417170
0.619482
0.449637
0.521350
0.295117
0.339403
0.246878
0.288770
0.273201
0.277620
0.277664
0.308803
0.304773
0.289401
0.269359
0.303539
0.274518
0.303206
0.279040
0.317020
0.283983
0.288346
0.269883
0.286014
0.251665
0.244633
0.251840
0.255395
0.261256
0.255252
0.268088
0.281823
0.289691
0.293458
0.293356
0.294120
0.308363
0.320299
0.317782
0.333071
0.339276
0.339361
0.321976
0.309762
0.316267
0.329484
0.348811
0.381574
0.386690
0.364934
0.337680
0.265770
0.260427
0.260478
0.237987
0.244031
0.250334
0.221742
0.206414
0.236513
0.236441
0.261545
0.196945
0.223911
0.154663
0.187907
0.202005
0.207573
0.172552
0.183053
0.230253
0.222856
0.228415
0.229950
0.307646
0.630067
0.967708
0.873448
0.309303
0.233073
0.222666
0.240779
0.229934
0.215168
0.225684
0.230335
0.243399
0.270170
0.222755
0.263201
0.248764
0.254526
0.284084
0.279606
0.257050
0.222616
0.242736
0.192711
0.262966
0.244670
0.355576
0.706237
0.882184
0.595403
0.428133
0.320106
0.319495
0.325763
0.276430
0.294876
0.284156
0.208290
0.229499
0.435298
0.754134
0.840628
0.598768
0.253240
0.278816
0.281802
0.274968
0.178089
0.239667
0.117256
0.164445
0.077934
0.215124
0.247468
0.238038
0.145838
0.267761
0.271554
0.254935
0.219110
0.344587
0.323272
0.888865
0.993097
0.633432
0.306951
0.299106
0.280939
0.241448
0.228052
0.236222
0.192751
0.225943
0.311041
0.307337
0.194258
0.186736
0.173836
0.165241
0.203338
0.193904
0.187562
0.232289
0.270993
0.241170
0.253568
0.512857
0.937079
0.909398
0.360961
0.216119
0.228490
0.253340
0.279328
0.209761
0.239601
0.204961
0.246954
0.221494
0.277232
0.275819
0.275525
0.193529
0.237760
0.316679
0.259120
0.220118
0.268305
0.216946
0.225474
0.189940
0.232394
0.247531
0.264066
0.253097
0.277265
0.119931
0.337338
0.254332
0.287971
0.253452
0.435065
0.479641
0.403765
0.405365
0.387844
0.585551
0.827355
0.938041
0.534026
0.225391
0.255067
0.215563
0.204881
0.185814
0.214675
0.179564
0.190187
0.151140
0.222918
0.263680
0.220048
0.232520
0.291281
0.328550
0.413027
0.854882
0.879171
0.526487
0.267758
0.244012
0.226156
0.264168
0.225176
0.257921
0.223035
0.245342
0.201504
0.285974
0.653743
0.858707
0.715795
0.280509
0.222044
0.222026
0.247266
0.208602
0.236710
0.183323
0.193726
0.225487
0.267436
0.224362
0.190306
0.305243
0.434284
0.911556
0.924244
0.386551
0.410011
0.605135
0.871442
0.492977
0.424970
0.349924
0.239612
0.253049
0.238013
0.263684
0.257653
0.241076
0.187962
0.251174
0.305629
0.272237
0.280911
0.615462
0.827825
0.823553
0.678632
0.530170
0.317291
0.313666
0.303882
0.274281
0.260548
0.279740
0.266460
0.286237
0.256844
0.246855
0.297579
0.274669
0.269977
0.261119
0.299465
0.296728
0.301515
0.345750
0.732517
0.925265
0.706632
0.417084
0.419140
0.685889
0.787161
0.894205
0.610245
0.397972
0.245701
0.296642
0.316419
0.240499
0.244618
0.271743
0.252500
0.274771
0.272297
0.306416
0.291097
0.202083
0.225196
0.260788
0.253403
0.202962
0.234331
0.390772
0.374073
0.384571
0.314446
0.333665
0.298337
0.246662
0.253129
0.331688
0.426137
0.811169
0.981437
0.846151
0.837693
0.781311
0.784614
0.685605
0.418785
0.298141
0.246276
0.281300
0.225013
0.249946
0.210406
0.294005
0.359826
0.400171
0.375402
0.444125
0.408715
0.400697
0.364932
0.335773
0.332860
0.316720
0.286657
0.288774
0.272134
0.257423
0.282784
0.316200
0.331847
0.334258
0.293313
0.288634
0.290196
0.254262
0.248758
0.294526
0.217390
0.226976
0.257103
0.263254
0.262294
0.326188
0.341833
0.292184
0.212341
0.251399
0.326622
0.263898
0.256373
0.328458
0.460988
0.623272
0.915842
0.758407
0.351780
0.282277
0.257502
0.272858
0.271506
0.275571
0.245318
0.270564
0.325684
0.413156
0.550471
0.617150
0.701461
0.602695
0.612597
0.334403
0.331299
0.288531
0.286657
0.306411
0.324030
0.291974
0.289785
0.376603
0.371896
0.336359
0.314067
0.327319
0.317738
0.326062
0.317874
0.338751
0.358459
0.300321
0.279338
0.289035
0.340158
0.319229
0.298695
0.228049
0.278901
0.307372
0.281654
0.243777
0.312938
0.592532
0.917921
0.925919
0.750520
0.805325
0.800104
0.651269
0.444842
0.469059
0.591136
0.635767
0.625820
0.428625
0.331487
0.319284
0.306198
0.300885
0.354442
0.331206
0.296059
0.323694
0.371320
0.363370
0.324157
0.363001
0.381587
0.380443
0.476478
0.630535
0.801282
0.733099
0.524255
0.537970
0.704856
0.726428
0.643079
0.529148
0.369156
0.342682
0.308847
0.290649
0.299257
0.318506
0.286628
0.290630
0.323290
0.331610
0.269101
0.322414
0.599941
0.930625
0.894564
0.480689
0.341529
0.304155
0.273442
0.327127
0.309501
0.263678
0.227365
0.286404
0.263649
0.286994
0.278903
0.274120
0.213991
0.269351
0.260609
0.297687
0.340887
0.380832
0.395280
0.401510
0.286547
0.282801
0.287843
0.276661
0.283265
0.282227
0.298036
0.312024
0.293825
0.274213
0.297313
0.291350
0.255872
0.284831
0.293368
0.261172
0.304547
0.313269
0.318519
0.353971
0.373611
0.377150
0.380669
0.328494
0.307209
0.235203
0.240028
0.261920
0.279098
0.243627
0.338077
0.449536
0.682764
0.853178
0.769699
0.505339
0.354030
0.311915
0.300380
0.275010
0.267710
0.280400
0.277716
0.224459
0.292618
0.295123
0.288643
0.306281
0.403318
0.513726
0.753579
0.868005
0.616615
0.427887
0.347742
0.357386
0.391905
0.446268
0.534878
0.593914
0.651026
0.758677
0.625632
0.603586
0.664654
0.787290
0.747939
0.624744
0.467489
0.365443
0.334072
0.302869
0.309410
0.295084
0.320784
0.349435
0.352004
0.386336
0.380759
0.368068
0.455372
0.615861
0.857793
0.808046
0.603825
0.472070
0.378777
0.414762
0.398007
0.443567
0.697682
0.750763
0.738092
0.741678
0.469826
0.373284
0.336242
0.329940
0.292991
0.289563
0.340613
0.393593
0.394291
0.382945
0.365769
0.339799
0.335778
0.320804
0.341528
0.384366
0.380505
0.355111
0.303302
0.307178
0.303900
0.332860
0.311575
0.323907
0.317202
0.307194
0.321388
0.313791
0.301560
0.280612
0.296655
0.287327
0.302646
0.309687
0.324631
0.313146
0.300705
0.306002
0.303274
0.302377
0.308918
0.315801
0.312326
0.304789
0.280817
0.287609
0.282890
0.280288
0.292284
0.288209
0.292178
0.293216
0.282766
0.277992
0.267070
0.276906
0.265416
0.332036
0.286957
0.293414
0.296651
0.313334
0.342020
0.350893
0.380714
0.716033
0.697012
0.820217
0.864506
0.795899
0.564692
0.436722
0.414730
0.425577
0.579779
0.880524
0.838045
0.478689
0.350130
0.304085
0.298495
0.365788
0.467460
0.368974
0.352433
0.331255
0.360194
0.371219
0.306302
0.332180
0.207039
0.308431
0.269734
0.272515
0.152709
0.285707
0.286180
0.289504
0.412910
0.417244
0.398428
0.329447
0.322729
0.281819
0.276622
0.296191
0.357997
0.324316
0.312931
0.441431
0.569312
0.828304
0.800929
0.573818
0.408522
0.295053
0.319302
0.276576
0.316130
0.303388
0.308081
0.247754
0.328975
0.422110
0.846409
0.776481
0.455143
0.359663
0.412036
0.362369
0.411125
0.495242
0.792926
0.808404
0.477357
0.333012
0.313175
0.332101
0.353038
0.291140
0.323549
0.303094
0.295255
0.291139
0.340662
0.367043
0.335867
0.341424
0.321844
0.341008
0.345754
0.312630
0.419974
0.489164
0.509069
0.508804
0.440025
0.497939
0.630974
0.862230
0.780060
0.671702
0.562058
0.385027
0.333461
0.375275
0.363776
0.344224
0.327747
0.364100
0.387391
0.478028
0.844408
0.817119
0.600642
0.577696
0.363578
0.406720
0.445745
0.389919
0.373196
0.519383
0.734625
0.851919
0.678219
0.527659
0.354644
0.321575
0.326315
0.324257
0.248341
0.255617
0.300818
0.374360
0.384749
0.926321
0.859467
0.592621
0.684019
0.705154
0.712175
0.321011
0.312908
0.320545
0.327695
0.233126
0.270141
0.270067
0.273709
0.258109
0.318485
0.312489
0.309738
0.225567
0.311448
0.346189
0.368678
0.499367
0.911667
0.850328
0.541067
0.517299
0.506568
0.432224
0.390458
0.369645
0.357981
0.359978
0.334890
0.336574
0.348795
0.568406
0.716100
0.613490
0.571673
0.558508
0.646001
0.866973
0.794551
0.573318
0.453436
0.324951
0.327655
0.302991
0.372048
0.324543
0.365726
0.487552
0.783055
0.855434
0.755868
0.412141
0.330295
0.295939
0.295185
0.288391
0.262111
0.292962
0.304601
0.290729
0.237225
0.293317
0.325607
0.297939
0.317229
0.318290
0.375933
0.376851
0.386173
0.388304
0.432606
0.406428
0.364648
0.362305
0.374786
0.494732
0.690008
0.675134
0.574446
0.586106
0.467160
0.460642
0.381600
0.484901
0.600385
0.839616
0.815679
0.653908
0.586214
0.447471
0.424008
0.397730
0.359563
0.351379
0.385570
0.357469
0.388948
0.486355
0.727142
0.869461
0.735134
0.419741
0.370876
0.352960
0.285029
0.337793
0.331875
0.352988
0.354833
0.408339
0.388492
0.419113
0.392229
0.380197
0.422769
0.411686
0.381673
0.316879
0.413301
0.358420
0.323316
0.330219
0.385765
0.562047
0.758076
0.884429
0.818201
0.710498
0.796862
0.812644
0.644677
0.392898
0.358376
0.334896
0.341602
0.385824
0.420811
0.360076
0.330520
0.332881
0.331493
0.323004
0.328009
0.337431
0.363289
0.379647
0.377750
0.365478
0.391461
0.397897
0.360929
0.386888
0.404536
0.492142
0.647306
0.766111
0.772784
0.545535
0.431839
0.486090
0.754956
0.753527
0.774815
0.588370
0.419157
0.371520
0.410257
0.355279
0.369852
0.359687
0.347118
0.370525
0.414730
0.393337
0.533815
0.698312
0.863123
0.794788
0.587211
0.427698
0.371822
0.364593
0.324782
0.346512
0.375645
0.367140
0.383782
0.407640
0.434058
0.394506
0.384941
0.390713
0.446922
0.656855
0.822105
0.809696
0.583253
0.492764
0.569864
0.843411
0.863379
0.741534
0.671911
0.468126
0.384353
0.444738
0.402311
0.487405
0.460270
0.536018
0.527012
0.720733
0.831933
0.757226
0.616705
0.447219
0.355507
0.328208
0.336741
0.347765
0.340438
0.337392
0.345940
0.393768
0.375155
0.404087
0.404865
0.366349
0.371208
0.381117
0.387962
0.429941
0.413815
0.452791
0.522233
0.772007
0.896759
0.770854
0.560799
0.628133
0.748311
0.775267
0.632342
0.521867
0.479756
0.565447
0.601504
0.704035
0.633275
0.597829
0.435057
0.399157
0.419726
0.408304
0.411081
0.410163
0.472286
0.522793
0.731182
0.887877
0.843364
0.688717
0.579198
0.643367
0.587605
0.632934
0.772733
0.723688
0.586840
0.469866
0.393405
0.362978
0.377454
0.364064
0.366027
0.383070
0.377674
0.362202
0.435987
0.603643
0.787159
0.768818
0.595045
0.453909
0.373480
0.391115
0.406812
0.411129
0.348967
0.383680
0.444089
0.697833
0.858691
0.772023
0.574532
0.433981
0.664693
0.822571
0.760160
0.691327
0.562979
0.376408
0.344566
0.347510
0.311834
0.318575
0.353938
0.314321
0.304755
0.344355
0.360304
0.349852
0.385794
0.377946
0.383461
0.349745
0.398579
0.396536
0.406449
0.434333
0.610287
0.674175
0.676510
0.577667
0.519601
0.409171
0.353483
0.310816
0.307746
0.321109
0.310453
0.348440
0.392700
0.354384
0.355560
0.346638
0.402668
0.430740
0.604751
0.885568
0.828118
0.668884
0.524905
0.760466
0.818153
0.653977
0.638773
0.558329
0.674414
0.751831
0.664779
0.580621
0.513485
0.444684
0.450820
0.613686
0.595848
0.458039
0.410118
0.415231
0.386692
0.391419
0.403614
0.424194
0.471712
0.651293
0.783270
0.781537
0.703663
0.579448
0.539786
0.456842
0.398180
0.356674
0.358545
0.412293
0.402058
0.381575
0.389534
0.591765
0.741407
0.840670
0.823958
0.622897
0.401775
0.358673
0.367826
0.358258
0.345592
0.356212
0.363860
0.378135
0.359949
0.369243
0.395707
0.419011
0.394790
0.350898
0.354289
0.383734
0.366171
0.331386
0.332361
0.320962
0.321440
0.314350
0.320607
0.345986
0.314045
0.316869
0.317591
0.306172
0.266346
0.285502
0.301295
0.308429
0.328037
0.380319
0.620388
0.800642
0.838586
0.809193
0.608239
0.369230
0.316867
0.327859
0.325351
0.320879
0.317550
0.320162
0.337760
0.320986
0.309358
0.336562
0.370157
0.382234
0.375112
0.405170
0.375905
0.378847
0.360367
0.385338
0.415611
0.423339
0.395828
0.398577
0.385817
0.350601
0.341924
0.321904
0.400594
0.545193
0.790125
0.819103
0.793520
0.744026
0.799649
0.671738
0.588355
0.375612
0.338053
0.320334
0.329518
0.355305
0.328445
0.325007
0.463716
0.733703
0.904587
0.791617
0.601408
0.632339
0.746679
0.737524
0.569018
0.470816
0.443314
0.497513
0.536611
0.387834
0.430290
0.418740
0.381788
0.384335
0.562478
0.573628
0.702337
0.767073
0.625793
0.589047
0.681595
0.787206
0.740329
0.570829
0.412889
0.326196
0.341196
0.355054
0.348543
0.325151
0.336695
0.343427
0.338407
0.320739
0.358040
0.349592
0.357381
0.349140
0.382257
0.397617
0.413922
0.477954
0.810430
0.884574
0.720841
0.501411
0.393568
0.339834
0.355171
0.355160
0.342130
0.360175
0.390747
0.372787
0.358176
0.357635
0.362075
0.384351
0.404750
0.433583
0.558623
0.709618
0.777915
0.719202
0.516931
0.453936
0.483082
0.549155
0.565381
0.609178
0.701828
0.739928
0.826135
0.866480
0.841454
0.710090
0.677099
0.601199
0.566748
0.692838
0.631156
0.614505
0.434783
0.372038
0.331425
0.330719
0.355011
0.349437
0.342261
0.346344
0.356783
0.402718
0.415081
0.412263
0.410110
0.449728
0.454996
0.438860
0.394334
0.395769
0.361218
0.374667
0.438525
0.454525
0.443715
0.392815
0.392233
0.327953
0.324989
0.266650
0.310593
0.410818
0.481839
0.626688
0.716099
0.569447
0.328129
0.323098
0.338768
0.363730
0.368548
0.345832
0.368610
0.366978
0.416925
0.491161
0.592598
0.864645
0.761410
0.635333
0.619340
0.631410
0.735047
0.721814
0.724645
0.673656
0.759250
0.859771
0.822042
0.676686
0.641448
0.643118
0.684616
0.776749
0.820869
0.669321
0.544552
0.463453
0.451288
0.441204
0.400780
0.436442
0.442368
0.397457
0.377947
0.416175
0.421342
0.416839
0.389195
0.377486
0.376200
0.356423
0.352323
0.365966
0.405103
0.377733
0.406840
0.433113
0.436256
0.419767
0.403982
0.424610
0.499209
0.729721
0.914464
0.879957
0.744507
0.737929
0.716863
0.611896
0.531014
0.600139
0.768576
0.785499
0.733236
0.621846
0.602542
0.483664
0.410998
0.374918
0.388835
0.387925
0.403098
0.412524
0.414507
0.438036
0.443729
0.445871
0.459780
0.438249
0.429089
0.423318
0.402901
0.380218
0.353069
0.350173
0.394429
0.389354
0.372958
0.402454
0.514913
0.739450
0.875460
0.723652
0.581524
0.657869
0.756666
0.671935
0.544463
0.430343
0.392686
0.422923
0.442550
0.389080
0.412525
0.452865
0.513259
0.500918
0.527164
0.513806
0.537398
0.500899
0.678135
0.839811
0.791011
0.642798
0.580136
0.511070
0.462577
0.434263
0.401639
0.407866
0.563349
0.787925
0.886878
0.786964
0.656895
0.724822
0.776321
0.677818
0.569029
0.473107
0.381218
0.367819
0.384475
0.359445
0.341047
0.341899
0.366186
0.380891
0.408528
0.421192
0.434452
0.426404
0.426941
0.420641
0.386807
0.376996
0.466505
0.578953
0.836323
0.881238
0.748731
0.718078
0.724327
0.562516
0.423526
0.429293
0.401140
0.375771
0.401650
0.395144
0.362334
0.406005
0.553914
0.661988
0.724260
0.657223
0.565860
0.568305
0.562927
0.597124
0.751470
0.772400
0.731839
0.596454
0.413917
0.380873
0.376112
0.397336
0.397389
0.402371
0.456796
0.589012
0.758328
0.775634
0.593765
0.509603
0.483497
0.491477
0.457261
0.430777
0.407324
0.439713
0.428870
0.380299
0.388670
0.428085
0.481252
0.727237
0.866335
0.709913
0.578979
0.507510
0.616801
0.796638
0.774347
0.675929
0.504790
0.434228
0.394902
0.407916
0.469688
0.621600
0.663900
0.735233
0.641568
0.525946
0.428792
0.403091
0.391357
0.391810
0.390625
0.401649
0.430735
0.418892
0.434573
0.411566
0.413501
0.428768
0.453384
0.429911
0.533925
0.706753
0.703047
0.690047
0.614372
0.628829
0.609728
0.625127
0.569776
0.497634
0.444605
0.568074
0.577626
0.745754
0.751709
0.661847
0.463095
0.367275
0.392507
0.392541
0.396202
0.382670
0.418209
0.382398
0.377474
0.411461
0.421526
0.712199
0.893969
0.833618
0.682444
0.642136
0.719952
0.745449
0.574271
0.501402
0.389241
0.374279
0.386598
0.393531
0.388142
0.442261
0.634384
0.813495
0.833038
0.702591
0.598424
0.596071
0.648852
0.653873
0.540884
0.411791
0.497622
0.528787
0.493647
0.670719
0.759121
0.689223
0.568417
0.472687
0.386197
0.371306
0.377266
0.404577
0.420041
0.391192
0.398872
0.448708
0.680360
0.818494
0.726951
0.550801
0.455461
0.460719
0.558116
0.569056
0.704068
0.811305
0.671401
0.670486
0.709022
0.811866
0.817218
0.741750
0.607698
0.575680
0.427697
0.382918
0.382977
0.417147
0.425570
0.483737
0.588235
0.807850
0.736081
0.561478
0.470077
0.430174
0.429772
0.495402
0.554360
0.516428
0.619253
0.762611
0.769899
0.570800
0.437699
0.369182
0.368188
0.383121
0.406121
0.385539
0.459826
0.565798
0.862822
0.822697
0.591271
0.498183
0.406160
0.391459
0.364727
0.348752
0.368327
0.373718
0.398285
0.431848
0.430944
0.424585
0.456809
0.423923
0.469395
0.570457
0.764989
0.764564
0.698728
0.596138
0.499673
0.425548
0.422354
0.401821
0.474430
0.538068
0.594062
0.584595
0.582817
0.495662
0.445666
0.428830
0.365974
0.375753
0.351706
0.379945
0.400244
0.395047
0.370781
0.398401
0.547191
0.793051
0.837877
0.681419
0.478778
0.441393
0.530579
0.725551
0.871211
0.865070
0.719268
0.674920
0.627026
0.659172
0.590905
0.637628
0.673549
0.782181
0.806478
0.668366
0.561772
0.541625
0.504535
0.498037
0.567965
0.715376
0.741498
0.641414
0.575695
0.458011
0.403015
0.387213
0.350441
0.343043
0.325129
0.340865
0.351403
0.395322
0.397933
0.413764
0.513817
0.554682
0.459149
0.416864
0.429034
0.460518
0.466391
0.487726
0.633567
0.689457
0.710583
0.589243
0.571019
0.491948
0.485632
0.475149
0.563810
0.662971
0.854067
0.797029
0.711962
0.594772
0.638649
0.732687
0.776615
0.684896
0.579890
0.554657
0.578523
0.591957
0.611577
0.568407
0.560140
0.492705
0.464515
0.427051
0.411288
0.401637
0.409979
0.429919
0.432463
0.398573
0.426376
0.614281
0.800599
0.823990
0.737953
0.573549
0.464030
0.425944
0.450174
0.589520
0.638377
0.684998
0.630678
0.482307
0.450834
0.385973
0.397123
0.391463
0.385702
0.360046
0.363079
0.361883
0.383219
0.346118
0.358712
0.363982
0.373175
0.378363
0.413151
0.464500
0.541936
0.590710
0.453172
0.442590
0.433105
0.448799
0.447615
0.477161
0.499171
0.450024
0.557920
0.778443
0.862698
0.779754
0.547948
0.392140
0.364471
0.370336
0.354077
0.338173
0.391458
0.377786
0.377728
0.362140
0.373788
0.381927
0.396808
0.434726
0.674204
0.852196
0.834057
0.685562
0.570659
0.509838
0.520222
0.503437
0.440642
0.415575
0.421131
0.412474
0.389104
0.397875
0.414468
0.440906
0.607931
0.756214
0.845439
0.786753
0.653919
0.625287
0.616477
0.572810
0.501559
0.442915
0.396154
0.408558
0.467382
0.435663
0.421446
0.441196
0.543664
0.705954
0.763052
0.743124
0.595341
0.485272
0.407981
0.382595
0.403689
0.395593
0.449849
0.427860
0.427729
0.425570
0.403038
0.371839
0.418062
0.508837
0.692710
0.791920
0.753360
0.615443
0.546437
0.498410
0.613793
0.646345
0.745933
0.701104
0.635366
0.540584
0.488143
0.511696
0.571426
0.624016
0.662870
0.676003
0.666030
0.531113
0.422007
0.395414
0.457342
0.428211
0.482857
0.512216
0.584009
0.680856
0.761730
0.833247
0.779015
0.621829
0.583312
0.476709
0.370932
0.368919
0.366218
0.387015
0.360595
0.372359
0.383694
0.402988
0.393734
0.361990
0.395296
0.414833
0.408783
0.447934
0.675005
0.787296
0.786226
0.714513
0.593531
0.475393
0.487028
0.450993
0.508328
0.587532
0.580012
0.569451
0.497876
0.508389
0.468487
0.516376
0.644582
0.704904
0.724908
0.625251
0.493012
0.363609
0.327736
0.347326
0.323705
0.337216
0.337470
0.361919
0.417196
0.444139
0.435674
0.354638
0.327142
0.313066
0.309702
0.292880
0.286010
0.305359
0.343534
0.422085
0.443069
0.457997
0.526592
0.539263
0.576134
0.580852
0.491555
0.468524
0.447811
0.425500
0.383307
0.368782
0.381313
0.408085
0.442529
0.470498
0.441011
0.405461
0.390020
0.421882
0.491487
0.713332
0.889090
0.795404
0.604756
0.562674
0.611463
0.583016
0.517788
0.469457
0.456538
0.520198
0.619969
0.697737
0.725494
0.663575
0.565192
0.672299
0.723826
0.766584
0.715092
0.631275
0.595029
0.550500
0.444389
0.412831
0.430023
0.421469
0.437659
0.454543
0.555241
0.643684
0.620915
0.482626
0.420294
0.409624
0.418001
0.453860
0.525092
0.635778
0.721443
0.645892
0.585594
0.531843
0.509984
0.543519
0.499076
0.455567
0.537441
0.702913
0.727506
0.709819
0.503715
0.496882
0.506490
0.601175
0.591040
0.670160
0.693341
0.672451
0.715885
0.753322
0.633287
0.571853
0.432759
0.388248
0.368768
0.400301
0.414676
0.391497
0.401340
0.425476
0.474196
0.495699
0.558048
0.797679
0.859870
0.749039
0.591793
0.508192
0.440616
0.443610
0.476795
0.499110
0.608455
0.796391
0.845306
0.703363
0.592853
0.567991
0.464296
0.436100
0.432553
0.464245
0.471027
0.471844
0.594040
0.771862
0.829035
0.684159
0.570049
0.547862
0.516593
0.450459
0.602835
0.733416
0.838604
0.744167
0.557223
0.431849
0.403978
0.363489
0.377401
0.384594
0.363469
0.378898
0.381899
0.395262
0.448269
0.450829
0.548411
0.718184
0.715853
0.735305
0.690863
0.549754
0.478516
0.394346
0.428082
0.446760
0.424568
0.422575
0.456105
0.512622
0.492173
0.473971
0.548775
0.680072
0.753963
0.826904
0.807448
0.750465
0.662104
0.559083
0.521198
0.375676
0.377501
0.393402
0.427118
0.387192
0.393367
0.463084
0.517109
0.544741
0.710048
0.789607
0.795334
0.688919
0.495625
0.460210
0.405895
0.403555
0.411439
0.407823
0.406042
0.444377
0.400325
0.407321
0.434853
0.518630
0.671828
0.911724
0.875048
0.732752
0.682323
0.710407
0.673650
0.605417
0.601069
0.630320
0.687394
0.694011
0.617307
0.494764
0.467118
0.468447
0.467662
0.502029
0.524727
0.530807
0.662866
0.823275
0.804897
0.682066
0.584525
0.557860
0.606820
0.688766
0.666165
0.562026
0.475325
0.425415
0.425724
0.430210
0.466299
0.565152
0.711815
0.816064
0.709115
0.584438
0.507327
0.446550
0.456164
0.430790
0.468836
0.426045
0.440284
0.409503
0.434746
0.417278
0.498862
0.548135
0.608110
0.755664
0.805614
0.782962
0.747159
0.662692
0.707455
0.710506
0.701400
0.611959
0.476490
0.394392
0.386629
0.375997
0.378765
0.359726
0.355921
0.354135
0.386136
0.406977
0.441564
0.472052
0.511052
0.497998
0.519933
0.516314
0.525047
0.550167
0.597014
0.596779
0.575255
0.519189
0.474127
0.448440
0.461402
0.402573
0.443587
0.431419
0.394636
0.363566
0.388710
0.451377
0.695368
0.876486
0.838607
0.635845
0.513342
0.421969
0.490383
0.456731
0.487646
0.444521
0.454603
0.419887
0.453539
0.500437
0.533863
0.571904
0.595035
0.626854
0.758001
0.830209
0.802861
0.691142
0.619934
0.599611
0.628044
0.640026
0.641455
0.605276
0.508742
0.462464
0.468194
0.500482
0.514984
0.468944
0.551507
0.746251
0.859095
0.838086
0.661482
0.498254
0.407223
0.440576
0.418177
0.402296
0.389506
0.397726
0.418251
0.412391
0.401298
0.421191
0.418126
0.404971
0.420003
0.550872
0.704774
0.850858
0.858855
0.729219
0.693147
0.682633
0.684273
0.576537
0.482394
0.417433
0.426837
0.455676
0.440113
0.450684
0.469119
0.422230
0.415095
0.370884
0.403421
0.411316
0.419354
0.432281
0.618720
0.799664
0.838082
0.818393
0.587694
0.500427
0.439924
0.379896
0.396650
0.384832
0.391288
0.388877
0.390955
0.403549
0.356183
0.327503
0.320361
0.330075
0.335586
0.319320
0.355761
0.358832
0.370223
0.348839
0.360459
0.364109
0.384938
0.363307
0.356141
0.363204
0.359786
0.348193
0.330461
0.334799
0.377054
0.342398
0.334667
0.335055
0.333691
0.402106
0.445980
0.524054
0.662295
0.729854
0.709846
0.635235
0.557419
0.576114
0.542443
0.478746
0.541548
0.698931
0.707229
0.822644
0.717791
0.673802
0.716865
0.757663
0.642596
0.579730
0.395651
0.384890
0.380057
0.385274
0.371979
0.360101
0.399921
0.579926
0.712009
0.830847
0.783348
0.649832
0.545106
0.476683
0.408477
0.409368
0.387990
0.423468
0.392839
0.405561
0.397327
0.364076
0.355957
0.391629
0.391346
0.395377
0.404521
0.436288
0.439594
0.448769
0.419065
0.430907
0.446683
0.522823
0.620451
0.757857
0.735932
0.682462
0.647277
0.653459
0.718488
0.760373
0.675035
0.621182
0.617656
0.666931
0.712677
0.744331
0.718089
0.629194
0.559569
0.453553
0.415201
0.395437
0.398636
0.404083
0.398330
0.388126
0.409969
0.515009
0.724637
0.803927
0.783048
0.630008
0.565778
0.526791
0.564715
0.578048
0.641542
0.687786
0.573325
0.497752
0.454352
0.458100
0.454017
0.458005
0.479939
0.525360
0.591338
0.703848
0.775353
0.693911
0.632484
0.519874
0.445863
0.446780
0.449368
0.502138
0.617221
0.741206
0.701403
0.565402
0.516787
0.475637
0.450474
0.415727
0.434404
0.425999
0.487214
0.488941
0.580662
0.559598
0.509499
0.433949
0.457352
0.509245
0.684638
0.803547
0.811782
0.668497
0.573454
0.573533
0.538290
0.459571
0.445749
0.470762
0.517178
0.501696
0.506659
0.487132
0.516698
0.516436
0.703174
0.779629
0.776836
0.672238
0.570834
0.527031
0.487010
0.502454
0.504704
0.502409
0.439306
0.437819
0.409373
0.410580
0.401995
0.402701
0.446416
0.444425
0.502117
0.550890
0.628575
0.730162
0.800130
0.746110
0.662560
0.580310
0.618195
0.552231
0.460802
0.487647
0.477552
0.493285
0.464668
0.582563
0.668656
0.679371
0.615385
0.529896
0.491235
0.496524
0.445672
0.534447
0.587611
0.725725
0.883265
0.830695
0.649302
0.557390
0.551634
0.449504
0.387547
0.402935
0.548497
0.610805
0.710027
0.771480
0.681022
0.592673
0.519730
0.471642
0.417876
0.386716
0.393368
0.400721
0.408946
0.400937
0.378347
0.381437
0.426950
0.443147
0.461001
0.503802
0.578117
0.697419
0.759613
0.681405
0.609023
0.574385
0.509613
0.469452
0.458203
0.464391
0.516304
0.597430
0.671390
0.595325
0.586285
0.514273
0.489169
0.471374
0.482139
0.517930
0.548493
0.525179
0.535861
0.513045
0.526888
0.597157
0.569378
0.581053
0.558701
0.472277
0.407205
0.395928
0.398298
0.411781
0.406307
0.418896
0.450868
0.612123
0.804041
0.810071
0.641202
0.539358
0.510827
0.549011
0.589573
0.677052
0.827980
0.847997
0.757567
0.693782
0.719444
0.731108
0.678522
0.603718
0.610061
0.557803
0.532265
0.476492
0.460341
0.427327
0.404238
0.408377
0.436272
0.463347
0.495149
0.729252
0.800012
0.719818
0.627898
0.579615
0.492182
0.457519
0.410246
0.441397
0.449847
0.468942
0.521525
0.537799
0.538748
0.534283
0.488536
0.558014
0.630848
0.716939
0.756905
0.714131
0.626928
0.572645
0.529966
0.461873
0.420308
0.409186
0.402441
0.399433
0.417179
0.407460
0.424606
0.445629
0.667520
0.772982
0.810858
0.676752
0.508467
0.452593
0.514287
0.525791
0.504279
0.586639
0.729540
0.794625
0.819193
0.688430
0.595067
0.533862
0.458065
0.420602
0.434431
0.428940
0.416048
0.421359
0.432214
0.441007
0.480719
0.552004
0.696248
0.804400
0.806312
0.713446
0.628455
0.662722
0.620617
0.603157
0.514937
0.449700
0.405620
0.408504
0.415766
0.436960
0.442998
0.435238
0.435479
0.495740
0.574837
0.678237
0.681544
0.671092
0.647160
0.568033
0.539480
0.647006
0.777728
0.787806
0.671841
0.620138
0.592280
0.647155
0.734753
0.808586
0.789433
0.746875
0.730270
0.757543
0.747819
0.693643
0.641868
0.627244
0.607096
0.611155
0.600844
0.540433
0.483362
0.445444
0.430106
0.422906
0.434679
0.467718
0.573693
0.693857
0.686408
0.636933
0.626501
0.609933
0.578647
0.589489
0.586936
0.581741
0.572456
0.506598
0.478474
0.386077
0.393441
0.369597
0.388446
0.395617
0.398350
0.435212
0.531322
0.550968
0.596376
0.494095
0.446601
0.413757
0.393405
0.362271
0.386865
0.377401
0.368534
0.366060
0.389228
0.403591
0.492558
0.575064
0.627634
0.703269
0.724492
0.680904
0.583095
0.455336
0.400284
0.392344
0.425288
0.419911
0.448565
0.516383
0.623304
0.750058
0.808087
0.720375
0.632670
0.565546
0.498990
0.459558
0.425496
0.424143
0.441789
0.446546
0.460955
0.423405
0.432448
0.432429
0.479761
0.511857
0.743827
0.807117
0.815538
0.722058
0.660245
0.612247
0.619680
0.685058
0.821999
0.769997
0.765943
0.685104
0.564035
0.398188
0.348507
0.323063
