# Predicted Peaks (Indices)
9
10
126
127
302
303
518
526
699
700
704
705
748
749
755
756
760
761
853
854
899
900
904
992
1003
1004
1045
1046
1129
1130
1137
1173
1174
1252
1253
1286
1287
1293
1365
1366
1412
1413
1463
1464
1516
1517
1569
1570
1574
1575
1582
1615
1616
1669
1674
1675
1786
1787
1797
1798
1870
1877
1904
1951
1956
1957
1985
2040
2049
2050
2055
2086
2087
2119
2136
2137
2151
2161
2169
2221
2222
2223
2285
2292
2293
2314
2315
2328
2329
2375
2388
2460
2461
2534
2535
2550
2551
2556
2628
2629
2682
2683
2693
2694
2724
2764
2774
2901
2912
2913
2914
2966
2967
2988
3002
3003
3009
3061
3062
3122
3123
3131
3189
3203
3204
3259
3260
3268
3301
3349
3350
3415
3416
3490
3491
