# Predictions (Probabilities)
0.448755
0.449816
0.433333
0.369228
0.358768
0.374306
0.374504
0.402233
0.385382
0.365587
0.364117
0.328972
0.314444
0.297325
0.284974
0.278584
0.287747
0.285181
0.288199
0.283048
0.291400
0.298462
0.327429
0.338952
0.342130
0.328960
0.317580
0.302590
0.294497
0.290491
0.294415
0.288031
0.277883
0.273586
0.274737
0.275622
0.274141
0.277712
0.278253
0.283673
0.285286
0.293484
0.291121
0.320127
0.327657
0.332285
0.316648
0.317804
0.293719
0.291511
0.292916
0.298851
0.304277
0.342267
0.377620
0.413166
0.390526
0.345722
0.296212
0.257487
0.256449
0.267196
0.268215
0.265553
0.271780
0.296927
0.305362
0.311668
0.318456
0.304930
0.297043
0.297628
0.281396
0.285194
0.298521
0.294615
0.287639
0.284419
0.304278
0.317680
0.305885
0.284613
0.285996
0.268721
0.285616
0.297781
0.287807
0.284325
0.301358
0.322009
0.339252
0.385433
0.366745
0.392479
0.361494
0.338167
0.283940
0.275298
0.279442
0.275957
0.274595
0.264522
0.259086
0.267964
0.270861
0.261436
0.263323
0.280806
0.291743
0.331288
0.348506
0.367649
0.354184
0.361426
0.329125
0.340074
0.343436
0.340580
0.331115
0.328868
0.309785
0.304586
0.305206
0.304299
0.340364
0.383545
0.368569
0.347146
0.326638
0.285756
0.290495
0.275151
0.276615
0.269650
0.266914
0.258239
0.255331
0.253080
0.258886
0.262268
0.257524
0.250014
0.239908
0.244915
0.245908
0.257145
0.256191
0.269310
0.265043
0.275180
0.281580
0.298077
0.313766
0.323577
0.330943
0.327978
0.329248
0.336009
0.352923
0.367557
0.385260
0.344861
0.331789
0.281148
0.260783
0.263640
0.263121
0.271223
0.273459
0.268009
0.273661
0.302992
0.334713
0.374718
0.476621
0.466226
0.475459
0.428611
0.373646
0.333431
0.318189
0.314250
0.315824
0.306436
0.305890
0.331970
0.369878
0.401033
0.383099
0.377119
0.323703
0.296309
0.273220
0.271602
0.270004
0.271596
0.260020
0.253148
0.248500
0.254373
0.264778
0.286215
0.295617
0.305026
0.303079
0.324590
0.318166
0.319957
0.322936
0.332834
0.348681
0.420877
0.446162
0.452158
0.436532
0.415087
0.303440
0.301968
0.279096
0.296726
0.289542
0.290692
0.276475
0.279786
0.277940
0.290390
0.341447
0.350329
0.345378
0.330697
0.307356
0.302457
0.298153
0.293451
0.298232
0.303482
0.314063
0.320509
0.294116
0.276006
0.264930
0.260268
0.261732
0.260026
0.257680
0.259773
0.264038
0.267336
0.275746
0.285744
0.289176
0.290930
0.286825
0.287716
0.290295
0.306649
0.303760
0.311356
0.305345
0.308367
0.306429
0.326697
0.328654
0.342306
0.324746
0.295416
0.285084
0.265323
0.268697
0.265350
0.273454
0.262144
0.278288
0.307609
0.334198
0.333469
0.311708
0.288297
0.275408
0.267405
0.265569
0.267802
0.270172
0.280890
0.278515
0.286496
0.295974
0.300453
0.299203
0.292451
0.293663
0.304904
0.318335
0.330326
0.352307
0.353832
0.350057
0.384706
0.418429
0.469973
0.534528
0.540357
0.531229
0.486440
0.381247
0.294296
0.288281
0.289976
0.293385
0.285384
0.283085
0.283391
0.279272
0.267523
0.275050
0.272028
0.289114
0.287925
0.282675
0.281193
0.296202
0.292455
0.306589
0.285909
0.287020
0.300696
0.306497
0.299181
0.292275
0.284994
0.282612
0.281090
0.288799
0.301778
0.348333
0.353757
0.352018
0.343413
0.312520
0.292891
0.275941
0.267680
0.222683
0.124463
0.031123
0.211383
0.205093
0.180223
0.131068
0.130824
0.160925
0.191968
0.174835
0.018420
0.165985
0.024305
0.136845
0.052436
0.136238
0.133432
0.111019
0.043079
0.246370
0.216793
0.144429
0.181796
0.293520
0.261257
0.972750
0.999150
0.529566
0.296087
0.230826
0.190207
0.255877
0.198635
0.264267
0.160999
0.219753
0.270672
0.258309
0.179538
0.329043
0.248420
0.187438
0.138054
0.217432
0.165061
0.187832
0.184474
0.246575
0.148853
0.115298
0.166104
0.109037
0.275173
0.167492
0.287959
0.337749
0.331366
0.299281
0.272104
0.275216
0.272897
0.271681
0.272720
0.286464
0.273525
0.257980
0.272303
0.280541
0.311490
0.327192
0.344921
0.313517
0.309901
0.309358
0.362811
0.366196
0.365121
0.346065
0.324135
0.312756
0.296336
0.286655
0.282258
0.336917
0.373599
0.380224
0.354066
0.331880
0.289553
0.272920
0.254889
0.251405
0.255433
0.295429
0.308222
0.274089
0.271899
0.254964
0.248464
0.257464
0.256221
0.273718
0.279113
0.310223
0.294817
0.285354
0.277800
0.285634
0.302434
0.326545
0.328803
0.291075
0.282537
0.268667
0.272805
0.261695
0.269052
0.273525
0.281384
0.300457
0.300876
0.303260
0.288477
0.296601
0.297601
0.306097
0.291978
0.331207
0.357700
0.351295
0.382891
0.391491
0.396751
0.369683
0.373532
0.325246
0.259065
0.251408
0.229720
0.198185
0.173661
0.221172
0.191045
0.186355
0.184979
0.218796
0.213829
0.305817
0.343962
0.341460
0.354791
0.374330
0.280100
0.227726
0.184734
0.271302
0.247787
0.239105
0.223717
0.327464
0.606206
0.963621
0.915055
0.372628
0.214065
0.204955
0.223373
0.243562
0.212447
0.224617
0.209422
0.252387
0.218197
0.236302
0.266201
0.344274
0.301715
0.325629
0.287160
0.272707
0.218698
0.256849
0.208367
0.255211
0.286064
0.332323
0.340226
0.318165
0.301498
0.277543
0.271886
0.251792
0.232558
0.239315
0.244048
0.256232
0.254490
0.264685
0.275419
0.320824
0.361715
0.401039
0.391868
0.397628
0.370482
0.373935
0.341117
0.316260
0.305519
0.306861
0.300807
0.286438
0.285531
0.277537
0.327428
0.299704
0.321697
0.281902
0.276089
0.272631
0.272281
0.266521
0.271005
0.271435
0.273048
0.268408
0.256613
0.275096
0.277841
0.283674
0.284077
0.313167
0.335633
0.387993
0.395388
0.418635
0.419359
0.401180
0.365148
0.318824
0.270904
0.282639
0.276451
0.270708
0.263011
0.271168
0.271540
0.272746
0.284556
0.281200
0.280101
0.280510
0.297207
0.314133
0.340293
0.358436
0.352338
0.306358
0.289865
0.270114
0.273730
0.266750
0.283779
0.282897
0.285013
0.276603
0.286866
0.282861
0.283218
0.293511
0.310768
0.306960
0.308288
0.313344
0.307177
0.316288
0.305414
0.329874
0.370324
0.397049
0.396909
0.384011
0.336249
0.276131
0.260170
0.243810
0.247931
0.256538
0.262420
0.251886
0.252710
0.258364
0.260815
0.267977
0.273410
0.298875
0.344139
0.361004
0.371797
0.382291
0.352424
0.346971
0.311505
0.302844
0.302328
0.304507
0.297253
0.294596
0.297492
0.313993
0.328059
0.330668
0.312753
0.293681
0.290675
0.292777
0.294265
0.291490
0.292951
0.288001
0.278542
0.269705
0.256122
0.247982
0.251194
0.259072
0.262348
0.265867
0.266959
0.278464
0.299818
0.314802
0.329818
0.356359
0.384708
0.382086
0.375308
0.337420
0.311874
0.310947
0.306016
0.302909
0.291837
0.301685
0.314590
0.299908
0.286649
0.280657
0.275702
0.279901
0.290841
0.278847
0.274895
0.275642
0.285535
0.300019
0.339844
0.333609
0.374448
0.322449
0.320434
0.294491
0.288090
0.298617
0.317266
0.316864
0.310027
0.307121
0.302224
0.298297
0.300879
0.361194
0.388990
0.385940
0.382173
0.323970
0.311803
0.301520
0.294858
0.281980
0.299960
0.325794
0.300109
0.280447
0.261384
0.242421
0.239230
0.235987
0.234384
0.234073
0.240320
0.246786
0.250305
0.253396
0.257043
0.258424
0.256789
0.268569
0.286346
0.290103
0.302872
0.302981
0.310895
0.312173
0.315396
0.307127
0.316844
0.321158
0.322016
0.328404
0.321235
0.315592
0.313266
0.310912
0.312355
0.355649
0.361349
0.390951
0.357636
0.325376
0.278455
0.276950
0.273057
0.281217
0.274243
0.271460
0.276770
0.280784
0.314899
0.358811
0.382530
0.370985
0.369740
0.323209
0.301494
0.280764
0.299747
0.294581
0.291298
0.279551
0.284375
0.314586
0.363358
0.374590
0.365719
0.359451
0.313414
0.299800
0.271716
0.283762
0.288388
0.300222
0.316366
0.308049
0.289867
0.287895
0.275819
0.277410
0.279922
0.280130
0.281787
0.298263
0.339779
0.346779
0.359874
0.342248
0.331142
0.277797
0.269126
0.256899
0.257920
0.259713
0.263798
0.263996
0.264698
0.271554
0.273700
0.285466
0.293532
0.293821
0.308895
0.326628
0.343750
0.348851
0.342651
0.342448
0.350149
0.353973
0.372174
0.368295
0.374422
0.352692
0.339130
0.295191
0.275980
0.261956
0.255009
0.256688
0.255470
0.249478
0.242867
0.249965
0.256978
0.265683
0.271683
0.268810
0.265773
0.276613
0.279199
0.287106
0.305890
0.331979
0.343679
0.336639
0.310258
0.301814
0.298867
0.300047
0.302078
0.297470
0.301739
0.315277
0.331448
0.314693
0.307754
0.291249
0.288586
0.284377
0.282654
0.279829
0.280282
0.283514
0.282313
0.283261
0.279908
0.276027
0.271031
0.272279
0.269894
0.272502
0.271461
0.282168
0.280489
0.297007
0.290771
0.298813
0.291227
0.290734
0.294011
0.317569
0.339444
0.343535
0.332800
0.306495
0.290209
0.291713
0.281052
0.287229
0.311405
0.301919
0.263852
0.265480
0.251800
0.216677
0.215566
0.244906
0.227209
0.225032
0.245503
0.250768
0.277069
0.259099
0.296342
0.278127
0.318133
0.333613
0.319706
0.250082
0.197171
0.246401
0.240425
0.234621
0.253686
0.332790
0.781741
0.960564
0.757687
0.273850
0.226746
0.218039
0.243148
0.223807
0.245152
0.232479
0.224172
0.204970
0.227483
0.222019
0.228708
0.195559
0.237780
0.256378
0.284535
0.303321
0.359883
0.360152
0.366925
0.348328
0.339809
0.388849
0.348845
0.353251
0.310024
0.285340
0.294069
0.272129
0.292189
0.258458
0.248392
0.246205
0.261798
0.273933
0.278196
0.304407
0.314292
0.363338
0.353862
0.361477
0.418881
0.443376
0.450576
0.447129
0.406009
0.324698
0.282581
0.275894
0.282457
0.274173
0.260289
0.262441
0.270051
0.271113
0.294449
0.297428
0.312474
0.297507
0.286215
0.285009
0.314241
0.337451
0.352987
0.346100
0.315721
0.291037
0.262470
0.258263
0.262886
0.261311
0.259675
0.257479
0.273911
0.297853
0.326398
0.340401
0.324661
0.295479
0.294294
0.295097
0.293108
0.308542
0.315976
0.324200
0.309651
0.315556
0.337381
0.365559
0.424115
0.486279
0.505794
0.480598
0.439946
0.369557
0.299884
0.272275
0.272253
0.269391
0.261159
0.258330
0.255200
0.251319
0.259903
0.265315
0.269509
0.278571
0.279482
0.279127
0.288907
0.300186
0.305062
0.304532
0.308491
0.307197
0.304583
0.292594
0.293066
0.280244
0.277606
0.274358
0.275764
0.275023
0.281529
0.284415
0.292446
0.295249
0.308340
0.314003
0.312385
0.326964
0.324245
0.361848
0.408918
0.472083
0.476479
0.482393
0.429395
0.347237
0.324236
0.300053
0.291083
0.285471
0.287348
0.272854
0.264276
0.260684
0.268324
0.277635
0.339276
0.362593
0.335751
0.313131
0.287224
0.264840
0.255393
0.262962
0.264080
0.264251
0.267547
0.276435
0.293816
0.341692
0.354651
0.366150
0.343918
0.319150
0.308201
0.282591
0.301798
0.296776
0.294135
0.291945
0.330104
0.365693
0.399962
0.381976
0.350931
0.306341
0.311918
0.308862
0.298781
0.303910
0.306838
0.296002
0.289172
0.292498
0.281826
0.287723
0.283970
0.285486
0.280026
0.282093
0.294020
0.299702
0.290849
0.278741
0.289203
0.289769
0.288092
0.282268
0.273687
0.263098
0.261831
0.257994
0.269602
0.271010
0.269979
0.279477
0.275454
0.293529
0.292742
0.294061
0.312767
0.320667
0.324352
0.349925
0.341881
0.355060
0.324715
0.310762
0.299511
0.299645
0.314064
0.322057
0.300322
0.221234
0.133637
0.216510
0.198317
0.166540
0.142046
0.186315
0.229719
0.276416
0.210087
0.162519
0.208911
0.152279
0.058242
0.237545
0.260599
0.272184
0.183569
0.151192
0.257225
0.275123
0.256766
0.254619
0.288530
0.444945
0.980795
0.980698
0.391796
0.266282
0.260899
0.233437
0.324330
0.292700
0.324644
0.304108
0.350109
0.341812
0.339776
0.433411
0.432735
0.343091
0.231215
0.246801
0.266762
0.251387
0.193064
0.238781
0.238524
0.188049
0.247114
0.194090
0.173643
0.276329
0.251355
0.263644
0.329649
0.381670
0.380451
0.346892
0.324119
0.298297
0.293889
0.305133
0.321520
0.346615
0.334532
0.324305
0.288647
0.258032
0.248315
0.245084
0.240837
0.230138
0.234767
0.242070
0.267172
0.221015
0.152186
0.116571
0.194077
0.186992
0.194152
0.185403
0.212681
0.227429
0.252378
0.191336
0.134495
0.211219
0.128745
0.181358
0.232127
0.184449
0.271129
0.178853
0.188289
0.237992
0.255347
0.257541
0.194820
0.285099
0.339062
0.975556
0.979797
0.439587
0.294376
0.287241
0.282288
0.365346
0.310721
0.343812
0.267714
0.284095
0.275798
0.216330
0.206536
0.286581
0.277094
0.237290
0.256959
0.285615
0.277354
0.268262
0.279636
0.322862
0.299479
0.344380
0.294060
0.276212
0.382730
0.346239
0.345297
0.370563
0.313274
0.313023
0.304494
0.297906
0.297053
0.290553
0.280043
0.282079
0.264750
0.258624
0.246937
0.251520
0.252930
0.292722
0.299934
0.304835
0.282911
0.270344
0.248544
0.249133
0.250052
0.254210
0.267696
0.264896
0.268064
0.260154
0.282448
0.292931
0.346584
0.361006
0.374053
0.360583
0.328204
0.286292
0.294247
0.294404
0.294596
0.288464
0.291644
0.296129
0.298416
0.308008
0.312881
0.325482
0.316583
0.291187
0.283745
0.270613
0.272671
0.274155
0.269130
0.262818
0.263584
0.262795
0.264175
0.263364
0.264084
0.259141
0.258298
0.257383
0.260410
0.267360
0.271922
0.278927
0.301770
0.305323
0.308971
0.324273
0.329378
0.364665
0.367033
0.432148
0.437883
0.485548
0.518796
0.606058
0.595823
0.576583
0.525120
0.458894
0.367584
0.326947
0.344789
0.360423
0.349870
0.302722
0.270373
0.246197
0.223362
0.218586
0.226351
0.232336
0.227513
0.228339
0.242004
0.275584
0.277956
0.294442
0.298491
0.310737
0.315673
0.311496
0.312497
0.315938
0.327650
0.320261
0.319715
0.330639
0.341419
0.394506
0.458346
0.514032
0.490942
0.470527
0.376887
0.321637
0.305448
0.305045
0.294585
0.345823
0.365898
0.370688
0.353643
0.332782
0.279012
0.271085
0.258967
0.266659
0.263812
0.261690
0.271901
0.261328
0.263338
0.263155
0.274679
0.310748
0.325370
0.324838
0.315824
0.292907
0.290203
0.294324
0.297941
0.291730
0.299661
0.317956
0.321697
0.334947
0.329599
0.317527
0.301383
0.294724
0.300057
0.293127
0.290232
0.293366
0.331387
0.339148
0.345222
0.343713
0.301016
0.282758
0.270375
0.272136
0.275315
0.276314
0.276717
0.275135
0.267245
0.257321
0.248558
0.246906
0.244973
0.247129
0.251091
0.253669
0.258737
0.272890
0.295934
0.314725
0.322834
0.337407
0.347131
0.357548
0.334846
0.348504
0.340438
0.339236
0.329225
0.320739
0.325522
0.323454
0.372853
0.405804
0.433434
0.399013
0.360965
0.294601
0.256646
0.254212
0.264883
0.263373
0.259966
0.259549
0.263248
0.273606
0.308762
0.336077
0.320025
0.319596
0.312214
0.308098
0.289980
0.302433
0.303618
0.325320
0.339576
0.335207
0.327150
0.297889
0.264864
0.240728
0.248119
0.257659
0.263181
0.273734
0.266541
0.246092
0.230717
0.260332
0.278442
0.245967
0.246190
0.255718
0.256775
0.261608
0.279072
0.266796
0.355056
0.276252
0.298719
0.213564
0.307010
0.225387
0.269966
0.186936
0.215605
0.247172
0.278225
0.258761
0.270689
0.323616
0.853283
0.951568
0.614854
0.334482
0.287797
0.283107
0.306846
0.351234
0.307910
0.277100
0.271928
0.216794
0.255718
0.233582
0.276314
0.224066
0.248385
0.240094
0.282207
0.223681
0.284808
0.268331
0.280580
0.253534
0.257408
0.258021
0.247468
0.264516
0.279917
0.300560
0.400954
0.448309
0.437413
0.420089
0.363577
0.330271
0.293929
0.330444
0.336234
0.342161
0.336291
0.288637
0.264884
0.247914
0.237540
0.237551
0.241588
0.246722
0.251400
0.255761
0.275848
0.274189
0.270113
0.260295
0.265105
0.267132
0.275412
0.279452
0.301881
0.311816
0.318663
0.326291
0.360324
0.392681
0.404809
0.402859
0.368220
0.323044
0.292529
0.292675
0.286562
0.278825
0.279453
0.309665
0.316009
0.295714
0.282330
0.274786
0.273932
0.281288
0.290887
0.310597
0.321292
0.320608
0.312353
0.302204
0.331400
0.347759
0.377061
0.367155
0.345724
0.306491
0.298633
0.298582
0.295394
0.293398
0.311613
0.326828
0.344429
0.350701
0.340895
0.330097
0.290842
0.271817
0.259082
0.248072
0.242315
0.240309
0.234048
0.236366
0.239624
0.237507
0.244013
0.250042
0.267459
0.291194
0.304032
0.312661
0.338039
0.359075
0.379498
0.381449
0.360077
0.358994
0.368042
0.355560
0.350252
0.324531
0.305437
0.306286
0.296617
0.286186
0.274817
0.273668
0.272021
0.287969
0.270496
0.274065
0.275061
0.276278
0.277807
0.275920
0.279642
0.283168
0.294208
0.295921
0.303060
0.293142
0.303433
0.311662
0.318890
0.319619
0.380311
0.409735
0.415725
0.396872
0.344052
0.286019
0.268764
0.261192
0.263701
0.254554
0.255322
0.250778
0.259358
0.278205
0.300489
0.292483
0.277514
0.254972
0.265184
0.263138
0.235010
0.259854
0.250985
0.266904
0.264872
0.283917
0.312705
0.348643
0.300549
0.319426
0.300776
0.336556
0.292038
0.262856
0.241203
0.271662
0.292414
0.280613
0.286167
0.316395
0.576581
0.955570
0.871567
0.386566
0.353926
0.309059
0.338069
0.311021
0.285636
0.294075
0.328177
0.338209
0.388962
0.365474
0.351590
0.311209
0.286591
0.258801
0.266064
0.239264
0.285851
0.303983
0.310992
0.325976
0.341378
0.380237
0.363923
0.321530
0.319133
0.284657
0.291591
0.315792
0.312041
0.294495
0.303298
0.310535
0.356012
0.393025
0.390271
0.375219
0.371214
0.347898
0.300425
0.272177
0.271759
0.257017
0.286671
0.268372
0.272983
0.271022
0.261843
0.242953
0.273346
0.291417
0.267776
0.242568
0.297458
0.303808
0.293740
0.327971
0.423997
0.717766
0.890907
0.859749
0.623928
0.369361
0.299505
0.284532
0.292621
0.293540
0.267685
0.286063
0.296985
0.290783
0.273359
0.277935
0.296185
0.304049
0.282434
0.298053
0.302403
0.321981
0.316380
0.307171
0.306353
0.324840
0.315870
0.302950
0.307912
0.366375
0.389008
0.418123
0.399532
0.381951
0.360792
0.316134
0.281371
0.236088
0.234053
0.243395
0.246443
0.235136
0.242414
0.242211
0.246137
0.271158
0.294252
0.297611
0.318998
0.340705
0.377470
0.380545
0.359308
0.345779
0.339211
0.334614
0.338883
0.384946
0.403380
0.426963
0.417300
0.407191
0.331841
0.305094
0.300211
0.292153
0.286931
0.275262
0.262688
0.258699
0.255545
0.253949
0.249997
0.245606
0.245380
0.242195
0.254592
0.263733
0.267257
0.265604
0.271084
0.275114
0.284158
0.298761
0.333715
0.365252
0.387914
0.381380
0.369234
0.330745
0.333753
0.319801
0.318502
0.366150
0.370453
0.405757
0.379761
0.345368
0.328988
0.366701
0.428920
0.449529
0.436685
0.402488
0.367820
0.330948
0.292175
0.279206
0.285479
0.296258
0.315897
0.308653
0.265700
0.248115
0.227733
0.223191
0.221694
0.228799
0.229380
0.229839
0.240630
0.252375
0.283011
0.300338
0.329656
0.325150
0.329209
0.312245
0.317187
0.305322
0.317234
0.323283
0.323655
0.374829
0.400683
0.426383
0.409525
0.382254
0.370446
0.359329
0.330487
0.301589
0.299522
0.295971
0.286942
0.300122
0.308743
0.309166
0.294959
0.271064
0.248976
0.244197
0.247626
0.258567
0.251856
0.254161
0.253989
0.264120
0.311696
0.328842
0.321725
0.305809
0.307101
0.284967
0.282899
0.271127
0.279728
0.284123
0.289882
0.283960
0.300143
0.311843
0.321360
0.321396
0.326575
0.359809
0.414810
0.434404
0.433787
0.411446
0.356299
0.315607
0.289154
0.270149
0.272721
0.280610
0.275594
0.266184
0.269731
0.257518
0.260137
0.265268
0.274055
0.267915
0.286293
0.303526
0.322133
0.357886
0.374382
0.385478
0.376124
0.379499
0.352989
0.369915
0.400914
0.407894
0.398006
0.349307
0.307309
0.279360
0.284936
0.289552
0.291482
0.285071
0.284697
0.267673
0.272802
0.274026
0.272631
0.251634
0.275841
0.289080
0.295266
0.290180
0.329678
0.364577
0.384114
0.351816
0.311922
0.310607
0.363691
0.329028
0.308584
0.342055
0.486898
0.794497
0.899406
0.799170
0.527690
0.358351
0.335747
0.310834
0.297284
0.304037
0.315557
0.322722
0.329340
0.317572
0.290595
0.274745
0.291274
0.282968
0.277794
0.297897
0.310353
0.321993
0.324560
0.321631
0.323389
0.358600
0.381672
0.391252
0.405018
0.381477
0.354430
0.355450
0.327994
0.339943
0.352771
0.349964
0.348586
0.349223
0.328946
0.302364
0.289745
0.285305
0.256569
0.256614
0.263906
0.267350
0.260205
0.261313
0.273249
0.278297
0.298621
0.299680
0.311592
0.322154
0.324391
0.321251
0.299869
0.289113
0.283879
0.278135
0.269308
0.264758
0.267005
0.266750
0.265701
0.273614
0.276166
0.289742
0.298319
0.303582
0.314154
0.308092
0.300085
0.305816
0.304438
0.311092
0.316265
0.307995
0.304614
0.294077
0.290931
0.279442
0.292724
0.287921
0.284633
0.278437
0.274733
0.259185
0.264511
0.272350
0.270141
0.279691
0.295001
0.288949
0.317752
0.334772
0.334504
0.330378
0.308692
0.313659
0.309118
0.305146
0.316435
0.318945
0.301472
0.297423
0.335687
0.311858
0.303204
0.302799
0.293386
0.287263
0.273596
0.280658
0.286359
0.347728
0.362698
0.356779
0.318781
0.281346
0.246989
0.248907
0.239535
0.241877
0.242926
0.245057
0.252901
0.253910
0.265640
0.264536
0.271576
0.273663
0.291111
0.283892
0.324324
0.340937
0.352868
0.383880
0.395924
0.380594
0.378589
0.357523
0.326972
0.298265
0.357047
0.492141
0.492169
0.472594
0.432455
0.303956
0.270955
0.265869
0.249411
0.261091
0.267381
0.234606
0.298860
0.288966
0.239611
0.230259
0.245419
0.288484
0.312887
0.329907
0.360031
0.343432
0.403960
0.919728
0.958652
0.640381
0.393080
0.307459
0.324304
0.319373
0.310837
0.358780
0.305480
0.330482
0.336137
0.321368
0.334008
0.406578
0.395064
0.390430
0.392637
0.373431
0.321229
0.337917
0.309112
0.266303
0.248730
0.243606
0.273070
0.242711
0.230670
0.250743
0.240662
0.235667
0.264707
0.275868
0.291541
0.349045
0.360832
0.370092
0.355478
0.359882
0.366457
0.376565
0.353490
0.351207
0.363277
0.351260
0.342737
0.331402
0.337050
0.318492
0.317817
0.312754
0.260199
0.229679
0.221606
0.227985
0.245137
0.241808
0.235448
0.237048
0.263022
0.302922
0.351033
0.373618
0.379803
0.418283
0.415365
0.403770
0.374946
0.414622
0.416078
0.427173
0.398938
0.372134
0.334237
0.307478
0.276504
0.255105
0.249233
0.242167
0.249222
0.244455
0.246144
0.253476
0.243855
0.244163
0.255985
0.260051
0.274698
0.303511
0.303634
0.319715
0.313200
0.325405
0.308082
0.309019
0.297774
0.309409
0.287224
0.278278
0.267538
0.270298
0.263628
0.273036
0.275571
0.283176
0.279306
0.295523
0.288350
0.306068
0.311191
0.324772
0.336796
0.352749
0.368722
0.445111
0.454971
0.470877
0.420505
0.371776
0.310138
0.300773
0.305556
0.305977
0.293990
0.299789
0.329374
0.371541
0.409248
0.399769
0.383904
0.356985
0.315048
0.285184
0.277324
0.273460
0.278601
0.275569
0.260573
0.257052
0.263946
0.265414
0.262116
0.279469
0.285971
0.325560
0.370953
0.393820
0.388483
0.378369
0.341753
0.349463
0.357767
0.347367
0.369203
0.365196
0.345046
0.341615
0.322500
0.296075
0.273887
0.263525
0.267721
0.257936
0.263463
0.258830
0.256133
0.253453
0.254234
0.247239
0.248103
0.254062
0.256472
0.257529
0.272869
0.280644
0.307927
0.352282
0.361732
0.367117
0.382836
0.352793
0.330555
0.316007
0.313143
0.320197
0.344099
0.336353
0.333830
0.339420
0.309496
0.299990
0.291634
0.277342
0.277552
0.272425
0.271350
0.280194
0.274196
0.262499
0.272300
0.287634
0.301106
0.364431
0.382656
0.394729
0.385848
0.362732
0.304497
0.278852
0.276400
0.282341
0.275091
0.268716
0.292879
0.298282
0.304267
0.272274
0.260142
0.254652
0.265913
0.273312
0.267453
0.265637
0.263514
0.264956
0.254686
0.254600
0.242037
0.298020
0.330681
0.336289
0.336992
0.337388
0.350206
0.377731
0.377612
0.349812
0.361115
0.371178
0.440501
0.358981
0.369947
0.326601
0.313404
0.267596
0.271770
0.278444
0.295195
0.290798
0.325620
0.376666
0.389727
0.360620
0.396730
0.341370
0.373898
0.304415
0.376058
0.373641
0.372708
0.346935
0.762621
0.955155
0.859638
0.440760
0.376968
0.378916
0.396287
0.498610
0.436996
0.397599
0.348323
0.315145
0.304160
0.290399
0.285093
0.278924
0.295342
0.293199
0.345607
0.388296
0.481625
0.479846
0.409440
0.361846
0.299474
0.337705
0.306500
0.281333
0.287660
0.286197
0.298441
0.291887
0.314773
0.364281
0.355698
0.365053
0.349393
0.326111
0.321033
0.315795
0.315855
0.322320
0.360048
0.382518
0.357074
0.337495
0.319335
0.293076
0.260497
0.271250
0.269325
0.277712
0.258531
0.262685
0.252867
0.278770
0.270878
0.274792
0.256302
0.253265
0.240326
0.243923
0.256742
0.252744
0.259997
0.274868
0.294852
0.314178
0.357401
0.356843
0.363015
0.357217
0.359164
0.340412
0.304273
0.295261
0.288134
0.281347
0.271868
0.265769
0.278499
0.276315
0.274415
0.271858
0.284536
0.283722
0.290801
0.303561
0.305797
0.339817
0.369635
0.421049
0.478282
0.473117
0.457663
0.423036
0.389299
0.328247
0.297859
0.287844
0.286517
0.271690
0.261067
0.255765
0.250865
0.243826
0.245495
0.253549
0.259232
0.255263
0.256329
0.257655
0.259222
0.254273
0.254989
0.258564
0.264166
0.268662
0.276809
0.277719
0.275058
0.297471
0.308639
0.320431
0.339658
0.357803
0.362856
0.347625
0.356117
0.318366
0.309393
0.287832
0.308016
0.283131
0.288388
0.312691
0.309023
0.285598
0.290648
0.305166
0.341726
0.399012
0.425638
0.315961
0.319286
0.326444
0.309422
0.288668
0.322593
0.352064
0.649390
0.939389
0.856233
0.523096
0.495843
0.382930
0.339018
0.307246
0.322314
0.320180
0.389440
0.395935
0.369356
0.366166
0.330243
0.313979
0.323731
0.304904
0.301657
0.255179
0.322043
0.324781
0.296794
0.237298
0.277185
0.285293
0.316052
0.324197
0.374180
0.358137
0.322441
0.335594
0.349502
0.334275
0.344839
0.394713
0.358889
0.368086
0.348407
0.350550
0.377976
0.371349
0.307146
0.264708
0.285183
0.301654
0.282232
0.303573
0.386467
0.732493
0.873689
0.876495
0.709295
0.511267
0.429916
0.360075
0.337675
0.346350
0.317372
0.341283
0.343323
0.358193
0.314344
0.320605
0.314067
0.331408
0.303694
0.320949
0.340333
0.389021
0.409940
0.423557
0.462457
0.441912
0.420445
0.360617
0.356895
0.358762
0.351735
0.324636
0.308018
0.304387
0.301509
0.295584
0.327891
0.344649
0.342325
0.343952
0.318811
0.286351
0.267926
0.263330
0.262301
0.255797
0.245914
0.256123
0.261255
0.272490
0.281038
0.277567
0.274741
0.267119
0.276011
0.279816
0.288210
0.325145
0.325428
0.306158
0.302901
0.301411
0.291004
0.298441
0.297531
0.299112
0.297463
0.294789
0.295716
0.291169
0.285934
0.281869
0.292004
0.321864
0.332350
0.337754
0.330204
0.283752
0.274744
0.255242
0.257731
0.261477
0.266659
0.262186
0.258273
0.263585
0.288966
0.329125
0.330235
0.323997
0.306366
0.309458
0.300816
0.308486
0.315154
0.324317
0.385851
0.386610
0.384363
0.368636
0.336516
0.310869
0.319561
0.332436
0.404363
0.426489
0.413270
0.380928
0.366519
0.289026
0.273749
0.256275
0.245357
0.243119
0.241975
0.246030
0.245877
0.254067
0.259334
0.266976
0.279591
0.279677
0.294285
0.299610
0.330404
0.313570
0.303876
0.295548
0.285168
0.281632
0.275530
0.276143
0.268235
0.259631
0.253098
0.255596
0.264614
0.266452
0.272857
0.269548
0.285500
0.294334
0.304526
0.306958
0.318932
0.335621
0.344086
0.351494
0.404741
0.426870
0.444078
0.431653
0.424400
0.362081
0.336182
0.315360
0.307767
0.305344
0.303582
0.326706
0.356578
0.350178
0.345618
0.310777
0.296071
0.295790
0.298659
0.293343
0.321892
0.341957
0.348206
0.395380
0.383460
0.365368
0.314288
0.327470
0.296019
0.293448
0.258643
0.285325
0.281182
0.321692
0.318630
0.281010
0.285744
0.336446
0.341008
0.291317
0.268779
0.330355
0.311779
0.316142
0.378138
0.642473
0.796863
0.877743
0.791042
0.590339
0.480888
0.502390
0.411882
0.354700
0.336773
0.331226
0.313525
0.335595
0.331038
0.304042
0.292665
0.342009
0.331108
0.333758
0.341587
0.386118
0.393939
0.388715
0.385664
0.396498
0.408150
0.430668
0.390345
0.377980
0.348140
0.328578
0.320197
0.295924
0.279533
0.278800
0.277649
0.281676
0.290179
0.290655
0.312487
0.332042
0.354276
0.350063
0.344176
0.321437
0.308023
0.293335
0.289082
0.278297
0.281937
0.286888
0.282089
0.276053
0.276453
0.281997
0.284713
0.317299
0.318854
0.301813
0.287441
0.280120
0.257632
0.260899
0.263166
0.267519
0.267333
0.274038
0.276286
0.278371
0.297259
0.303619
0.312250
0.342515
0.378942
0.394039
0.376206
0.353871
0.337207
0.343893
0.329250
0.325347
0.369952
0.398781
0.419884
0.404621
0.355720
0.316549
0.315478
0.335142
0.353191
0.366282
0.354884
0.325188
0.291752
0.262074
0.249674
0.247237
0.247297
0.243990
0.241913
0.247024
0.249966
0.253238
0.259967
0.264415
0.272877
0.265004
0.262730
0.274866
0.287179
0.297146
0.288528
0.294230
0.286757
0.284242
0.301092
0.293004
0.292099
0.296679
0.295245
0.301467
0.293475
0.299621
0.317678
0.296100
0.349991
0.329341
0.402727
0.408945
0.463308
0.407337
0.358136
0.313348
0.322991
0.284139
0.281691
0.325503
0.345972
0.365771
0.461720
0.519140
0.792086
0.941001
0.873789
0.504360
0.482976
0.430420
0.421641
0.392540
0.370210
0.320248
0.356460
0.368595
0.347612
0.315165
0.400727
0.397259
0.393810
0.394829
0.379480
0.332995
0.339056
0.349349
0.360533
0.266623
0.268703
0.299926
0.298693
0.259023
0.273290
0.308292
0.318254
0.342371
0.358432
0.364035
0.357522
0.373825
0.357407
0.359612
0.340597
0.386426
0.324435
0.405559
0.357851
0.385535
0.418082
0.483180
0.706228
0.941785
0.908836
0.562395
0.417880
0.394121
0.471690
0.401451
0.468739
0.348705
0.378684
0.348708
0.362715
0.316150
0.374020
0.333159
0.354874
0.360791
0.398166
0.379343
0.385778
0.380784
0.400730
0.380269
0.395912
0.348176
0.349516
0.307186
0.299953
0.292299
0.325251
0.347551
0.347369
0.325639
0.320548
0.309378
0.308139
0.324415
0.347687
0.347258
0.351937
0.353847
0.338279
0.305571
0.299736
0.272995
0.256948
0.244972
0.247441
0.246379
0.241594
0.248075
0.245503
0.250950
0.255300
0.262716
0.258399
0.279671
0.280891
0.294178
0.285082
0.281050
0.272561
0.272933
0.273776
0.271890
0.278076
0.299890
0.309960
0.290107
0.293440
0.281567
0.291774
0.300799
0.297130
0.285919
0.307646
0.331814
0.371114
0.435513
0.473826
0.477394
0.464151
0.429125
0.352209
0.346027
0.391367
0.442397
0.420165
0.368139
0.316872
0.273227
0.250183
0.239200
0.248959
0.251632
0.257705
0.280393
0.304914
0.307100
0.290443
0.287929
0.280196
0.281046
0.293509
0.321782
0.325839
0.322240
0.320013
0.299480
0.277360
0.279752
0.279116
0.278021
0.275510
0.281701
0.314882
0.337214
0.349393
0.329261
0.298721
0.278135
0.263603
0.265253
0.263209
0.269503
0.269197
0.275922
0.296351
0.313684
0.331998
0.314682
0.290699
0.272095
0.270779
0.283861
0.284588
0.283259
0.289170
0.287355
0.290010
0.339856
0.355644
0.344281
0.313704
0.323453
0.312151
0.298779
0.306787
0.333412
0.388186
0.401681
0.399113
0.380116
0.339457
0.290603
0.291910
0.273494
0.290986
0.301581
0.297490
0.293338
0.297620
0.297718
0.295999
0.298281
0.283251
0.262852
0.276763
0.293514
0.312920
0.336822
0.336699
0.330814
0.321874
0.322608
0.300874
0.294660
0.375245
0.350284
0.351600
0.357640
0.474583
0.761244
0.900168
0.860941
0.635562
0.527803
0.431415
0.498230
0.359884
0.347654
0.308146
0.324566
0.325780
0.336474
0.326027
0.386192
0.410470
0.454294
0.451124
0.433561
0.437118
0.422490
0.385727
0.359623
0.314295
0.331512
0.329629
0.323801
0.323683
0.343944
0.320060
0.325942
0.342408
0.339804
0.334348
0.322168
0.363612
0.359026
0.360776
0.327797
0.340681
0.325188
0.315567
0.318540
0.315825
0.304224
0.304181
0.297519
0.295670
0.310943
0.342196
0.343005
0.340491
0.324847
0.301366
0.284888
0.274463
0.268255
0.278820
0.268861
0.261802
0.260353
0.254427
0.251469
0.259984
0.255445
0.253829
0.257720
0.270459
0.281877
0.315178
0.323137
0.318749
0.321801
0.317562
0.307197
0.292312
0.309009
0.317154
0.383610
0.414251
0.417889
0.394287
0.368837
0.351250
0.338753
0.325344
0.308061
0.313184
0.306334
0.310094
0.290952
0.281076
0.262854
0.265041
0.263979
0.273470
0.272426
0.261450
0.269323
0.264466
0.279628
0.302867
0.319734
0.328033
0.322367
0.289363
0.258429
0.242275
0.247827
0.263038
0.273441
0.280357
0.279269
0.284660
0.302357
0.327930
0.348246
0.388453
0.380419
0.377432
0.367500
0.395099
0.384247
0.396207
0.398927
0.427346
0.376120
0.400572
0.386314
0.466385
0.477867
0.433733
0.410580
0.517199
0.558036
0.803657
0.914906
0.828797
0.624832
0.535327
0.491618
0.385153
0.381944
0.355121
0.324558
0.338530
0.344027
0.327612
0.332178
0.443797
0.513267
0.534753
0.526677
0.446857
0.425633
0.414790
0.357005
0.355086
0.354540
0.353771
0.370014
0.348794
0.351828
0.370460
0.355975
0.340297
0.337341
0.330872
0.337051
0.355437
0.362515
0.377392
0.396696
0.403711
0.414891
0.412889
0.439327
0.491939
0.549149
0.618123
0.725002
0.844827
0.859707
0.817758
0.748920
0.617184
0.504188
0.473905
0.421135
0.377540
0.386331
0.360674
0.365532
0.335751
0.322703
0.317601
0.326734
0.323653
0.323069
0.323265
0.317456
0.333327
0.351326
0.337248
0.334073
0.341882
0.356270
0.358520
0.362518
0.330141
0.357890
0.376928
0.391379
0.412270
0.392216
0.377525
0.351248
0.325222
0.321111
0.331101
0.337090
0.317454
0.306074
0.299744
0.285833
0.281744
0.270490
0.270766
0.279446
0.294307
0.278231
0.275582
0.264269
0.257152
0.257362
0.253646
0.253776
0.259779
0.271037
0.264021
0.269887
0.275294
0.275025
0.280151
0.280404
0.293802
0.302439
0.311294
0.320616
0.331891
0.326213
0.326971
0.326079
0.324571
0.343714
0.403325
0.459338
0.461353
0.479553
0.474750
0.418512
0.332824
0.318186
0.312786
0.316868
0.318041
0.366709
0.360424
0.366149
0.337231
0.324779
0.321946
0.337326
0.374013
0.428232
0.423067
0.388036
0.371409
0.350002
0.328379
0.285383
0.257299
0.246771
0.248428
0.244589
