# Predictions (Probabilities)
0.693205
0.674020
0.564963
0.455383
0.387416
0.369018
0.353026
0.361377
0.349304
0.314821
0.321953
0.316270
0.318048
0.308376
0.317492
0.326050
0.328890
0.330932
0.341978
0.359425
0.383686
0.369152
0.391119
0.372615
0.357196
0.329678
0.338225
0.350764
0.350993
0.351614
0.346460
0.319869
0.300994
0.310594
0.309774
0.326056
0.338559
0.338778
0.331960
0.320633
0.316420
0.281508
0.270338
0.251963
0.246271
0.244464
0.241140
0.238678
0.241165
0.245299
0.245137
0.257659
0.260439
0.278676
0.284414
0.292058
0.321259
0.313701
0.359354
0.387582
0.397335
0.388239
0.344854
0.339073
0.311476
0.307181
0.301363
0.332709
0.381566
0.379793
0.384684
0.369267
0.329134
0.302433
0.286943
0.273317
0.283538
0.284658
0.287080
0.309165
0.305963
0.287107
0.272941
0.282118
0.297472
0.316859
0.331883
0.336365
0.349576
0.328570
0.337684
0.387864
0.393425
0.364323
0.343640
0.311744
0.270909
0.247866
0.242003
0.248977
0.250973
0.280239
0.309054
0.304372
0.311162
0.270173
0.264118
0.254954
0.272055
0.261033
0.261285
0.284586
0.297910
0.319326
0.401399
0.419710
0.453339
0.440512
0.424052
0.333283
0.305992
0.293692
0.309031
0.302645
0.284599
0.267852
0.269595
0.267257
0.282815
0.299844
0.308940
0.299223
0.301082
0.278893
0.273626
0.278105
0.294085
0.282483
0.288491
0.287662
0.318830
0.359125
0.395031
0.404775
0.401794
0.406291
0.405768
0.375192
0.333809
0.295477
0.273219
0.273954
0.250837
0.254861
0.252802
0.250234
0.241485
0.254397
0.270216
0.269114
0.284756
0.285616
0.310713
0.363530
0.403325
0.411676
0.400353
0.343697
0.335656
0.340761
0.339312
0.321040
0.323929
0.361414
0.406132
0.469966
0.571683
0.637160
0.614458
0.579296
0.477398
0.423414
0.335025
0.320539
0.323451
0.310083
0.276165
0.272301
0.317264
0.347161
0.341415
0.323542
0.299148
0.279576
0.257293
0.267580
0.284336
0.288009
0.268408
0.263678
0.260254
0.277771
0.253260
0.256570
0.275455
0.277987
0.264493
0.274716
0.309591
0.356562
0.372741
0.394060
0.379564
0.387942
0.327990
0.323746
0.326364
0.305473
0.291817
0.297121
0.293290
0.264264
0.255382
0.260391
0.270910
0.285843
0.294247
0.296817
0.292649
0.314665
0.330997
0.371086
0.385038
0.422024
0.407606
0.407129
0.349921
0.304206
0.303553
0.307536
0.311631
0.313836
0.347398
0.355185
0.364176
0.339725
0.305737
0.280958
0.286229
0.258433
0.278661
0.293443
0.269355
0.263895
0.258373
0.245170
0.242698
0.249868
0.244029
0.253722
0.268484
0.300345
0.319093
0.359540
0.360829
0.372860
0.371115
0.406582
0.417626
0.429293
0.395175
0.385964
0.320469
0.286778
0.277174
0.290345
0.283858
0.279893
0.309401
0.350602
0.368749
0.365227
0.352774
0.315390
0.291357
0.292306
0.288196
0.281225
0.284687
0.290381
0.309025
0.312793
0.320820
0.306132
0.289919
0.279196
0.268131
0.291812
0.312910
0.299770
0.295450
0.285314
0.265714
0.264856
0.263664
0.284825
0.289702
0.301618
0.279347
0.282754
0.314308
0.323420
0.338157
0.334570
0.311097
0.295016
0.282690
0.282010
0.285412
0.315101
0.350104
0.353435
0.350963
0.322757
0.277880
0.249839
0.248503
0.250393
0.252149
0.256846
0.259311
0.264980
0.258982
0.267783
0.270562
0.284502
0.277086
0.288810
0.278092
0.294764
0.304625
0.301948
0.303748
0.318952
0.312771
0.340604
0.324647
0.312249
0.324857
0.328693
0.343484
0.330259
0.346215
0.347615
0.361602
0.338353
0.325382
0.289381
0.291037
0.284403
0.285900
0.271600
0.313097
0.347485
0.380433
0.373835
0.354550
0.334566
0.271071
0.271705
0.259375
0.274069
0.273615
0.273685
0.255827
0.256389
0.249981
0.262429
0.270095
0.304699
0.299925
0.287373
0.303297
0.305880
0.303503
0.319294
0.337435
0.379386
0.395184
0.395722
0.383929
0.343249
0.316780
0.281860
0.283774
0.291226
0.332155
0.363869
0.356073
0.341536
0.308562
0.276250
0.274056
0.280896
0.277570
0.281498
0.331054
0.370490
0.370503
0.394724
0.367521
0.374204
0.335529
0.336161
0.287059
0.273623
0.278222
0.284707
0.259862
0.232664
0.230104
0.231188
0.225956
0.228448
0.244318
0.262769
0.279063
0.319409
0.374459
0.403572
0.402240
0.413524
0.407331
0.365784
0.345451
0.369250
0.330259
0.276809
0.244470
0.292068
0.236584
0.199571
0.182488
0.215922
0.273452
0.243964
0.266020
0.144193
0.192570
0.081483
0.149257
0.143814
0.210569
0.178858
0.133368
0.086978
0.190812
0.198046
0.197009
0.153718
0.312071
0.284877
0.955891
0.987188
0.555660
0.251822
0.230509
0.151157
0.252986
0.219412
0.244330
0.161630
0.275409
0.283004
0.296706
0.287798
0.390793
0.401492
0.332933
0.284768
0.308616
0.252007
0.267972
0.220669
0.273311
0.203953
0.152048
0.186251
0.191559
0.230381
0.252999
0.255193
0.279053
0.259667
0.260440
0.277034
0.288979
0.300034
0.313140
0.337870
0.362307
0.371838
0.417364
0.426344
0.428092
0.396800
0.354719
0.313406
0.275356
0.281034
0.287615
0.293194
0.289096
0.314611
0.323661
0.329016
0.324161
0.286453
0.281910
0.277630
0.301103
0.299370
0.288363
0.278085
0.300022
0.330925
0.358295
0.348202
0.362637
0.354793
0.365576
0.334397
0.348033
0.348444
0.345281
0.350187
0.336019
0.341223
0.353488
0.337163
0.333172
0.286196
0.284217
0.271484
0.260404
0.259935
0.258187
0.268171
0.269680
0.272518
0.279937
0.272375
0.265806
0.263543
0.258268
0.256033
0.266414
0.279007
0.282609
0.265475
0.295392
0.324136
0.358791
0.348703
0.367428
0.358761
0.389546
0.409982
0.445970
0.438120
0.472835
0.421165
0.411299
0.341068
0.312064
0.300401
0.311195
0.316666
0.292214
0.264182
0.263991
0.248571
0.249692
0.247630
0.231621
0.235406
0.234073
0.267343
0.289456
0.322780
0.335960
0.330707
0.293489
0.277759
0.287889
0.327193
0.355683
0.356471
0.342530
0.324317
0.304007
0.325586
0.318783
0.322878
0.335441
0.313266
0.290081
0.272475
0.283314
0.281357
0.304979
0.319961
0.320838
0.291153
0.279806
0.266013
0.270150
0.270902
0.277569
0.308669
0.298111
0.315876
0.283061
0.277980
0.281075
0.264723
0.259091
0.266594
0.277150
0.282164
0.272785
0.268462
0.277724
0.296490
0.299169
0.344481
0.322143
0.133141
0.061271
0.270646
0.178403
0.163719
0.129354
0.180255
0.176975
0.218022
0.189730
0.085199
0.115214
0.039016
0.057880
0.053246
0.118867
0.108223
0.118355
0.182704
0.211465
0.198028
0.148355
0.162982
0.247692
0.264163
0.889726
0.994970
0.613691
0.307710
0.273271
0.214532
0.282765
0.232591
0.238106
0.189026
0.210305
0.290694
0.264955
0.170368
0.245595
0.254922
0.199132
0.199612
0.257466
0.297565
0.231631
0.258439
0.309720
0.271626
0.172350
0.219391
0.158674
0.317367
0.259687
0.246916
0.290123
0.280287
0.281096
0.275522
0.270762
0.266270
0.270377
0.298758
0.308669
0.318086
0.316383
0.310392
0.296709
0.304183
0.297014
0.284391
0.286978
0.292010
0.286372
0.284651
0.277780
0.269927
0.262929
0.262118
0.262312
0.274979
0.298504
0.294364
0.310690
0.344019
0.345107
0.340692
0.320254
0.343926
0.351481
0.371801
0.345645
0.360174
0.371184
0.386233
0.442941
0.511828
0.549662
0.524488
0.507555
0.437755
0.335449
0.294373
0.276445
0.285824
0.273695
0.255581
0.246776
0.263516
0.268765
0.275417
0.303577
0.330933
0.363436
0.391636
0.408227
0.412398
0.402019
0.397873
0.378115
0.351802
0.309222
0.304071
0.311770
0.308540
0.322243
0.346881
0.363648
0.349995
0.320544
0.289301
0.266287
0.286874
0.275355
0.271640
0.275980
0.266487
0.257038
0.255211
0.267423
0.256344
0.272386
0.327347
0.351317
0.367268
0.394492
0.368912
0.370711
0.378029
0.388216
0.390371
0.403139
0.395540
0.384587
0.372504
0.335078
0.283573
0.275086
0.271958
0.255292
0.241026
0.247570
0.249831
0.245619
0.256528
0.253636
0.256322
0.242273
0.261211
0.296188
0.325328
0.353152
0.382260
0.391088
0.398520
0.406419
0.459226
0.480225
0.502474
0.464762
0.455729
0.435514
0.399135
0.320955
0.286645
0.294466
0.297331
0.303050
0.284505
0.301783
0.321847
0.375647
0.422281
0.425446
0.414610
0.378090
0.353204
0.317210
0.334209
0.328032
0.329973
0.308918
0.290710
0.276277
0.268346
0.262619
0.259543
0.278539
0.309750
0.310931
0.306537
0.320603
0.326656
0.327575
0.321501
0.320939
0.321196
0.305857
0.297184
0.302199
0.307947
0.285021
0.280075
0.261404
0.263085
0.267804
0.259638
0.256871
0.276187
0.300131
0.332958
0.370135
0.387072
0.393890
0.415205
0.401891
0.398205
0.355918
0.312895
0.287005
0.283089
0.277188
0.269659
0.273927
0.308850
0.323795
0.326321
0.300640
0.284755
0.285705
0.296434
0.303517
0.350401
0.361662
0.368657
0.357858
0.352929
0.313234
0.294961
0.292954
0.283185
0.278181
0.298034
0.323868
0.321487
0.326566
0.313774
0.273044
0.265744
0.246884
0.224235
0.231996
0.245882
0.265421
0.255232
0.253278
0.237739
0.249272
0.272823
0.276060
0.306620
0.340773
0.362430
0.381601
0.378468
0.349559
0.348277
0.320436
0.334262
0.333327
0.351177
0.320476
0.327618
0.324809
0.340944
0.390491
0.478657
0.510331
0.575673
0.509393
0.476467
0.368368
0.298326
0.260904
0.268377
0.271940
0.278235
0.268630
0.280844
0.296143
0.335215
0.359236
0.382413
0.407374
0.422720
0.424506
0.430542
0.423222
0.400337
0.374300
0.389827
0.422708
0.406521
0.410444
0.367674
0.321210
0.278342
0.270306
0.248404
0.249718
0.253673
0.273249
0.252080
0.257935
0.280092
0.253476
0.246194
0.244524
0.252671
0.256232
0.253350
0.252697
0.308656
0.344422
0.297005
0.286519
0.259757
0.232401
0.231605
0.243831
0.265765
0.359289
0.380011
0.320906
0.309556
0.296404
0.236700
0.233684
0.182879
0.223192
0.237823
0.321951
0.273900
0.277986
0.306696
0.745783
0.960873
0.793372
0.346567
0.222106
0.231154
0.276482
0.305595
0.246151
0.268729
0.264434
0.204456
0.243889
0.240221
0.290816
0.232019
0.225664
0.237318
0.263676
0.246023
0.282670
0.320667
0.341338
0.325983
0.274993
0.265249
0.243403
0.285808
0.333256
0.367921
0.380385
0.388210
0.331473
0.309206
0.318287
0.302479
0.294976
0.288587
0.302531
0.317316
0.338175
0.398886
0.413075
0.434559
0.384082
0.373282
0.295432
0.249141
0.238902
0.251055
0.250800
0.249619
0.243393
0.244504
0.239552
0.225607
0.246202
0.272643
0.276964
0.287977
0.324409
0.344495
0.355890
0.336980
0.318477
0.340607
0.355335
0.350165
0.351865
0.334356
0.326544
0.338388
0.326454
0.334446
0.296995
0.295433
0.286846
0.276719
0.286002
0.286620
0.286344
0.283204
0.277814
0.278263
0.292314
0.313563
0.331976
0.328958
0.346026
0.348423
0.349241
0.335696
0.307459
0.277637
0.257202
0.262203
0.242847
0.240878
0.243230
0.259512
0.252587
0.275148
0.291411
0.315239
0.316176
0.372093
0.391762
0.402829
0.444777
0.440135
0.467075
0.437264
0.425724
0.462406
0.476851
0.441329
0.428043
0.386480
0.328707
0.308520
0.272258
0.270965
0.264483
0.259691
0.246953
0.257989
0.266348
0.266553
0.283106
0.300551
0.322546
0.332989
0.381602
0.381471
0.402796
0.388724
0.405412
0.345684
0.271902
0.257810
0.262241
0.264795
0.267936
0.264377
0.267331
0.272896
0.310961
0.299845
0.321849
0.360743
0.400262
0.389239
0.396529
0.371540
0.350581
0.325614
0.314731
0.349175
0.369735
0.386161
0.367786
0.318469
0.287828
0.281802
0.272425
0.288717
0.336756
0.333645
0.289584
0.271888
0.271409
0.258257
0.280320
0.263547
0.270890
0.277728
0.317196
0.366933
0.497463
0.510526
0.558186
0.521270
0.535240
0.411149
0.374796
0.327014
0.338737
0.370621
0.370614
0.346062
0.337067
0.301883
0.286942
0.244395
0.263999
0.279530
0.288511
0.279893
0.287963
0.282705
0.292342
0.287691
0.304507
0.285146
0.300617
0.314161
0.341323
0.355402
0.365771
0.375691
0.344514
0.326607
0.270767
0.280172
0.280644
0.274947
0.272097
0.279050
0.280279
0.288017
0.322035
0.397670
0.418620
0.433868
0.432275
0.441723
0.426052
0.369788
0.353434
0.334878
0.325210
0.310490
0.292629
0.278232
0.268776
0.259248
0.286360
0.356967
0.362513
0.381311
0.340773
0.293931
0.295764
0.323653
0.312648
0.286999
0.286605
0.302322
0.315006
0.399548
0.477025
0.540515
0.509057
0.503400
0.475357
0.423098
0.386355
0.330571
0.321128
0.328657
0.289986
0.272274
0.278986
0.285223
0.283148
0.292442
0.311016
0.347364
0.375774
0.282729
0.217128
0.184625
0.253678
0.220699
0.243038
0.172257
0.192502
0.191084
0.255539
0.116098
0.175734
0.157942
0.208258
0.055811
0.247078
0.170395
0.201293
0.170561
0.257221
0.259003
0.318882
0.244050
0.310526
0.279967
0.365682
0.950960
0.956520
0.434253
0.267959
0.303695
0.325903
0.426213
0.294403
0.411873
0.378417
0.336058
0.321070
0.421767
0.910409
0.808455
0.535039
0.236679
0.260479
0.313933
0.366483
0.310383
0.295129
0.286606
0.266529
0.271426
0.289947
0.232732
0.252565
0.293895
0.327814
0.340713
0.333290
0.344270
0.358407
0.342554
0.355781
0.341760
0.325944
0.300944
0.292745
0.333512
0.310909
0.278218
0.298471
0.292122
0.296444
0.302523
0.297756
0.300903
0.285645
0.274378
0.281794
0.295232
0.302045
0.324831
0.311307
0.311556
0.291606
0.262438
0.259458
0.258683
0.267470
0.260036
0.279220
0.264402
0.287178
0.300045
0.308940
0.321115
0.324672
0.298445
0.281545
0.289543
0.291447
0.321309
0.331989
0.332706
0.327357
0.305187
0.277913
0.265637
0.260849
0.263515
0.279979
0.296148
0.292797
0.279438
0.266592
0.243507
0.242731
0.242009
0.239935
0.255125
0.262983
0.284705
0.286559
0.291525
0.288386
0.290599
0.285384
0.305299
0.331292
0.354531
0.359248
0.405250
0.433012
0.428142
0.390330
0.379580
0.352566
0.318642
0.303919
0.290046
0.264662
0.253419
0.251588
0.271077
0.292313
0.282847
0.257351
0.256892
0.249565
0.253712
0.273895
0.304237
0.327192
0.335981
0.353589
0.341609
0.315085
0.314249
0.299475
0.264480
0.233268
0.272800
0.263445
0.223804
0.236973
0.200884
0.223447
0.203031
0.264553
0.245233
0.344122
0.218991
0.291882
0.207248
0.297221
0.239746
0.278849
0.247090
0.234949
0.270351
0.290471
0.241469
0.279063
0.313831
0.892425
0.946639
0.541873
0.296681
0.267432
0.207860
0.312380
0.272409
0.322114
0.227572
0.286856
0.287839
0.339401
0.297551
0.352737
0.272722
0.321669
0.266715
0.290945
0.216742
0.281541
0.229356
0.263885
0.206073
0.217206
0.232131
0.249083
0.267423
0.255747
0.238269
0.302869
0.330076
0.351772
0.361922
0.372986
0.391825
0.398661
0.392654
0.386642
0.367835
0.362581
0.361224
0.342020
0.298279
0.275414
0.242967
0.240682
0.229549
0.236800
0.237809
0.252150
0.269407
0.285674
0.316590
0.318421
0.307861
0.305102
0.303566
0.300219
0.314342
0.358347
0.459422
0.484430
0.485952
0.482074
0.494240
0.457125
0.420418
0.430113
0.431462
0.405224
0.350925
0.310409
0.284112
0.271872
0.259879
0.267151
0.273097
0.291486
0.320547
0.342666
0.353112
0.345674
0.339661
0.321539
0.309594
0.289793
0.294321
0.285208
0.293168
0.328171
0.373372
0.403083
0.392427
0.364683
0.335923
0.330253
0.313616
0.275341
0.267531
0.259617
0.240944
0.230654
0.231836
0.225906
0.230979
0.231182
0.241104
0.245971
0.247651
0.254530
0.278616
0.302820
0.307421
0.306810
0.328997
0.322890
0.345912
0.380990
0.389013
0.397830
0.446562
0.470830
0.502166
0.500253
0.488122
0.420790
0.388721
0.357927
0.325078
0.315717
0.293057
0.281206
0.287531
0.276202
0.302055
0.293878
0.284958
0.271929
0.270007
0.252687
0.293122
0.279497
0.287654
0.268872
0.273768
0.267973
0.269878
0.299700
0.303688
0.383368
0.409982
0.435089
0.421594
0.417655
0.367521
0.350616
0.329092
0.300086
0.292348
0.324634
0.328726
0.314941
0.308251
0.275804
0.265791
0.275938
0.276940
0.269954
0.259994
0.273583
0.277936
0.248174
0.216568
0.228163
0.243029
0.222440
0.244679
0.213903
0.233602
0.222751
0.282654
0.266755
0.323864
0.239819
0.334116
0.297428
0.406364
0.310506
0.382476
0.256858
0.257756
0.247696
0.276948
0.245561
0.269853
0.307565
0.905144
0.966473
0.703960
0.387191
0.348216
0.316789
0.332170
0.308899
0.306212
0.260034
0.285888
0.305232
0.413657
0.390767
0.442938
0.379444
0.322249
0.280913
0.313771
0.286499
0.341585
0.319891
0.346450
0.327578
0.322776
0.300790
0.282065
0.269982
0.257459
0.262922
0.303905
0.358086
0.364006
0.368967
0.365761
0.351824
0.306749
0.292002
0.266012
0.310765
0.330880
0.333642
0.328817
0.293705
0.266017
0.243601
0.234431
0.235037
0.235338
0.271685
0.291891
0.304733
0.304367
0.279462
0.259794
0.251711
0.246617
0.248027
0.255184
0.281669
0.290486
0.284349
0.281072
0.278596
0.282915
0.288958
0.282421
0.302926
0.295136
0.314438
0.303361
0.292164
0.295350
0.311492
0.337422
0.378162
0.383359
0.399348
0.358583
0.311868
0.284164
0.283230
0.311664
0.321385
0.334316
0.320635
0.292177
0.271774
0.271363
0.262355
0.271717
0.272338
0.273177
0.277327
0.290040
0.304343
0.289416
0.292871
0.290866
0.344862
0.352570
0.372979
0.352898
0.354252
0.295877
0.256354
0.249612
0.261387
0.269966
0.271277
0.273637
0.272845
0.299969
0.341820
0.372372
0.378531
0.376763
0.381549
0.330607
0.318403
0.286517
0.288111
0.281519
0.288050
0.286985
0.301514
0.277233
0.270425
0.264499
0.270529
0.275979
0.286220
0.270922
0.281742
0.291873
0.272828
0.266301
0.266672
0.273909
0.275673
0.283193
0.309518
0.301990
0.301250
0.304434
0.318832
0.317791
0.319941
0.339797
0.341468
0.359806
0.433291
0.479224
0.519570
0.500504
0.511471
0.366460
0.326773
0.307702
0.305249
0.343247
0.325228
0.314382
0.303012
0.285839
0.283479
0.278861
0.280408
0.266628
0.302167
0.322543
0.330742
0.319506
0.309061
0.284378
0.254392
0.234742
0.241642
0.244782
0.262083
0.280510
0.277076
0.282542
0.287409
0.300804
0.333658
0.330655
0.332414
0.332530
0.320632
0.307999
0.300204
0.322973
0.375016
0.389923
0.379296
0.367848
0.347091
0.320861
0.311010
0.301551
0.299984
0.282596
0.278349
0.276017
0.273404
0.300925
0.307639
0.286257
0.293226
0.297971
0.273957
0.284347
0.313031
0.269869
0.307261
0.282265
0.335734
0.282459
0.286148
0.301614
0.299629
0.311320
0.308467
0.333338
0.769843
0.931202
0.810511
0.573477
0.367687
0.297645
0.280308
0.316932
0.316509
0.309363
0.332972
0.380815
0.337024
0.300707
0.295291
0.320965
0.316445
0.302379
0.340891
0.360991
0.386276
0.371835
0.376378
0.375706
0.400324
0.395933
0.335283
0.283490
0.279445
0.272267
0.254036
0.263714
0.260617
0.250420
0.262302
0.262699
0.260390
0.295694
0.333990
0.343476
0.336287
0.326999
0.314173
0.331925
0.318077
0.336119
0.365208
0.380988
0.374728
0.392688
0.372963
0.338907
0.299232
0.296265
0.287574
0.271153
0.274163
0.283987
0.280465
0.284111
0.296172
0.285709
0.298711
0.305968
0.319649
0.324915
0.297743
0.264039
0.256110
0.247125
0.251500
0.245040
0.243225
0.245428
0.248468
0.289339
0.297585
0.319360
0.359722
0.348775
0.373505
0.325083
0.319076
0.334713
0.396143
0.431300
0.474997
0.427893
0.416060
0.366108
0.310337
0.292851
0.294837
0.317720
0.318779
0.333867
0.399592
0.831218
0.927118
0.777853
0.390973
0.331699
0.376856
0.310324
0.313215
0.314585
0.301871
0.288675
0.290058
0.363727
0.369010
0.419808
0.375011
0.344240
0.370389
0.384876
0.355709
0.413864
0.409612
0.406416
0.327770
0.353558
0.324936
0.327371
0.339661
0.299390
0.459698
0.817924
0.893226
0.715700
0.560868
0.515057
0.417799
0.385344
0.360920
0.366360
0.351128
0.346526
0.350255
0.329671
0.301502
0.328399
0.366430
0.393035
0.414601
0.395618
0.395166
0.371552
0.387385
0.374378
0.372929
0.402130
0.411298
0.356918
0.359307
0.355976
0.344084
0.355456
0.363377
0.345256
0.317028
0.265510
0.268503
0.256863
0.258312
0.262284
0.256814
0.246003
0.242237
0.252220
0.249629
0.296414
0.309573
0.316693
0.291366
0.310216
0.298170
0.307369
0.316026
0.324398
0.350165
0.343789
0.347883
0.347079
0.300044
0.274169
0.273515
0.265385
0.264467
0.267131
0.319131
0.329048
0.333480
0.318766
0.283089
0.269321
0.259501
0.260102
0.272989
0.284700
0.302294
0.289362
0.303837
0.341091
0.334232
0.336522
0.334941
0.310847
0.293082
0.290796
0.292596
0.285613
0.294508
0.322585
0.328819
0.330347
0.330645
0.318574
0.285121
0.258261
0.241930
0.230621
0.232359
0.237169
0.231998
0.241504
0.271183
0.272311
0.282776
0.305520
0.307949
0.311334
0.328368
0.372703
0.415742
0.414393
0.416010
0.413097
0.397507
0.327576
0.317532
0.334640
0.367750
0.374959
0.378011
0.354769
0.353153
0.292295
0.281650
0.269516
0.265665
0.254801
0.263892
0.299578
0.312169
0.331907
0.331109
0.310399
0.275930
0.291104
0.254517
0.251180
0.256163
0.267437
0.249587
0.249427
0.269472
0.286881
0.320764
0.376645
0.404701
0.394661
0.378819
0.346033
0.312457
0.315182
0.307915
0.309932
0.316227
0.323158
0.344724
0.375795
0.381095
0.381602
0.383858
0.353882
0.313521
0.295485
0.281407
0.280393
0.308796
0.286692
0.288952
0.261182
0.251826
0.241200
0.249772
0.261923
0.271267
0.264588
0.268972
0.275889
0.290833
0.297121
0.315412
0.330092
0.332306
0.331900
0.295413
0.278681
0.277681
0.294321
0.316016
0.342035
0.359645
0.355176
0.319660
0.284534
0.277273
0.247553
0.261816
0.280798
0.282349
0.267471
0.288124
0.318919
0.392826
0.458394
0.436367
0.459838
0.417292
0.416927
0.369067
0.314110
0.368229
0.332764
0.324597
0.284902
0.315810
0.595349
0.860300
0.879573
0.676681
0.524350
0.482969
0.509436
0.394076
0.370135
0.363926
0.370933
0.331995
0.351366
0.363626
0.394737
0.617474
0.658947
0.694833
0.663588
0.566390
0.457518
0.393646
0.350938
0.336625
0.306962
0.330806
0.298708
0.334760
0.374674
0.394259
0.360443
0.403011
0.389399
0.390541
0.339063
0.392079
0.364881
0.353416
0.327590
0.329763
0.318817
0.328034
0.299046
0.306691
0.287971
0.259967
0.258414
0.265493
0.282113
0.278844
0.285219
0.307833
0.312594
0.334460
0.315561
0.310151
0.289638
0.294929
0.293531
0.289029
0.288806
0.292334
0.294114
0.290904
0.282301
0.310695
0.319109
0.300738
0.290180
0.289162
0.288896
0.287975
0.288601
0.305683
0.291055
0.304494
0.353660
0.390813
0.409223
0.388572
0.377247
0.334022
0.311642
0.321290
0.316924
0.317926
0.326553
0.282513
0.259327
0.256806
0.250439
0.238970
0.259442
0.268663
0.290406
0.294764
0.336783
0.342735
0.342602
0.339602
0.342031
0.346722
0.350859
0.353139
0.372201
0.372620
0.390377
0.389527
0.386445
0.359570
0.322501
0.284710
0.271317
0.249609
0.240354
0.246994
0.244038
0.238353
0.241622
0.250506
0.260072
0.288313
0.315568
0.323674
0.319545
0.337996
0.321434
0.288778
0.258112
0.249526
0.262205
0.272527
0.269537
0.275691
0.280652
0.299631
0.302442
0.311552
0.283623
0.323165
0.304942
0.348484
0.343119
0.354355
0.357209
0.420296
0.348821
0.343689
0.338821
0.362409
0.295036
0.287716
0.305581
0.343433
0.341455
0.395825
0.433155
0.750778
0.932324
0.837199
0.458201
0.359543
0.334979
0.349994
0.361200
0.427207
0.414472
0.491780
0.508701
0.438748
0.380615
0.395153
0.375567
0.359398
0.338768
0.350519
0.305577
0.350282
0.327469
0.308976
0.252454
0.265751
0.285635
0.276851
0.289231
0.337038
0.340557
0.345984
0.374191
0.344254
0.339873
0.343108
0.339320
0.335244
0.327643
0.337011
0.322484
0.320993
0.305683
0.276101
0.252855
0.260865
0.256245
0.252724
0.253103
0.264558
0.272568
0.274815
0.284562
0.277103
0.273087
0.279222
0.291657
0.320444
0.338109
0.345970
0.349921
0.348326
0.316468
0.324710
0.306451
0.305502
0.291292
0.279968
0.270662
0.274203
0.266573
0.264218
0.267676
0.270374
0.267486
0.265907
0.287497
0.308543
0.354612
0.372380
0.387256
0.372221
0.391103
0.322959
0.271475
0.268075
0.266562
0.275533
0.329897
0.330488
0.324385
0.338165
0.351582
0.315528
0.307554
0.256579
0.250383
0.254165
0.268423
0.298056
0.314906
0.350687
0.368152
0.369811
0.721057
0.942663
0.849830
0.540688
0.463402
0.383307
0.377554
0.371763
0.347147
0.361061
0.423663
0.434460
0.412679
0.356285
0.351074
0.416472
0.355246
0.382450
0.436146
0.365190
0.424434
0.427892
0.440351
0.384078
0.382629
0.424162
0.408290
0.448929
0.463112
0.432656
0.414968
0.405308
0.393442
0.465593
0.462356
0.679244
0.762084
0.818923
0.767061
0.596185
0.446827
0.354183
0.328518
0.353364
0.349160
0.357370
0.344514
0.397277
0.389744
0.421996
0.424038
0.471236
0.517128
0.558594
0.533942
0.514809
0.466984
0.402947
0.357559
0.364777
0.368250
0.377139
0.317569
0.314913
0.317827
0.279642
0.271094
0.287509
0.304034
0.301069
0.288978
0.266943
0.286828
0.288757
0.289940
0.283795
0.310561
0.329849
0.396989
0.413449
0.471652
0.427321
0.449886
0.356407
0.319841
0.299920
0.297567
0.298097
0.300404
0.285424
0.283819
0.286357
0.315824
0.299124
0.333698
0.363225
0.378576
0.357194
0.380180
0.372496
0.368443
0.344205
0.315039
0.274435
0.270414
0.280794
0.318244
0.327247
0.328240
0.310710
0.281225
0.246123
0.224428
0.231001
0.236355
0.249474
0.260836
0.258958
0.262836
0.280827
0.299292
0.320901
0.341281
0.379699
0.428164
0.416587
0.415902
0.366814
0.373664
0.347060
0.354046
0.367649
0.362513
0.325373
0.323319
0.339794
0.328031
0.286420
0.322888
0.361651
0.430087
0.456433
0.467791
0.483127
0.518353
0.368700
0.369490
0.423664
0.703367
0.912933
0.865816
0.595417
0.569025
0.622901
0.497859
0.412270
0.417991
0.402743
0.537636
0.636780
0.600405
0.545199
0.446474
0.415511
0.407136
0.370460
0.339955
0.328088
0.341328
0.361739
0.372969
0.319625
0.300457
0.314963
0.327289
0.301633
0.344117
0.290792
0.290340
0.294020
0.289453
0.280284
0.314678
0.366173
0.368804
0.370222
0.373826
0.351289
0.303035
0.296612
0.289795
0.292465
0.277451
0.284255
0.285815
0.290817
0.283457
0.284754
0.284775
0.312640
0.310403
0.333101
0.328184
0.332625
0.355965
0.356532
0.335604
0.319768
0.321717
0.286988
0.295102
0.287303
0.295295
0.271203
0.272528
0.290602
0.322036
0.377581
0.401024
0.393824
0.403882
0.358986
0.324998
0.285889
0.281595
0.307071
0.343983
0.352380
0.357619
0.346957
0.323521
0.274376
0.242375
0.254301
0.258297
0.268400
0.261614
0.266961
0.264131
0.265648
0.254268
0.249330
0.240783
0.248786
0.253946
0.268108
0.289735
0.273886
0.305950
0.323231
0.346420
0.379739
0.373359
0.379684
0.336803
0.322821
0.283439
0.284227
0.308786
0.333920
0.362585
0.346211
0.303644
0.274791
0.262898
0.250884
0.246730
0.258593
0.259581
0.249857
0.253049
0.294358
0.327771
0.370350
0.361880
0.358704
0.347131
0.320401
0.317680
0.314745
0.308247
0.303656
0.312417
0.318090
0.367786
0.436869
0.457252
0.468376
0.448875
0.392222
0.343375
0.383413
0.412494
0.485313
0.434814
0.403856
0.347333
0.321731
0.320129
0.300887
0.301871
0.283744
0.287090
0.267558
0.263221
0.268013
0.262987
0.275003
0.279587
0.268493
0.278787
0.298900
0.334379
0.384302
0.418148
0.424201
0.475323
0.442432
0.446200
0.401713
0.401581
0.428824
0.409524
0.390058
0.440789
0.480067
0.764459
0.897439
0.865493
0.674115
0.532521
0.348673
0.353126
0.337722
0.337110
0.313138
0.348268
0.354865
0.404209
0.418328
0.415647
0.384898
0.406696
0.366509
0.398580
0.428926
0.428786
0.391083
0.376574
0.382195
0.374098
0.361242
0.357375
0.352650
0.406776
0.419938
0.412702
0.404436
0.382714
0.348966
0.292065
0.234467
0.226826
0.238539
0.240480
0.243043
0.242651
0.244449
0.251840
0.286280
0.294092
0.324251
0.358070
0.372049
0.368104
0.372747
0.344776
0.324222
0.314485
0.302027
0.288455
0.307814
0.326227
0.339873
0.351198
0.328256
0.319437
0.344164
0.385553
0.371527
0.398818
0.438810
0.418580
0.378437
0.380640
0.356688
0.393228
0.362567
0.328947
0.358898
0.419506
0.346180
0.342866
0.354634
0.494146
0.763805
0.916672
0.842029
0.606921
0.561496
0.395962
0.488497
0.382035
0.360782
0.355050
0.376864
0.390062
0.453352
0.429474
0.431873
0.431416
0.435220
0.415813
0.377003
0.371180
0.351454
0.352188
0.342693
0.327397
0.322821
0.355775
0.355333
0.389374
0.380226
0.323196
0.328654
0.307739
0.296079
0.293603
0.275744
0.286877
0.328247
0.326037
0.331542
0.336724
0.468579
0.468046
0.504886
0.468434
0.425400
0.327961
0.315388
0.289175
0.320466
0.322804
0.361464
0.300716
0.348157
0.335956
0.355564
0.314382
0.413374
0.373865
0.751884
0.924337
0.873852
0.597300
0.538728
0.422146
0.592643
0.523148
0.456356
0.422593
0.357035
0.332519
0.310576
0.277062
0.341660
0.363226
0.394404
0.378307
0.422342
0.387692
0.401063
0.391895
0.425459
0.372303
0.381645
0.367415
0.394045
0.356444
0.328146
0.295102
0.296558
0.294774
0.326139
0.337274
0.328593
0.319566
0.307200
0.312737
0.303683
0.304460
0.308671
0.310876
0.326050
0.330375
0.375703
0.377282
0.370886
0.353315
0.333248
0.305741
0.306950
0.295006
0.276897
0.265865
0.234293
0.228802
0.218144
0.223035
0.216000
0.235671
0.232158
0.242029
0.254681
0.265692
0.285899
0.283418
0.298183
0.313480
0.353034
0.356454
0.377976
0.388597
0.386753
0.370292
0.331387
0.309032
0.298531
0.291504
0.283011
0.294605
0.285365
0.282929
0.286286
0.295759
0.281719
0.289690
0.307901
0.327210
0.379620
0.406782
0.415260
0.432483
0.401429
0.392255
0.368080
0.371218
0.411058
0.481816
0.463404
0.443689
0.431603
0.462675
0.359831
0.354741
0.336614
0.517731
0.732820
0.906474
0.826935
0.603840
0.461104
0.363888
0.341456
0.342724
0.332887
0.326721
0.329762
0.359809
0.348537
0.351304
0.376843
0.450192
0.471322
0.501743
0.470578
0.495646
0.386527
0.393156
0.394578
0.393316
0.390386
0.451114
0.429044
0.447090
0.485324
0.427433
0.411987
0.383715
0.374784
0.327873
0.350206
0.376158
0.346173
0.331899
0.384279
0.481022
0.784326
0.925340
0.844183
0.608634
0.551919
0.364552
0.390217
0.365201
0.345851
0.327757
0.348380
0.370044
0.385902
0.341116
0.349867
0.356373
0.355100
0.349473
0.437369
0.443178
0.462027
0.423149
0.426458
0.385395
0.357488
0.341580
0.340906
0.330915
0.347984
0.322897
0.291336
0.303046
0.331610
0.321442
0.306290
0.336623
0.317524
0.330718
0.308347
0.305176
0.283272
0.308215
0.348017
0.404850
0.475159
0.467953
0.450315
0.414011
0.362966
0.316244
0.309879
0.315217
0.319928
0.296477
0.286559
0.312466
0.333279
0.324231
0.325683
0.314522
0.302607
0.276931
0.259423
0.257600
0.313254
0.314219
0.308915
0.292807
0.259138
0.237004
0.238687
0.245945
0.246505
0.301366
0.313585
0.315397
0.288869
0.272541
0.267153
0.283291
0.289455
0.292884
0.300074
0.336355
0.371283
0.428093
0.436005
0.434165
0.423913
0.408103
0.438382
0.461967
0.495574
0.538073
0.483315
0.426826
0.386529
0.287950
0.265739
0.283332
0.283010
0.286351
0.274713
0.289748
0.293025
0.288633
0.308615
0.309384
0.320139
0.332012
0.381349
0.390065
0.368997
0.354159
0.375959
0.353668
0.362237
0.315633
0.326267
0.343889
0.374681
0.334347
0.435038
0.479810
0.534602
0.488844
0.476275
0.579667
0.872375
0.900657
0.717123
0.550214
0.548586
0.511728
0.506764
0.523618
0.740607
0.822611
0.771900
0.687369
0.542861
0.469647
0.452024
0.420706
0.433863
0.445676
0.455802
0.436734
0.436466
0.390670
0.396061
0.349957
0.398361
0.395355
0.372035
0.380154
0.386789
0.401421
0.356063
0.334207
0.358476
0.397383
0.396505
0.399727
0.379480
0.353173
0.347825
0.318078
0.300756
0.291173
0.306621
0.317840
0.322304
0.311059
0.282460
0.277083
0.289196
0.281273
0.289390
0.289853
0.351963
0.381117
0.410573
0.402354
0.397384
0.379414
0.365636
0.360464
0.360565
0.352148
0.341705
0.354760
0.358646
0.352413
0.392308
0.401403
0.428562
0.404091
0.414198
0.653207
0.816532
0.864677
0.751368
0.543363
0.458494
0.425667
0.414842
0.438990
0.445851
0.464578
0.466474
0.447343
0.425011
0.403642
0.411029
0.419837
0.448217
0.495545
0.491940
0.504950
0.504373
0.498848
0.467743
0.513396
0.531334
0.618283
0.735112
0.869659
0.805364
0.729565
0.560185
0.491206
0.336390
0.344813
0.309331
0.350235
0.341002
0.382826
0.365614
0.388934
0.410171
0.433308
0.438374
0.477468
0.457701
0.491843
0.505989
0.531870
0.480697
0.442862
0.436313
0.435825
0.427990
0.448979
0.434578
0.470339
0.453015
0.456639
0.694981
0.819567
0.846854
0.720486
0.502433
0.394741
0.383612
0.405928
0.500308
0.449037
0.500982
0.590479
0.568667
0.536536
0.522099
0.468380
0.421800
0.428693
0.391569
0.379759
0.374693
0.371673
0.365165
0.390688
0.414427
0.418355
0.418119
0.333466
0.328958
0.268796
0.263004
0.265412
0.259304
0.264710
0.286812
0.286968
0.286992
0.299712
0.293676
0.310098
0.311244
0.315851
0.301160
0.307782
0.324307
0.370232
0.363731
0.358651
0.318579
0.301433
0.287145
0.281685
0.283103
0.274975
0.283630
0.276541
0.264139
0.262754
0.281238
0.272946
0.298512
0.312963
0.389809
0.448859
0.505031
0.441011
0.464508
0.419787
0.367089
0.337193
0.321878
0.325395
0.318647
0.306343
0.340190
0.373924
0.387050
0.373160
0.333494
0.321080
0.305643
0.298296
0.356215
0.363287
0.360225
0.332256
0.307029
0.266598
0.245418
0.230640
0.238011
0.246360
0.249718
0.263785
0.284585
0.273642
0.272711
0.285871
0.270228
0.309375
0.341296
0.346209
0.335451
0.324516
0.293357
0.291460
0.273703
0.267617
0.269838
0.277776
0.287743
0.290089
0.309085
0.325239
0.360596
0.404238
0.414689
0.412227
0.401786
0.334063
0.311062
0.283679
0.279343
0.276714
0.317015
0.326021
0.300448
0.277432
0.267267
0.256648
0.254405
0.271987
0.275917
0.297264
0.340126
0.366996
0.362730
0.372487
0.370794
0.414263
0.424049
0.451536
0.454947
0.448501
0.408855
0.362221
0.333465
0.329487
0.413811
0.449062
0.452229
0.435669
0.395911
0.325691
0.255882
0.251522
0.246245
0.244998
0.236815
