# Predictions (Probabilities)
0.341700
0.354143
0.353511
0.340269
0.335273
0.302526
0.304827
0.304243
0.305581
0.314011
0.325333
0.316966
0.324757
0.341510
0.374941
0.431220
0.503461
0.533121
0.507927
0.456145
0.376472
0.325203
0.301260
0.284893
0.272547
0.268392
0.255506
0.256233
0.245956
0.246312
0.240871
0.248448
0.248212
0.250700
0.256110
0.265393
0.276964
0.287262
0.287825
0.289812
0.291856
0.308062
0.310965
0.324256
0.356807
0.383410
0.359501
0.359247
0.339548
0.323921
0.338589
0.372147
0.332021
0.312229
0.355060
0.330494
0.312894
0.256902
0.242817
0.286097
0.285064
0.325173
0.271484
0.136707
0.005160
0.003870
0.123125
0.166424
0.211338
0.239672
0.137607
0.124530
0.142584
0.190793
0.167395
0.188791
0.267887
0.329566
0.720145
0.976300
0.872281
0.276700
0.184023
0.212634
0.212937
0.211555
0.195095
0.185748
0.176908
0.196482
0.212670
0.185654
0.212985
0.176234
0.079310
0.205659
0.232538
0.197860
0.020509
0.106110
0.129626
0.256096
0.204787
0.271213
0.303562
0.380284
0.345462
0.342724
0.312246
0.313096
0.306845
0.303016
0.305598
0.325211
0.340024
0.341561
0.335024
0.305748
0.275568
0.243832
0.246111
0.237441
0.247403
0.242189
0.253582
0.248115
0.265415
0.273796
0.273192
0.271995
0.273559
0.281429
0.291956
0.295740
0.302648
0.306166
0.303829
0.307424
0.295440
0.301183
0.301617
0.309594
0.310081
0.326540
0.334203
0.333495
0.332375
0.339591
0.347825
0.339529
0.329501
0.310219
0.303260
0.300078
0.290698
0.282839
0.287154
0.280615
0.282017
0.273634
0.277578
0.276315
0.284403
0.280029
0.278687
0.274183
0.274559
0.276803
0.279746
0.272610
0.278636
0.278470
0.274680
0.270602
0.261895
0.280360
0.297325
0.337087
0.316956
0.296827
0.286226
0.291607
0.290783
0.288189
0.295207
0.295408
0.306144
0.304492
0.290427
0.294767
0.291127
0.293689
0.299136
0.297420
0.286238
0.270663
0.289183
0.297457
0.301442
0.304715
0.316101
0.304786
0.313195
0.331140
0.385272
0.452602
0.504970
0.524781
0.504494
0.498491
0.453331
0.429860
0.336819
0.312529
0.286350
0.279251
0.248716
0.242220
0.243441
0.260075
0.256109
0.263131
0.272170
0.304887
0.339237
0.396136
0.404879
0.404449
0.391120
0.388853
0.419354
0.442340
0.448468
0.474296
0.482357
0.457662
0.438486
0.356852
0.312555
0.276073
0.273832
0.277265
0.268238
0.271728
0.279549
0.289100
0.298396
0.316407
0.327150
0.351259
0.352997
0.380052
0.368121
0.353488
0.320179
0.276538
0.260469
0.253369
0.253246
0.265906
0.260485
0.252256
0.254893
0.273569
0.279742
0.287842
0.299404
0.302053
0.310457
0.320024
0.323916
0.346337
0.367055
0.372092
0.352576
0.336206
0.318224
0.308883
0.300546
0.298102
0.292275
0.313049
0.330788
0.344913
0.308284
0.304776
0.292925
0.295778
0.288446
0.292929
0.320665
0.326941
0.324638
0.302350
0.294151
0.273392
0.281077
0.275207
0.279168
0.268894
0.283126
0.277990
0.281577
0.285477
0.281662
0.288097
0.280019
0.274573
0.271873
0.264237
0.265248
0.279043
0.265617
0.266728
0.271490
0.279589
0.291897
0.332093
0.336664
0.336755
0.312984
0.324267
0.304279
0.305925
0.306545
0.316708
0.314666
0.349130
0.341047
0.344234
0.357338
0.355762
0.358215
0.327913
0.304722
0.288032
0.275596
0.282055
0.280128
0.272811
0.264186
0.263458
0.261431
0.265819
0.271181
0.272325
0.276061
0.275741
0.276713
0.266074
0.309142
0.331627
0.345815
0.365310
0.351378
0.330137
0.302623
0.313930
0.298543
0.338153
0.339451
0.299631
0.304053
0.327387
0.326958
0.316769
0.281038
0.313592
0.318352
0.346235
0.438060
0.664579
0.716486
0.848704
0.746779
0.606635
0.350309
0.334208
0.344757
0.358668
0.311495
0.298430
0.321618
0.344186
0.337552
0.388188
0.588497
0.775226
0.819133
0.790451
0.569994
0.407531
0.289028
0.324090
0.325699
0.326602
0.296926
0.334376
0.385245
0.411106
0.373395
0.399146
0.361600
0.336677
0.300656
0.327714
0.345261
0.354959
0.340516
0.340962
0.318278
0.327283
0.328457
0.346114
0.357587
0.309327
0.285285
0.284184
0.304064
0.311984
0.352576
0.354123
0.352899
0.328704
0.302310
0.262723
0.245622
0.244945
0.246038
0.254753
0.243942
0.248966
0.244223
0.260385
0.270923
0.289519
0.280456
0.288818
0.287659
0.315455
0.307736
0.312893
0.333586
0.345386
0.378627
0.380186
0.404792
0.428339
0.407637
0.404786
0.371588
0.357808
0.390828
0.428954
0.452907
0.464634
0.416277
0.347081
0.287133
0.259380
0.246486
0.245812
0.249841
0.250789
0.246943
0.242538
0.254429
0.264227
0.258617
0.253813
0.252141
0.263643
0.271298
0.291911
0.289266
0.303346
0.300779
0.306543
0.308379
0.297440
0.304891
0.316004
0.330132
0.318549
0.333089
0.368723
0.406046
0.485685
0.508815
0.547155
0.560966
0.538781
0.458587
0.324483
0.300805
0.302646
0.301274
0.283497
0.291614
0.294398
0.291005
0.273957
0.274061
0.266780
0.272372
0.280990
0.277323
0.264027
0.276895
0.278237
0.275353
0.267412
0.263174
0.260540
0.257225
0.263975
0.274722
0.276517
0.292924
0.307873
0.304646
0.299469
0.305114
0.309430
0.310809
0.308037
0.308155
0.304862
0.317140
0.315364
0.307408
0.302647
0.304043
0.288238
0.283588
0.283387
0.291169
0.301161
0.324570
0.329966
0.313916
0.296034
0.288543
0.291421
0.295608
0.300829
0.323417
0.312129
0.300868
0.294801
0.286508
0.290948
0.283846
0.288660
0.285655
0.289502
0.288351
0.313781
0.327976
0.343532
0.326841
0.305289
0.304992
0.303853
0.297675
0.293152
0.287818
0.277328
0.276284
0.269833
0.270316
0.268558
0.267360
0.259327
0.262370
0.272615
0.272148
0.266887
0.271330
0.289013
0.292880
0.296543
0.317251
0.326650
0.324879
0.346791
0.364436
0.383809
0.424505
0.477144
0.596697
0.631782
0.635776
0.566806
0.494395
0.399243
0.324668
0.311660
0.309394
0.299745
0.310295
0.310095
0.314979
0.303491
0.296060
0.293030
0.314958
0.309016
0.288633
0.299460
0.320350
0.323590
0.315792
0.312722
0.307352
0.296374
0.290646
0.292128
0.288065
0.297661
0.339571
0.359860
0.380594
0.357603
0.343812
0.300139
0.294311
0.289549
0.288488
0.279526
0.270518
0.252517
0.244237
0.262506
0.267724
0.265085
0.264631
0.264729
0.273882
0.293621
0.300976
0.312361
0.321254
0.327877
0.326953
0.295565
0.298518
0.348505
0.390566
0.378334
0.388853
0.464760
0.381059
0.645371
0.710444
0.762303
0.717239
0.623490
0.585547
0.567326
0.425481
0.463228
0.700666
0.799357
0.827379
0.759242
0.639458
0.398125
0.285870
0.312428
0.290341
0.287793
0.250314
0.301645
0.262215
0.288630
0.293460
0.284457
0.266750
0.249655
0.265863
0.261510
0.301456
0.273427
0.265235
0.245586
0.287036
0.304821
0.318853
0.301606
0.319122
0.376923
0.805941
0.962744
0.774440
0.265998
0.181199
0.206573
0.242248
0.230608
0.221353
0.226204
0.233781
0.259495
0.304078
0.267612
0.272623
0.245180
0.232581
0.287340
0.270047
0.211374
0.187978
0.238633
0.121727
0.168589
0.137662
0.264024
0.228559
0.302170
0.235774
0.272424
0.130861
0.241627
0.607500
0.953204
0.775429
0.383364
0.166721
0.278589
0.276209
0.317065
0.213706
0.300000
0.285451
0.942750
0.926496
0.386407
0.267717
0.210969
0.216598
0.280211
0.214875
0.221574
0.190432
0.264962
0.215319
0.222123
0.191494
0.343719
0.221893
0.211696
0.184001
0.233808
0.148565
0.220418
0.157128
0.224406
0.220125
0.189715
0.258931
0.285661
0.312577
0.267785
0.283543
0.300555
0.299420
0.308375
0.309748
0.292921
0.275709
0.275107
0.282665
0.327161
0.351383
0.357663
0.358155
0.338091
0.314673
0.299675
0.292449
0.278347
0.276885
0.262530
0.250499
0.241782
0.245587
0.246516
0.250890
0.254406
0.255635
0.260101
0.277364
0.291863
0.299958
0.296442
0.298890
0.310848
0.308102
0.306939
0.306365
0.318878
0.321068
0.314573
0.314206
0.307257
0.300469
0.300494
0.300131
0.293855
0.292809
0.300281
0.302994
0.309989
0.306184
0.345073
0.349611
0.371439
0.376083
0.363809
0.326459
0.300433
0.280763
0.266460
0.258451
0.251042
0.253908
0.247257
0.252517
0.249430
0.260492
0.255985
0.261332
0.263538
0.267130
0.283568
0.299853
0.298410
0.294776
0.299442
0.299017
0.299637
0.286379
0.334045
0.357792
0.387147
0.411140
0.472451
0.491095
0.487423
0.441087
0.401528
0.400317
0.475645
0.541876
0.729042
0.735324
0.787269
0.718356
0.655336
0.420487
0.334043
0.306830
0.304181
0.322685
0.321432
0.309447
0.323250
0.316591
0.304459
0.305118
0.329119
0.346717
0.368954
0.381515
0.412363
0.388789
0.373353
0.340708
0.345256
0.311400
0.286125
0.297624
0.286959
0.276600
0.261327
0.271822
0.269943
0.282918
0.284852
0.289592
0.288072
0.282515
0.303060
0.322576
0.338737
0.341701
0.344245
0.304366
0.304705
0.286700
0.285918
0.281482
0.298605
0.312064
0.305029
0.287144
0.277291
0.270634
0.258373
0.265383
0.261276
0.261419
0.268746
0.272732
0.281072
0.298580
0.308215
0.333095
0.325048
0.304598
0.341014
0.338257
0.367500
0.355358
0.333947
0.317084
0.304344
0.331492
0.342848
0.346245
0.305455
0.307743
0.284186
0.267275
0.265891
0.274550
0.291754
0.284628
0.269554
0.249287
0.227159
0.228217
0.238422
0.233339
0.233363
0.243364
0.255480
0.272339
0.302696
0.299834
0.320170
0.319354
0.317107
0.326437
0.362663
0.377227
0.444375
0.466679
0.448364
0.449795
0.388048
0.335977
0.296646
0.305696
0.307328
0.304300
0.297116
0.295642
0.302717
0.302743
0.300446
0.298483
0.295576
0.307096
0.306886
0.296561
0.289681
0.279410
0.302920
0.289766
0.284034
0.280011
0.270361
0.266789
0.272528
0.273455
0.269848
0.280008
0.292732
0.298005
0.292382
0.299987
0.317592
0.335194
0.361868
0.378150
0.349591
0.337117
0.319229
0.305343
0.288444
0.281642
0.281827
0.282338
0.276714
0.275321
0.284449
0.315247
0.319546
0.309246
0.278718
0.268615
0.271188
0.279970
0.297405
0.309221
0.296796
0.297163
0.292988
0.297748
0.312227
0.312010
0.322082
0.305501
0.314579
0.313278
0.315049
0.317414
0.366176
0.368822
0.383759
0.358470
0.334477
0.284642
0.282532
0.286557
0.303805
0.303670
0.286367
0.250380
0.286983
0.298906
0.285223
0.257892
0.332377
0.327229
0.329137
0.313654
0.451478
0.695876
0.875677
0.873519
0.670966
0.450093
0.330411
0.304699
0.319702
0.333559
0.301701
0.330032
0.342357
0.341379
0.296668
0.270781
0.326725
0.317965
0.283441
0.287582
0.328151
0.336288
0.328365
0.316725
0.320514
0.332575
0.317484
0.296653
0.308542
0.343031
0.326560
0.307813
0.305461
0.302239
0.314509
0.362220
0.400882
0.401198
0.379264
0.333560
0.339971
0.321540
0.329124
0.327367
0.335424
0.322825
0.360506
0.372036
0.377071
0.354866
0.338657
0.281017
0.237400
0.229322
0.240988
0.253534
0.247377
0.245567
0.242972
0.263741
0.301410
0.338650
0.358189
0.344573
0.369213
0.326658
0.317235
0.286235
0.292113
0.299993
0.299940
0.283260
0.286082
0.272198
0.264002
0.258346
0.272541
0.271429
0.284155
0.290619
0.293754
0.292918
0.302857
0.336345
0.368282
0.370572
0.345190
0.322643
0.308432
0.296382
0.296203
0.306281
0.337840
0.353018
0.303699
0.240265
0.147279
0.167172
0.185305
0.168253
0.180322
0.165395
0.229798
0.213930
0.192789
0.125043
0.240978
0.161888
0.096427
0.158781
0.212980
0.176447
0.238977
0.216408
0.243919
0.279983
0.273088
0.286449
0.281382
0.311649
0.794405
0.955161
0.770367
0.314259
0.312743
0.337496
0.358206
0.328696
0.337895
0.335708
0.352727
0.349934
0.513100
0.903318
0.749555
0.499038
0.129310
0.167932
0.240533
0.207124
0.211506
0.181500
0.223717
0.203228
0.234858
0.124544
0.181874
0.123407
0.135273
0.110809
0.087746
0.142396
0.216079
0.194112
0.236097
0.246826
0.291121
0.287958
0.291240
0.271649
0.401500
0.985682
0.975677
0.580136
0.378860
0.214935
0.252499
0.311364
0.283518
0.275053
0.290250
0.346751
0.401300
0.308634
0.306126
0.304679
0.314571
0.230274
0.188290
0.181478
0.182907
0.190442
0.177042
0.191455
0.220587
0.300833
0.209691
0.225672
0.194462
0.081647
0.227734
0.172841
0.195158
0.185192
0.239059
0.265269
0.266266
0.245811
0.293024
0.232314
0.323799
0.938693
0.953016
0.455214
0.275695
0.320831
0.333496
0.354380
0.301772
0.355771
0.322506
0.279922
0.301940
0.451688
0.940969
0.873967
0.456939
0.301548
0.358282
0.586805
0.816364
0.794631
0.635547
0.369306
0.334939
0.372779
0.383637
0.360124
0.385226
0.300012
0.276921
0.280585
0.289494
0.259101
0.362756
0.361786
0.362711
0.316479
0.306014
0.299324
0.299936
0.364759
0.294812
0.301395
0.316003
0.319987
0.306846
0.300480
0.303563
0.303751
0.416318
0.883750
0.904595
0.604853
0.317086
0.290933
0.263521
0.306157
0.278848
0.314935
0.285005
0.326790
0.339898
0.365013
0.339388
0.402052
0.319678
0.380620
0.331635
0.372980
0.323047
0.345813
0.280573
0.223599
0.224177
0.212944
0.311909
0.290422
0.266688
0.246931
0.268598
0.280023
0.272256
0.339590
0.756186
0.938790
0.823267
0.433766
0.352956
0.311791
0.320016
0.337449
0.345862
0.315778
0.297932
0.273418
0.272209
0.250927
0.269201
0.252352
0.257776
0.266877
0.287428
0.316146
0.362516
0.348082
0.321147
0.278967
0.274686
0.290256
0.299538
0.291507
0.324031
0.337762
0.352402
0.348965
0.314725
0.306497
0.291935
0.276871
0.275363
0.285865
0.350860
0.364523
0.353765
0.353063
0.309157
0.287899
0.317063
0.294310
0.321743
0.319687
0.301980
0.288755
0.283563
0.280073
0.278413
0.322536
0.324343
0.339479
0.327728
0.287951
0.283529
0.279013
0.275889
0.283634
0.278492
0.269897
0.271317
0.270347
0.282820
0.274150
0.280011
0.267153
0.271238
0.257097
0.255592
0.260692
0.268862
0.277822
0.271235
0.264721
0.258280
0.253803
0.257592
0.266709
0.263132
0.268041
0.277666
0.287633
0.273707
0.265272
0.282091
0.329252
0.285242
0.294850
0.299525
0.266912
0.250274
0.290732
0.278882
0.316256
0.305322
0.337298
0.319393
0.333328
0.290506
0.289866
0.226791
0.231263
0.229721
0.253039
0.236794
0.298192
0.432476
0.901662
0.920220
0.548251
0.454614
0.331523
0.323770
0.325960
0.271905
0.287703
0.259327
0.266168
0.263897
0.302509
0.319772
0.354079
0.268542
0.310159
0.285743
0.303663
0.326463
0.369738
0.371123
0.364138
0.313814
0.309477
0.314231
0.302934
0.350676
0.320867
0.333348
0.323361
0.302540
0.269026
0.247243
0.243664
0.232768
0.241120
0.237791
0.255354
0.230084
0.226704
0.228639
0.243557
0.215429
0.232723
0.257765
0.235254
0.257054
0.291630
0.276507
0.304469
0.302874
0.301569
0.317351
0.330041
0.295808
0.295892
0.239834
0.214208
0.223298
0.265979
0.259754
0.297203
0.351726
0.828977
0.932782
0.675002
0.344048
0.302636
0.260455
0.265825
0.198505
0.228264
0.214928
0.225929
0.224616
0.272455
0.265768
0.281790
0.277551
0.303687
0.295999
0.245522
0.272564
0.379965
0.392836
0.335260
0.340236
0.279554
0.300329
0.305878
0.330227
0.297742
0.322879
0.379089
0.903932
0.927093
0.558878
0.331291
0.285211
0.263136
0.303745
0.252531
0.266388
0.248785
0.285650
0.250726
0.299604
0.296115
0.340326
0.284291
0.299611
0.273586
0.287755
0.258055
0.327564
0.339243
0.382834
0.384153
0.387197
0.360689
0.308498
0.274510
0.278348
0.270999
0.274276
0.273878
0.272341
0.216047
0.216984
0.228311
0.224684
0.227581
0.282892
0.298937
0.270389
0.326274
0.381990
0.385667
0.380568
0.391410
0.349801
0.298304
0.310242
0.309820
0.293527
0.277602
0.335519
0.666870
0.888446
0.866477
0.543097
0.365784
0.345745
0.326852
0.302587
0.305204
0.314373
0.306334
0.324370
0.388789
0.355130
0.356606
0.329605
0.342628
0.310111
0.312964
0.284297
0.318094
0.321829
0.314076
0.269380
0.299266
0.302712
0.302869
0.311198
0.318787
0.301514
0.293447
0.297203
0.284879
0.283654
0.289586
0.293295
0.315832
0.288111
0.293429
0.313052
0.316216
0.309128
0.308534
0.303632
0.296784
0.254957
0.242835
0.215843
0.252236
0.209866
0.256109
0.255004
0.288182
0.396654
0.467317
0.382614
0.355365
0.321408
0.281271
0.325265
0.340416
0.249844
0.274179
0.245826
0.240269
0.242655
0.302690
0.300420
0.260817
0.301801
0.602741
0.905304
0.858429
0.475893
0.341730
0.343419
0.329351
0.362832
0.346113
0.268064
0.261631
0.273594
0.306920
0.272431
0.322190
0.282266
0.256899
0.287826
0.320540
0.949314
0.903087
0.472766
0.304043
0.332644
0.316493
0.388406
0.477396
0.430752
0.400280
0.393656
0.351633
0.329091
0.314904
0.281223
0.261632
0.253126
0.231733
0.166055
0.225017
0.279531
0.306878
0.302495
0.298333
0.348919
0.264275
0.310666
0.364420
0.403927
0.390098
0.400170
0.365548
0.325810
0.397926
0.274769
0.324893
0.297539
0.316844
0.271116
0.277635
0.357826
0.703274
0.912779
0.847995
0.436469
0.338420
0.329063
0.287232
0.267968
0.281801
0.285013
0.269221
0.250660
0.309853
0.295607
0.352031
0.368677
0.408297
0.402138
0.352069
0.293532
0.314081
0.342793
0.307382
0.239075
0.339532
0.557259
0.841367
0.896298
0.548388
0.318229
0.266990
0.233276
0.260932
0.242542
0.253285
0.231329
0.287165
0.256556
0.301067
0.346554
0.435251
0.464613
0.493173
0.449162
0.437742
0.347966
0.339104
0.286041
0.334805
0.380271
0.372604
0.383787
0.364013
0.306233
0.267675
0.261919
0.242032
0.238355
0.237273
0.234765
0.251673
0.262995
0.266417
0.259170
0.252823
0.236874
0.242823
0.248855
0.253770
0.258478
0.279608
0.297597
0.308438
0.292381
0.306304
0.306536
0.270548
0.292194
0.276735
0.267231
0.253512
0.286287
0.255070
0.250814
0.282811
0.302843
0.297834
0.264870
0.304660
0.298006
0.367070
0.466401
0.372107
0.372420
0.407155
0.335477
0.324771
0.295534
0.331155
0.527202
0.877745
0.920691
0.616098
0.557480
0.487793
0.411574
0.379350
0.313500
0.287425
0.290268
0.277394
0.286621
0.305431
0.276379
0.337195
0.347649
0.363972
0.353396
0.365384
0.399168
0.434626
0.373652
0.334529
0.310724
0.317716
0.315062
0.330040
0.329380
0.336734
0.335633
0.351375
0.350360
0.334487
0.298984
0.277277
0.267637
0.274633
0.297961
0.292536
0.299606
0.261871
0.275055
0.270913
0.280742
0.315843
0.338027
0.344906
0.379379
0.361495
0.431240
0.531665
0.572097
0.552168
0.530268
0.479997
0.418416
0.378535
0.362023
0.635028
0.720338
0.829681
0.813500
0.703292
0.436860
0.319769
0.312145
0.321604
0.330984
0.311267
0.351965
0.360622
0.379689
0.340861
0.309511
0.319249
0.326537
0.303985
0.328842
0.370815
0.380281
0.391231
0.375456
0.343017
0.321092
0.344895
0.305801
0.329238
0.301932
0.281283
0.261003
0.258425
0.262020
0.278499
0.286185
0.288355
0.294766
0.302516
0.293793
0.288012
0.278517
0.313913
0.292425
0.301522
0.321819
0.307690
0.360630
0.386737
0.384252
0.358800
0.381429
0.383469
0.303168
0.297274
0.294015
0.308261
0.301059
0.290125
0.339228
0.477152
0.898427
0.911023
0.594311
0.428531
0.404479
0.409314
0.422606
0.374815
0.361270
0.344908
0.381469
0.491454
0.702427
0.788416
0.847771
0.706334
0.553865
0.498134
0.402141
0.356300
0.362605
0.331150
0.316042
0.295134
0.281198
0.279699
0.310393
0.319006
0.342123
0.340203
0.343314
0.360559
0.370268
0.388370
0.379450
0.376059
0.370583
0.386257
0.421177
0.475383
0.464175
0.545590
0.551763
0.535171
0.500905
0.437804
0.376792
0.369602
0.368138
0.361325
0.341527
0.356859
0.360067
0.356914
0.328357
0.327853
0.362844
0.417285
0.463185
0.673012
0.790677
0.845535
0.748307
0.661847
0.579250
0.461191
0.421094
0.378123
0.383595
0.407640
0.421262
0.391568
0.494985
0.689576
0.847721
0.852899
0.704419
0.553319
0.439902
0.418323
0.370084
0.406607
0.394282
0.394840
0.405756
0.414391
0.403170
0.421697
0.403572
0.449372
0.651048
0.820340
0.857021
0.734043
0.549986
0.460490
0.398360
0.396574
0.404431
0.459674
0.447539
0.716177
0.712215
0.829877
0.778735
0.655016
0.559257
0.420114
0.348963
0.374575
0.376806
0.383360
0.330953
0.376038
0.418616
0.490473
0.457564
0.411382
0.371278
0.352437
0.335924
0.357526
0.359882
0.409457
0.367022
0.387648
0.327413
0.342632
0.325604
0.268310
0.274038
0.243280
0.243540
0.248282
0.249864
0.260531
0.288489
0.264019
0.285669
0.313479
0.338334
0.446589
0.909767
0.892427
0.576886
0.508390
0.448185
0.334498
0.339432
0.315204
0.319236
0.289125
0.302357
0.351456
0.379494
0.370420
0.336269
0.323057
0.328850
0.321248
0.324486
0.342249
0.374554
0.382339
0.478586
0.863086
0.914937
0.711170
0.495304
0.373548
0.344345
0.362493
0.372877
0.403701
0.423689
0.383900
0.376841
0.339635
0.305205
0.312385
0.327796
0.295973
0.292218
0.330452
0.373038
0.371868
0.335659
0.309861
0.294987
0.323387
0.307050
0.312148
0.319545
0.328990
0.302736
0.306215
0.297532
0.293983
0.291209
0.277329
0.288569
0.290052
0.315665
0.373643
0.440075
0.374047
0.403926
0.520988
0.469788
0.383711
0.393987
0.392087
0.435894
0.324577
0.435111
0.660635
0.848459
0.884241
0.705840
0.346424
0.245465
0.227247
0.241226
0.251434
0.244199
0.249283
0.282869
0.299102
0.277528
0.270019
0.296886
0.306741
0.293135
0.357609
0.405789
0.408022
0.381793
0.375424
0.336569
0.303761
0.277578
0.283043
0.271285
0.310797
0.342868
0.348209
0.329767
0.278337
0.264379
0.247709
0.244887
0.249499
0.259990
0.273212
0.269309
0.274406
0.275131
0.266910
0.266291
0.280455
0.291662
0.280076
0.294512
0.320096
0.325629
0.327127
0.347715
0.358597
0.371915
0.412012
0.515865
0.585521
0.596320
0.545200
0.509198
0.430014
0.377267
0.301669
0.309307
0.324682
0.331744
0.311228
0.373007
0.402669
0.355688
0.323653
0.303163
0.276536
0.240203
0.284867
0.272382
0.292026
0.262985
0.303451
0.282522
0.329088
0.279562
0.291726
0.250710
0.299313
0.304373
0.296120
0.272969
0.330124
0.533622
0.875732
0.890636
0.632573
0.482165
0.522923
0.536851
0.516514
0.482539
0.485080
0.420308
0.387064
0.387209
0.438166
0.450858
0.654639
0.729136
0.792430
0.743739
0.647639
0.584282
0.376671
0.300376
0.308713
0.299570
0.340832
0.299810
0.323692
0.306629
0.319476
0.307399
0.336138
0.331955
0.337252
0.343031
0.381504
0.389937
0.406535
0.389456
0.391540
0.383370
0.388019
0.399241
0.420165
0.376552
0.392274
0.412002
0.462298
0.389141
0.399695
0.380616
0.426881
0.381538
0.327835
0.364102
0.650382
0.775513
0.815990
0.671674
0.550720
0.422743
0.459222
0.519450
0.594516
0.780272
0.841791
0.699837
0.556028
0.519785
0.428047
0.427422
0.419742
0.371750
0.389019
0.391951
0.364312
0.375041
0.420158
0.634310
0.865737
0.847179
0.635156
0.503421
0.687607
0.830376
0.761137
0.629801
0.491428
0.403743
0.388828
0.349844
0.351598
0.333690
0.332990
0.295504
0.298774
0.351447
0.356461
0.355152
0.355609
0.362307
0.340204
0.337866
0.383628
0.385392
0.424654
0.389200
0.410641
0.385830
0.407875
0.399624
0.411917
0.343234
0.375964
0.406857
0.375582
0.361989
0.378272
0.572022
0.918919
0.922084
0.643709
0.571506
0.552774
0.604212
0.670164
0.748829
0.768556
0.664936
0.532637
0.439961
0.402701
0.356619
0.335253
0.346128
0.428484
0.361968
0.406098
0.424972
0.497964
0.421778
0.446082
0.418389
0.656808
0.825861
0.912862
0.744236
0.505350
0.483188
0.343854
0.362306
0.363427
0.325441
0.326470
0.325485
0.373638
0.333784
0.324888
0.318065
0.355403
0.311322
0.310248
0.332599
0.371763
0.347494
0.359406
0.370321
0.424994
0.428374
0.442077
0.409214
0.412668
0.399016
0.395729
0.373692
0.353361
0.330017
0.285469
0.268929
0.266784
0.268663
0.265949
0.264122
0.268211
0.270627
0.274049
0.272878
0.283312
0.283214
0.286658
0.307491
0.328710
0.293663
0.323905
0.286735
0.277067
0.261060
0.260510
0.267929
0.260999
0.256938
0.261656
0.269994
0.271607
0.284097
0.275689
0.266208
0.272430
0.286998
0.303717
0.305560
0.316291
0.312769
0.311600
0.300456
0.288239
0.285216
0.304623
0.335616
0.333378
0.346682
0.350187
0.373965
0.367785
0.367495
0.383682
0.447518
0.498463
0.516462
0.757596
0.836743
0.842114
0.775558
0.597100
0.513641
0.530173
0.446273
0.495790
0.442388
0.676177
0.809657
0.878737
0.784911
0.598964
0.454340
0.338605
0.327985
0.335809
0.320535
0.317338
0.327165
0.370022
0.363214
0.363585
0.363586
0.384730
0.368314
0.373097
0.358217
0.401522
0.392492
0.406348
0.419690
0.529093
0.525670
0.480584
0.451541
0.431388
0.426299
0.426744
0.452242
0.460787
0.418438
0.351799
0.589970
0.772217
0.839960
0.849658
0.667077
0.393433
0.321579
0.314731
0.311868
0.325407
0.291943
0.339213
0.331646
0.342822
0.311474
0.329667
0.350457
0.374667
0.336158
0.344591
0.386379
0.359466
0.337593
0.336609
0.326295
0.408905
0.351936
0.404214
0.372009
0.430513
0.383708
0.397079
0.386017
0.737265
0.930518
0.834963
0.523259
0.479826
0.442695
0.389627
0.381095
0.372065
0.686701
0.848463
0.843394
0.665441
0.403377
0.431636
0.471096
0.434865
0.339778
0.362107
0.351039
0.330510
0.335186
0.342585
0.345686
0.388674
0.414174
0.405280
0.434207
0.434973
0.401952
0.408811
0.473651
0.466452
0.458682
0.425104
0.422817
0.323639
0.341093
0.308955
0.313711
0.311375
0.332456
0.342002
0.320319
0.302588
0.335601
0.370828
0.362119
0.391283
0.455763
0.659469
0.854899
0.795330
0.618635
0.530657
0.460612
0.580357
0.697823
0.818362
0.789169
0.625235
0.503543
0.382536
0.349626
0.367044
0.374374
0.366616
0.356553
0.360537
0.356540
0.418966
0.417337
0.466290
0.437762
0.492390
0.463059
0.461936
0.444371
0.431206
0.415864
0.472310
0.457487
0.718058
0.626340
0.722859
0.668162
0.440224
0.509488
0.740147
0.877771
0.809137
0.530505
0.439872
0.375008
0.374057
0.366745
0.366499
0.359331
0.435847
0.411069
0.438393
0.374080
0.316691
0.323352
0.343101
0.341196
0.330000
0.346190
0.359367
0.367426
0.389048
0.380342
0.427508
0.446247
0.426605
0.425103
0.432117
0.401467
0.331424
0.319375
0.293445
0.263363
0.252551
0.243220
0.230821
0.246224
0.266806
0.266172
0.284543
0.288806
0.291971
0.307293
0.317775
0.328090
0.349311
0.380954
0.399564
0.404069
0.399688
0.373244
0.370672
0.358961
0.334162
0.302261
0.310190
0.330312
0.324772
0.302042
0.357730
0.591457
0.823522
0.904523
0.780352
0.498776
0.394944
0.444667
0.340122
0.332676
0.318639
0.312504
0.326215
0.341186
0.388379
0.433232
0.462472
0.438184
0.411557
0.381947
0.356603
0.319330
0.327491
0.331975
0.325944
0.307036
0.328084
0.318337
0.307279
0.341659
0.338775
0.324077
0.303672
0.290848
0.268874
0.277703
0.273703
0.304469
0.321477
0.327818
0.324706
0.307999
0.295199
0.293582
0.285662
0.288791
0.289014
0.294025
0.294508
0.292934
0.270564
0.294049
0.261899
0.257481
0.292508
0.318833
0.306495
0.314211
0.297240
0.319699
0.332439
0.329531
0.331072
0.391613
0.411698
0.429936
0.461171
0.502497
0.479287
0.494447
0.431487
0.493905
0.544051
0.859043
0.898035
0.715795
0.466362
0.314738
0.343255
0.332046
0.355980
0.316834
0.336613
0.396758
0.428426
0.466411
0.517116
0.455250
0.429545
0.345933
0.319342
0.323997
0.297645
0.328693
0.355488
0.340498
0.353791
0.379284
0.436183
0.439182
0.437678
0.387984
0.355404
0.330026
0.300910
0.306244
0.315104
0.315653
0.328466
0.285933
0.275283
0.238373
0.253891
0.253062
0.258624
0.268539
0.319651
0.332393
0.304408
0.326614
0.395719
0.422883
0.389232
0.375696
0.414677
0.425218
0.384931
0.470446
0.730908
0.789289
0.833024
0.717399
0.630725
0.381365
0.329941
0.347442
0.327807
0.332201
0.304606
0.311834
0.353023
0.378955
0.388199
0.401156
0.447954
0.458585
0.458329
0.454970
0.449568
0.445057
0.477407
0.522794
0.647213
0.736694
0.771626
0.750584
0.674928
0.672792
0.726868
0.790890
0.709410
0.644192
0.555307
0.505709
0.454538
0.374813
0.350085
0.362753
0.376145
0.375442
0.382421
0.420078
0.421171
0.426211
0.466425
0.612326
0.877190
0.920320
0.694377
0.495534
0.495808
0.462037
0.444861
0.499178
0.516854
0.708117
0.742031
0.733759
0.683794
0.483339
0.388025
0.337055
0.309864
0.299496
0.332733
0.343382
0.373150
0.363408
0.354963
0.350948
0.333916
0.348489
0.350110
0.366689
0.345487
0.389645
0.386538
0.393431
0.420065
0.434117
0.424455
0.421594
0.417566
0.410421
0.415255
0.416600
0.431201
0.504133
0.534090
0.611251
0.748923
0.806368
0.751974
0.650477
0.629159
0.491989
0.407097
0.391268
0.420621
0.465830
0.503326
0.580288
0.532583
0.504028
0.442472
0.505441
0.634752
0.849730
0.856842
0.685130
0.481268
0.441959
0.401500
0.398144
0.413424
0.368109
0.357636
0.395024
0.417685
0.411563
0.406447
0.422512
0.386846
0.355836
0.413864
0.651943
0.796469
0.835479
0.715822
0.576383
0.540531
0.544279
0.472586
0.374806
0.394439
0.387452
0.405173
0.409785
0.412716
0.394755
0.374821
0.383874
0.386205
0.416659
0.515244
0.651032
0.758210
0.800844
0.705627
0.591461
0.521601
0.434180
0.385176
0.378865
0.372399
0.403124
0.423989
0.433929
0.439551
0.423636
0.365748
0.432971
0.472726
0.773552
0.908622
0.785924
0.568062
0.519039
0.466057
0.413669
0.404392
0.394132
0.376906
0.399980
0.402460
0.389177
0.357067
0.464181
0.540956
0.570705
0.621271
0.807187
0.786719
0.614721
0.579385
0.502279
0.444462
0.435172
0.431682
0.458287
0.414647
0.430137
0.379689
0.381766
0.374803
0.378984
0.380933
0.468824
0.770179
0.903713
0.760477
0.543675
0.517134
0.477060
0.534854
0.537296
0.461684
0.409582
0.389058
0.436267
0.480183
0.468948
0.448558
0.420640
0.420446
0.391314
0.363095
0.349516
0.356211
0.349199
0.358732
0.387436
0.394296
0.401089
0.362464
0.365924
0.308096
0.281220
0.261111
0.262200
0.231171
0.245286
0.276847
0.293437
0.288988
0.301869
0.330893
0.321458
0.315980
0.332400
0.380396
0.409720
0.549796
0.642387
0.714808
0.709604
0.693775
0.631430
0.538438
0.653124
0.690874
0.738586
0.691107
0.590086
0.483541
0.398457
0.334075
0.307125
0.301033
0.312702
0.292227
0.279758
0.297290
0.286984
0.277558
0.294910
0.293368
0.270855
0.267489
0.292018
0.316028
0.325102
0.360071
0.412009
0.458567
0.444941
0.465014
0.458517
0.427876
0.421546
0.436479
0.471360
0.525049
0.586438
0.629138
0.675307
0.694394
0.721292
0.766833
0.806218
0.796776
0.776624
0.618603
0.540609
0.374968
0.333849
0.310707
0.308937
0.320291
0.316057
0.303718
0.297883
0.303558
0.313303
0.356608
0.349527
0.371252
0.380062
0.412054
0.393488
0.424853
0.406018
0.416143
0.454631
0.578340
0.613265
0.690667
0.635054
0.642466
0.541643
0.480696
0.542098
0.470446
0.487491
0.437821
0.358548
0.344518
0.316240
0.316057
0.286733
0.316083
0.332995
0.322327
0.331365
0.361012
0.384389
0.404543
0.374988
0.318202
0.323640
0.327424
0.343586
0.353347
0.438522
0.419144
0.441340
0.478197
0.459274
0.548045
0.864747
0.877998
0.665748
0.506157
0.470528
0.408623
0.417956
0.429084
0.434940
0.450365
0.474189
0.513721
0.798730
0.853330
0.757175
0.620651
0.596739
0.466546
0.644048
0.730884
0.850131
0.831087
0.763777
0.762795
0.776605
0.713448
0.589758
0.533735
0.511580
0.492152
0.521352
0.526527
0.524610
0.491077
0.448710
0.384449
0.360929
0.357951
0.403352
0.391706
0.420473
0.412786
0.411027
0.418113
0.485923
0.531081
0.638668
0.867383
0.876969
0.711370
0.557416
0.523136
0.524685
0.480464
0.448741
0.450166
0.530218
0.523245
0.494163
0.547194
0.746716
0.821550
0.800473
0.682149
0.576987
0.629712
0.681187
0.670149
0.625035
0.563034
0.477300
0.404097
0.381748
0.397071
0.375403
0.373347
0.385222
0.415159
0.399352
0.398449
0.430337
0.446457
0.470793
0.541205
0.573255
0.533414
0.451068
0.419608
0.396267
0.380960
0.400445
0.407457
0.383226
0.407449
0.428211
0.462083
0.414711
0.508309
0.705185
0.809161
0.752661
0.656621
0.533955
0.422952
0.376766
0.358719
0.403433
0.408079
0.394477
0.410075
0.419531
0.384416
0.373992
0.406087
0.448160
0.425257
0.428842
0.443453
0.497339
0.443546
0.477320
0.765421
0.791600
0.805614
0.697236
0.521209
0.452494
0.410722
0.395993
0.405016
0.394617
0.415464
0.412220
0.406267
0.399891
0.390410
0.465482
0.544786
0.614153
0.788329
0.808050
0.750982
0.634846
0.582796
0.447379
0.394226
0.409578
0.404287
0.431554
0.423246
0.452108
0.427978
0.625320
0.733386
0.849603
0.761634
0.556757
0.544470
0.441508
0.409079
0.413928
0.419139
0.408253
0.426672
0.437507
0.451127
0.531339
0.710916
0.807191
0.807650
0.713229
0.623350
0.473789
0.407928
0.377653
0.360636
0.363652
0.372051
0.383097
0.384253
0.393533
0.403620
0.371928
0.394291
0.423203
0.467924
0.477487
0.462779
0.516747
0.489541
0.406732
0.440290
0.642532
0.731572
0.777217
0.725587
0.561056
0.459466
0.402610
0.402025
0.419159
0.422495
0.398352
0.394134
0.400875
0.407663
0.423607
0.481285
0.618327
0.797367
0.811748
0.723239
0.614300
0.524477
0.434055
0.435564
0.440391
0.426117
0.410763
0.507672
0.567034
0.793647
0.914408
0.766831
0.578838
0.508696
0.522655
0.565429
0.562653
0.566319
0.544517
0.509679
0.437112
0.406608
0.427058
0.380821
0.360200
0.332955
0.328397
0.351575
0.348203
0.350316
0.352669
0.386016
0.341590
0.374281
0.387561
0.383536
0.365771
0.373846
0.377220
0.377369
0.415609
0.479626
0.517577
0.424348
0.422082
0.397176
0.406752
0.344783
0.309909
0.301547
0.310617
0.282563
0.266057
0.305272
0.332124
0.331231
0.333943
0.351200
0.494802
0.660331
0.939023
0.877817
0.616964
0.508295
0.533872
0.497318
0.448923
0.373750
0.378899
0.384976
0.399958
0.371107
0.402737
0.446225
0.448606
0.493848
0.691495
0.796926
0.784824
0.668382
0.569204
0.515434
0.499391
0.412631
0.435471
0.368837
0.392218
0.435006
0.441391
0.482463
0.449753
0.487821
0.547827
0.526828
0.546563
0.546324
0.491993
0.555711
0.458779
0.494999
0.487310
0.590893
0.751402
0.846330
0.698847
0.568575
0.636191
0.353570
0.375581
0.237751
