# Predictions (Probabilities)
0.562885
0.518610
0.491895
0.410138
0.364634
0.365627
0.353417
0.434011
0.500814
0.507555
0.497742
0.454575
0.381979
0.321179
0.314069
0.305991
0.294087
0.294904
0.301404
0.278415
0.284577
0.274410
0.265120
0.261777
0.276557
0.288781
0.273318
0.287628
0.336036
0.354236
0.357193
0.293844
0.232372
0.039873
0.002720
0.210823
0.192157
0.128776
0.057166
0.138727
0.196255
0.182304
0.144479
0.020660
0.084856
0.000018
0.108839
0.028585
0.105775
0.146224
0.043701
0.044333
0.206617
0.117671
0.068655
0.090197
0.267865
0.225802
0.994953
0.999198
0.369416
0.301389
0.243333
0.194316
0.232085
0.189163
0.183045
0.112419
0.181698
0.142922
0.185613
0.233455
0.400499
0.205109
0.362196
0.300262
0.387158
0.341724
0.289122
0.255109
0.285455
0.128734
0.096441
0.134627
0.050392
0.224455
0.173441
0.340238
0.435500
0.562668
0.552258
0.437291
0.367274
0.378080
0.391614
0.371427
0.391329
0.481206
0.529019
0.498819
0.439015
0.419440
0.393870
0.332938
0.276279
0.292191
0.309297
0.317861
0.313858
0.319729
0.332788
0.342260
0.336995
0.373570
0.370275
0.379566
0.369674
0.366579
0.351821
0.332658
0.307642
0.284738
0.288803
0.294376
0.314679
0.328082
0.341625
0.349062
0.356224
0.334506
0.308328
0.259101
0.281166
0.276167
0.288960
0.298635
0.304559
0.298896
0.314239
0.334158
0.319875
0.315074
0.321932
0.355659
0.387180
0.445496
0.453650
0.458307
0.431823
0.413116
0.354420
0.315698
0.286591
0.298257
0.303144
0.321765
0.333242
0.331989
0.313769
0.280406
0.268518
0.277676
0.277432
0.266539
0.305834
0.342912
0.343633
0.347924
0.319163
0.305965
0.278537
0.251583
0.256400
0.258254
0.250327
0.286248
0.297882
0.300333
0.303487
0.288149
0.282429
0.278903
0.306358
0.317262
0.307848
0.346416
0.354657
0.357717
0.324315
0.313497
0.309923
0.316490
0.325187
0.351882
0.381651
0.397812
0.358318
0.376081
0.354921
0.334054
0.293076
0.275770
0.245022
0.248543
0.259374
0.267182
0.287004
0.294092
0.314014
0.306706
0.290656
0.271724
0.297599
0.298598
0.325763
0.330007
0.328019
0.314057
0.331322
0.398694
0.406105
0.421007
0.374892
0.343070
0.308926
0.305429
0.305876
0.317827
0.340109
0.341833
0.319866
0.321961
0.329648
0.317235
0.321626
0.318206
0.307857
0.264595
0.261673
0.272843
0.250719
0.239298
0.250803
0.280354
0.292908
0.288688
0.273760
0.251448
0.238385
0.238869
0.239242
0.239728
0.269287
0.297944
0.301188
0.287984
0.276061
0.304394
0.299146
0.292503
0.278050
0.294377
0.286490
0.301966
0.324308
0.365240
0.377364
0.370119
0.354890
0.323414
0.296963
0.270578
0.277387
0.298673
0.303845
0.289522
0.306692
0.327663
0.353384
0.352932
0.336271
0.313334
0.332395
0.335164
0.344301
0.340549
0.324798
0.310818
0.313343
0.350785
0.358191
0.373101
0.373071
0.372978
0.331701
0.272820
0.277609
0.294196
0.263929
0.240332
0.236649
0.289148
0.344955
0.481634
0.524407
0.548721
0.470886
0.398402
0.376205
0.358862
0.336430
0.313085
0.336354
0.325879
0.322279
0.307124
0.317978
0.337813
0.390003
0.381106
0.466521
0.450646
0.422154
0.421308
0.397926
0.376350
0.346347
0.331476
0.341670
0.314397
0.341385
0.363023
0.351192
0.336922
0.333168
0.318655
0.312207
0.291011
0.287081
0.277031
0.300423
0.313272
0.311477
0.306954
0.277459
0.253429
0.233850
0.235841
0.228499
0.238230
0.263850
0.294790
0.272562
0.295983
0.329104
0.366985
0.391106
0.515227
0.559374
0.607019
0.596850
0.507531
0.492936
0.458147
0.434491
0.424285
0.421179
0.437446
0.386095
0.358478
0.327600
0.310480
0.304468
0.288329
0.312171
0.295932
0.273982
0.256231
0.280206
0.321828
0.334122
0.339427
0.325331
0.326762
0.286991
0.298849
0.290026
0.302242
0.326150
0.337497
0.335742
0.342492
0.314054
0.295906
0.283014
0.279606
0.286967
0.311448
0.310260
0.329573
0.313789
0.300303
0.292956
0.303323
0.300553
0.306730
0.297036
0.289890
0.289402
0.288207
0.329521
0.444270
0.548391
0.499341
0.477699
0.406877
0.359296
0.325468
0.318538
0.376470
0.368423
0.351931
0.333021
0.294458
0.252226
0.243174
0.254822
0.262723
0.267000
0.271021
0.285742
0.313253
0.312537
0.337228
0.359983
0.359467
0.362342
0.339900
0.316004
0.319912
0.342388
0.341156
0.348543
0.335457
0.318970
0.292220
0.275564
0.259071
0.248900
0.252871
0.250994
0.265506
0.276246
0.280724
0.285689
0.264851
0.265216
0.271443
0.254898
0.245674
0.271920
0.284863
0.281487
0.280140
0.277520
0.279366
0.284130
0.304670
0.318063
0.326242
0.325384
0.328200
0.316306
0.338649
0.353786
0.391778
0.355692
0.342860
0.313022
0.284405
0.272836
0.286833
0.283897
0.305870
0.296398
0.323988
0.379663
0.373547
0.391339
0.366893
0.358302
0.357734
0.365925
0.343991
0.349426
0.314918
0.293309
0.298364
0.274610
0.307476
0.343683
0.336220
0.341577
0.308364
0.289529
0.274787
0.263279
0.256948
0.258043
0.281148
0.347251
0.369501
0.364631
0.367958
0.350966
0.336504
0.321859
0.359280
0.379392
0.359004
0.342574
0.311497
0.268885
0.257328
0.258270
0.261059
0.252933
0.244778
0.283192
0.306474
0.352291
0.331680
0.321422
0.340903
0.326297
0.310414
0.275066
0.272718
0.277724
0.275904
0.275128
0.295462
0.356709
0.380396
0.361171
0.353186
0.334625
0.323386
0.297751
0.311286
0.334543
0.329789
0.308854
0.294850
0.282400
0.253866
0.260410
0.263283
0.292284
0.320046
0.306374
0.294434
0.330271
0.354647
0.350430
0.338043
0.318516
0.289795
0.268790
0.303792
0.277245
0.287580
0.277734
0.275033
0.236177
0.230511
0.237042
0.234341
0.241785
0.258643
0.254888
0.254586
0.301698
0.347030
0.369220
0.350251
0.354285
0.355359
0.337731
0.305924
0.301946
0.295961
0.315663
0.297186
0.279464
0.312232
0.299990
0.325975
0.347800
0.325255
0.320518
0.302564
0.374936
0.361703
0.374536
0.386524
0.382708
0.349268
0.365549
0.332459
0.402413
0.391854
0.399505
0.360890
0.341733
0.369240
0.350613
0.329889
0.369508
0.484367
0.725990
0.813297
0.818162
0.697857
0.505970
0.347337
0.360458
0.372449
0.421388
0.415203
0.407518
0.367973
0.382425
0.338363
0.356732
0.360703
0.387449
0.349271
0.373639
0.422326
0.440109
0.417183
0.462991
0.444080
0.432341
0.414449
0.393703
0.397831
0.380533
0.316911
0.306066
0.274019
0.265835
0.287076
0.255827
0.289090
0.297162
0.287469
0.267838
0.274424
0.295493
0.300964
0.331555
0.374742
0.394770
0.381812
0.370068
0.364396
0.370330
0.333621
0.327579
0.315971
0.305238
0.279583
0.280980
0.284921
0.325931
0.344131
0.378465
0.376320
0.376844
0.365839
0.360098
0.349417
0.363004
0.378708
0.362727
0.359013
0.332981
0.318021
0.278070
0.280326
0.307656
0.325287
0.304907
0.305409
0.357218
0.411251
0.493685
0.564670
0.654996
0.729076
0.676923
0.594280
0.535348
0.426730
0.373688
0.353102
0.347773
0.361868
0.339217
0.358562
0.338840
0.341285
0.362674
0.359570
0.373204
0.389994
0.388956
0.383406
0.386562
0.348609
0.330173
0.321952
0.341999
0.351826
0.360041
0.346459
0.347451
0.345604
0.339864
0.349085
0.366433
0.357144
0.332854
0.306200
0.297806
0.316744
0.286183
0.270254
0.255019
0.257289
0.229593
0.243215
0.254699
0.263297
0.266989
0.249839
0.226631
0.248394
0.263811
0.249953
0.241750
0.269430
0.295462
0.306577
0.357942
0.382598
0.394961
0.379462
0.386860
0.342296
0.309117
0.297461
0.308526
0.331353
0.383873
0.384710
0.358386
0.341612
0.280291
0.303727
0.339150
0.319495
0.319557
0.311107
0.278674
0.281578
0.266822
0.293827
0.289098
0.318299
0.265946
0.282834
0.194260
0.208250
0.249715
0.257112
0.227288
0.259518
0.312383
0.765708
0.931070
0.792448
0.383923
0.282995
0.274217
0.275276
0.301074
0.298762
0.279335
0.299051
0.304866
0.337987
0.345289
0.371925
0.411693
0.419956
0.422462
0.368993
0.362434
0.331940
0.284433
0.296676
0.286876
0.253635
0.282034
0.298515
0.296171
0.294683
0.324215
0.295487
0.289134
0.336903
0.352414
0.404375
0.373737
0.366176
0.290979
0.243593
0.240257
0.265534
0.266351
0.262710
0.249331
0.265686
0.278475
0.318085
0.335750
0.378207
0.408358
0.425531
0.401445
0.367164
0.324071
0.308121
0.298514
0.294354
0.298019
0.293701
0.337148
0.342287
0.381980
0.425523
0.512680
0.464988
0.439327
0.401491
0.365560
0.306678
0.300049
0.273290
0.277818
0.261445
0.270402
0.300795
0.290097
0.290234
0.283354
0.286912
0.323390
0.329844
0.311109
0.345022
0.365272
0.389089
0.387399
0.404213
0.397400
0.365959
0.310211
0.320061
0.313774
0.295127
0.318639
0.344087
0.416315
0.470981
0.470215
0.482797
0.437348
0.398300
0.335796
0.271855
0.275479
0.255871
0.289060
0.264441
0.257831
0.299002
0.330741
0.300544
0.288924
0.273059
0.267064
0.245924
0.279299
0.313031
0.327643
0.395493
0.426099
0.474681
0.491150
0.519105
0.455593
0.449432
0.424655
0.378031
0.327906
0.305793
0.294197
0.291764
0.307309
0.330330
0.355353
0.356739
0.331156
0.322253
0.337806
0.336354
0.349964
0.344156
0.334270
0.338812
0.342892
0.376556
0.395129
0.416920
0.488711
0.475251
0.496375
0.447936
0.487076
0.486653
0.518446
0.436946
0.385029
0.317439
0.276182
0.271886
0.249772
0.240315
0.235031
0.280879
0.321602
0.327393
0.331586
0.339748
0.291020
0.259608
0.270049
0.280279
0.289800
0.338742
0.355785
0.395689
0.422993
0.378992
0.372375
0.365632
0.409660
0.381138
0.383604
0.425441
0.416012
0.336094
0.295458
0.252411
0.274645
0.272728
0.341887
0.390285
0.465999
0.395477
0.372426
0.286275
0.243004
0.241572
0.243981
0.241145
0.255714
0.273391
0.287017
0.314689
0.333381
0.341150
0.328460
0.315600
0.350043
0.347120
0.344359
0.352368
0.352513
0.342866
0.341378
0.354518
0.388873
0.390030
0.374074
0.355658
0.322648
0.313654
0.317305
0.362935
0.400710
0.416652
0.390360
0.331309
0.280847
0.241253
0.235232
0.235992
0.282270
0.280551
0.321383
0.316566
0.331154
0.354227
0.336876
0.329606
0.305878
0.320980
0.345508
0.437374
0.488449
0.516652
0.645335
0.691082
0.582170
0.589865
0.467228
0.401461
0.364626
0.347091
0.341115
0.317182
0.297264
0.296208
0.297100
0.333232
0.348283
0.354522
0.360053
0.339592
0.307211
0.285958
0.296048
0.283930
0.270333
0.271198
0.291901
0.284344
0.325617
0.348497
0.416571
0.396554
0.359117
0.348484
0.349495
0.344208
0.338627
0.318660
0.316557
0.338772
0.369709
0.401741
0.386249
0.374879
0.354720
0.355996
0.345725
0.329127
0.280946
0.282005
0.266732
0.257630
0.245996
0.256409
0.313750
0.340294
0.340541
0.339689
0.355653
0.354938
0.371237
0.399070
0.427881
0.450058
0.410530
0.365928
0.329236
0.227181
0.142862
0.189600
0.204870
0.208428
0.165983
0.180298
0.189266
0.243306
0.210468
0.141581
0.151470
0.071200
0.057046
0.177666
0.174866
0.339764
0.190489
0.296795
0.238794
0.248790
0.242214
0.243468
0.274881
0.305830
0.967607
0.979239
0.391133
0.249529
0.258726
0.244367
0.287314
0.275762
0.317356
0.333073
0.513590
0.427352
0.400451
0.338335
0.280999
0.328334
0.245410
0.260313
0.141233
0.225094
0.299875
0.303643
0.197914
0.272743
0.291981
0.293991
0.232350
0.483038
0.949180
0.868311
0.386376
0.299280
0.272605
0.314609
0.341612
0.354061
0.358208
0.388781
0.418337
0.355471
0.294434
0.313604
0.344809
0.241626
0.209413
0.239671
0.255084
0.231764
0.191434
0.223246
0.251973
0.221222
0.265139
0.254686
0.316380
0.418373
0.422284
0.390257
0.383514
0.377633
0.345795
0.321432
0.296464
0.259133
0.243996
0.219033
0.228474
0.255701
0.272673
0.246553
0.283335
0.529736
0.919662
0.847709
0.541494
0.334977
0.304460
0.325355
0.332473
0.332428
0.344763
0.299124
0.308636
0.302391
0.295276
0.326287
0.413904
0.489986
0.513948
0.431577
0.409325
0.377808
0.398426
0.384809
0.404971
0.493237
0.433732
0.374419
0.295658
0.275541
0.261713
0.311931
0.314935
0.337890
0.360827
0.368805
0.349873
0.362030
0.355737
0.380091
0.370451
0.375878
0.307709
0.347103
0.373201
0.380442
0.359538
0.358088
0.339828
0.371982
0.380708
0.463285
0.682837
0.797091
0.757343
0.687230
0.551211
0.367334
0.345651
0.366442
0.371223
0.367369
0.347896
0.395469
0.383961
0.397564
0.422806
0.431873
0.444820
0.418279
0.387212
0.411928
0.411962
0.424546
0.436326
0.492633
0.453104
0.440560
0.386623
0.369304
0.328123
0.283105
0.288262
0.327490
0.366688
0.358634
0.345756
0.325164
0.276195
0.245512
0.243132
0.236251
0.265482
0.266265
0.315050
0.335198
0.362907
0.361564
0.395538
0.366026
0.352657
0.360912
0.355028
0.390350
0.455799
0.526384
0.575996
0.617537
0.499726
0.451579
0.419813
0.357595
0.303575
0.301213
0.320240
0.308509
0.282814
0.280772
0.291747
0.294590
0.329305
0.359166
0.362393
0.340685
0.338215
0.330225
0.334942
0.300722
0.300458
0.302245
0.302909
0.305801
0.328315
0.335134
0.335506
0.327016
0.307455
0.270352
0.266609
0.266555
0.302624
0.293649
0.288637
0.270981
0.260846
0.258731
0.283465
0.295901
0.314438
0.307137
0.303405
0.275861
0.271918
0.285298
0.269636
0.282842
0.306061
0.329412
0.327257
0.323580
0.307725
0.308944
0.322997
0.346073
0.350652
0.368997
0.323112
0.304211
0.290431
0.288389
0.303175
0.277092
0.294015
0.278171
0.284353
0.270853
0.284683
0.283962
0.291207
0.325953
0.338325
0.371515
0.382168
0.386822
0.370542
0.364262
0.314827
0.281853
0.277857
0.276031
0.273170
0.281273
0.314195
0.360468
0.384956
0.376530
0.373204
0.370908
0.352632
0.324097
0.305617
0.302322
0.310313
0.354660
0.459347
0.581877
0.670299
0.518922
0.504011
0.419019
0.351672
0.368135
0.343289
0.345409
0.323743
0.301963
0.290890
0.287164
0.305762
0.313425
0.336345
0.361849
0.402687
0.378680
0.402076
0.395997
0.374284
0.312966
0.332457
0.318235
0.302273
0.281060
0.328954
0.366604
0.364171
0.390617
0.388185
0.386989
0.362328
0.325004
0.313889
0.271909
0.266482
0.279351
0.310888
0.347481
0.333289
0.335675
0.304285
0.262919
0.251209
0.261082
0.293249
0.279537
0.278341
0.305674
0.321102
0.379503
0.454758
0.530502
0.529156
0.529553
0.484268
0.518164
0.529742
0.472826
0.439637
0.402252
0.358024
0.326578
0.307660
0.303310
0.296465
0.288509
0.294289
0.314332
0.333137
0.358122
0.347387
0.360552
0.370660
0.371318
0.340771
0.342578
0.312616
0.356469
0.345556
0.351554
0.352105
0.351876
0.327113
0.306928
0.298772
0.251536
0.262054
0.274686
0.311422
0.286415
0.282319
0.318746
0.329756
0.439647
0.500383
0.520246
0.580075
0.610347
0.545636
0.551830
0.521983
0.459244
0.380681
0.341668
0.342708
0.385644
0.341773
0.389479
0.346254
0.417142
0.331620
0.414183
0.479440
0.845853
0.894532
0.729192
0.388763
0.308919
0.317182
0.328376
0.345413
0.350514
0.351213
0.330491
0.318445
0.321102
0.292792
0.324537
0.316738
0.297029
0.289148
0.310237
0.326193
0.355102
0.347495
0.338774
0.311146
0.262424
0.290112
0.324975
0.322588
0.322215
0.321837
0.285407
0.265057
0.256230
0.270217
0.285850
0.289983
0.270346
0.278610
0.293348
0.290192
0.292486
0.360381
0.291865
0.304318
0.291519
0.347577
0.330028
0.302119
0.231990
0.249070
0.225227
0.203444
0.263423
0.247895
0.259685
0.253723
0.302203
0.317465
0.310237
0.333112
0.826629
0.907223
0.719552
0.411457
0.301979
0.316763
0.338622
0.347362
0.362410
0.323092
0.309205
0.295978
0.289178
0.289793
0.345154
0.351638
0.391306
0.464783
0.443424
0.383670
0.381449
0.341646
0.315819
0.303271
0.312216
0.329686
0.348569
0.342564
0.311136
0.299708
0.312978
0.305140
0.307858
0.304550
0.307748
0.350247
0.409308
0.445406
0.458199
0.435975
0.434851
0.414198
0.406312
0.384277
0.342403
0.327917
0.333603
0.300486
0.374957
0.369297
0.387887
0.357212
0.324542
0.313858
0.321344
0.333830
0.362081
0.389036
0.405912
0.355404
0.320893
0.282607
0.252686
0.267875
0.269015
0.263923
0.327080
0.349481
0.354470
0.330804
0.327914
0.308695
0.323682
0.327090
0.354810
0.332792
0.317361
0.309072
0.289190
0.278539
0.292304
0.316132
0.314000
0.292727
0.314595
0.342070
0.368285
0.352961
0.334480
0.311409
0.310615
0.302608
0.322819
0.368828
0.419055
0.405529
0.373009
0.349561
0.319458
0.267280
0.249580
0.247450
0.236635
0.235337
0.244857
0.252105
0.252202
0.254638
0.256985
0.278866
0.290604
0.325466
0.318131
0.341994
0.350831
0.331491
0.311932
0.371612
0.352664
0.377004
0.381253
0.393623
0.364055
0.349966
0.309760
0.303847
0.303305
0.303804
0.338280
0.334314
0.325413
0.289895
0.294788
0.290600
0.288555
0.312922
0.328362
0.353661
0.356655
0.332819
0.327520
0.336946
0.329765
0.329697
0.325595
0.326689
0.314815
0.303968
0.322932
0.316873
0.295795
0.287673
0.281120
0.290885
0.269361
0.272169
0.284948
0.302898
0.323220
0.356357
0.386735
0.405189
0.376426
0.369266
0.351751
0.301362
0.264489
0.259069
0.248872
0.267993
0.255142
0.252750
0.272751
0.306015
0.299047
0.342097
0.346497
0.379339
0.395827
0.431150
0.508669
0.525510
0.457843
0.414908
0.423134
0.404414
0.369003
0.373677
0.368347
0.338010
0.338739
0.332959
0.324119
0.295150
0.310442
0.312083
0.323009
0.307764
0.330924
0.345625
0.331614
0.282367
0.324379
0.324313
0.363133
0.333637
0.332388
0.242835
0.280652
0.258054
0.280099
0.246039
0.340921
0.476976
0.813190
0.894853
0.771573
0.576699
0.368001
0.366507
0.391772
0.407951
0.418870
0.338362
0.350599
0.337237
0.320923
0.323684
0.412561
0.406732
0.346365
0.347737
0.377906
0.384894
0.359666
0.378847
0.393682
0.344171
0.361336
0.355907
0.387089
0.418167
0.400512
0.406435
0.386297
0.334332
0.285491
0.261929
0.252973
0.263012
0.244236
0.274193
0.289990
0.300977
0.283082
0.307879
0.321825
0.321229
0.306089
0.281676
0.290008
0.299943
0.302238
0.321118
0.350618
0.366823
0.336476
0.304228
0.296827
0.287986
0.292750
0.267696
0.327405
0.287237
0.335605
0.294522
0.300570
0.272776
0.191987
0.198842
0.229995
0.250443
0.255048
0.245157
0.262028
0.309933
0.366400
0.409759
0.699283
0.356353
0.346387
0.285783
0.355956
0.335295
0.328206
0.322134
0.367295
0.961184
0.933827
0.474344
0.372397
0.315842
0.319670
0.300953
0.331639
0.307976
0.321061
0.374270
0.448378
0.496562
0.412613
0.359688
0.379873
0.338738
0.393083
0.303653
0.388919
0.441887
0.453641
0.375048
0.445805
0.408283
0.403711
0.319448
0.330091
0.355398
0.354607
0.368238
0.497204
0.780247
0.873904
0.739291
0.561907
0.360588
0.319034
0.299332
0.314661
0.316483
0.325427
0.310218
0.349762
0.350362
0.399378
0.420812
0.460426
0.428296
0.393107
0.386537
0.368132
0.380226
0.388871
0.433180
0.414410
0.435587
0.438693
0.490767
0.513342
0.512660
0.467542
0.433806
0.436529
0.402877
0.350322
0.411633
0.390676
0.411168
0.312629
0.453697
0.693086
0.882510
0.871229
0.644732
0.450046
0.357435
0.375820
0.351366
0.350719
0.313329
0.336448
0.371238
0.346412
0.328630
0.320031
0.385004
0.394668
0.442652
0.527952
0.583038
0.488345
0.437552
0.436322
0.387320
0.359694
0.300251
0.292386
0.320420
0.320189
0.301355
0.275776
0.283187
0.295153
0.322102
0.344301
0.328880
0.338412
0.343417
0.376536
0.370611
0.374973
0.411266
0.392228
0.392105
0.388806
0.370549
0.365311
0.351866
0.377777
0.353800
0.366038
0.360679
0.365013
0.313857
0.286563
0.290687
0.289674
0.312188
0.351224
0.404424
0.390929
0.358206
0.322755
0.263082
0.247985
0.281848
0.306307
0.278966
0.283286
0.248623
0.219761
0.207640
0.216008
0.208853
0.231680
0.239036
0.256231
0.266788
0.320792
0.342988
0.350910
0.326950
0.350644
0.341428
0.348865
0.368498
0.430211
0.449883
0.475434
0.468114
0.495849
0.508114
0.459604
0.448009
0.444108
0.400766
0.373173
0.328456
0.308477
0.297750
0.278426
0.286373
0.311580
0.325971
0.329957
0.320906
0.292162
0.273973
0.265491
0.263100
0.275353
0.293913
0.285179
0.292155
0.303448
0.288654
0.306106
0.326706
0.336749
0.335709
0.315034
0.292964
0.317052
0.313651
0.305772
0.288833
0.266726
0.266253
0.250781
0.256218
0.255111
0.268240
0.294012
0.344322
0.353361
0.364317
0.361518
0.336844
0.306739
0.306865
0.321054
0.312188
0.398094
0.421949
0.452120
0.428506
0.421017
0.367134
0.324180
0.334285
0.325332
0.306142
0.353431
0.550928
0.731461
0.878031
0.782775
0.613184
0.561098
0.555159
0.468807
0.485658
0.411892
0.365170
0.360111
0.361455
0.352711
0.363772
0.343870
0.365257
0.353151
0.365539
0.342903
0.347119
0.355573
0.355471
0.372882
0.364553
0.423316
0.417155
0.426973
0.448139
0.449100
0.431098
0.428684
0.432708
0.424278
0.390336
0.390555
0.382172
0.365142
0.376721
0.346088
0.347115
0.323593
0.330645
0.324111
0.343613
0.338425
0.345273
0.286054
0.266725
0.262260
0.256535
0.250508
0.257487
0.276458
0.282253
0.324665
0.408308
0.415552
0.475080
0.431910
0.458570
0.445321
0.452704
0.412922
0.380014
0.356373
0.359708
0.364356
0.376444
0.366810
0.376571
0.333497
0.302694
0.292176
0.292096
0.292651
0.322546
0.305647
0.341935
0.324829
0.285929
0.270790
0.272621
0.276100
0.275534
0.297893
0.348209
0.371439
0.355572
0.330072
0.338853
0.333306
0.302489
0.289249
0.282009
0.257789
0.244782
0.254986
0.264314
0.286933
0.276691
0.294505
0.295377
0.305909
0.304916
0.318315
0.351735
0.359555
0.359187
0.345774
0.310633
0.282000
0.276594
0.279450
0.318557
0.332231
0.345688
0.312775
0.286880
0.260250
0.252770
0.263979
0.277589
0.281674
0.335805
0.341350
0.365312
0.379749
0.381490
0.369726
0.371962
0.371623
0.386260
0.374424
0.405696
0.427189
0.443001
0.392657
0.358484
0.353180
0.387171
0.395390
0.503565
0.724520
0.801542
0.756464
0.681762
0.576494
0.391044
0.368346
0.381334
0.345855
0.358154
0.348884
0.359471
0.347032
0.346260
0.342905
0.381413
0.417267
0.422286
0.388801
0.411931
0.414919
0.426777
0.455633
0.507328
0.609046
0.553026
0.501022
0.463507
0.446010
0.366841
0.374425
0.321416
0.350898
0.348278
0.310785
0.292912
0.290677
0.307606
0.310618
0.330490
0.358546
0.375718
0.352203
0.299833
0.290020
0.286878
0.270948
0.294177
0.351583
0.426892
0.389304
0.384838
0.305900
0.265541
0.260147
0.271419
0.292084
0.289515
0.310868
0.328518
0.339053
0.369658
0.356846
0.376263
0.363165
0.372216
0.371953
0.409383
0.430364
0.501523
0.520764
0.566865
0.563460
0.560338
0.498459
0.487460
0.430590
0.361530
0.321621
0.323671
0.324674
0.310134
0.293264
0.303419
0.318576
0.359839
0.412030
0.431381
0.426818
0.426622
0.411313
0.411426
0.401142
0.383471
0.358705
0.324770
0.313704
0.328205
0.303949
0.289786
0.269816
0.272217
0.279233
0.274844
0.288178
0.308104
0.316192
0.332823
0.348916
0.371469
0.350523
0.350587
0.354635
0.364967
0.333995
0.325801
0.303610
0.290002
0.266320
0.260771
0.266244
0.278521
0.339283
0.360831
0.383651
0.374096
0.393637
0.404523
0.394792
0.403874
0.397843
0.343136
0.326493
0.315279
0.274182
0.267489
0.274829
0.295090
0.285735
0.308872
0.327082
0.330620
0.547618
0.930971
0.861723
0.575766
0.513058
0.490315
0.536289
0.598225
0.492196
0.409652
0.428366
0.428346
0.447350
0.423582
0.401688
0.437856
0.434561
0.450573
0.441956
0.399567
0.408735
0.410197
0.424036
0.396683
0.415134
0.399557
0.459876
0.423658
0.600900
0.796207
0.836414
0.691146
0.585881
0.527348
0.450218
0.428511
0.515763
0.493855
0.533161
0.481826
0.478415
0.424915
0.400187
0.394435
0.414137
0.378207
0.360789
0.349274
0.369507
0.370080
0.388357
0.368422
0.401322
0.669200
0.933624
0.858231
0.538739
0.489499
0.423949
0.416791
0.386185
0.334023
0.354517
0.366737
0.429021
0.363601
0.370294
0.318102
0.292594
0.331314
0.327636
0.308350
0.247116
0.314738
0.361539
0.337732
0.349641
0.424296
0.531968
0.498029
0.480682
0.490216
0.461938
0.426582
0.508892
0.423782
0.447270
0.436090
0.396350
0.370844
0.353609
0.319462
0.331803
0.334672
0.324915
0.328131
0.331508
0.407450
0.461695
0.825609
0.916056
0.748556
0.562893
0.392391
0.362807
0.367537
0.362796
0.343821
0.339393
0.389378
0.396820
0.367216
0.389894
0.382433
0.457034
0.414651
0.431636
0.455193
0.450597
0.350006
0.342073
0.327762
0.316993
0.332643
0.391912
0.406250
0.449007
0.381774
0.297718
0.272205
0.260827
0.242071
0.243629
0.243213
0.250955
0.236664
0.239976
0.241487
0.262197
0.276636
0.307380
0.332703
0.366321
0.378736
0.367076
0.327382
0.327423
0.296801
0.292443
0.283166
0.317916
0.322742
0.317160
0.305346
0.316453
0.357348
0.391146
0.397052
0.403890
0.368650
0.352279
0.341446
0.341335
0.363277
0.436354
0.444551
0.458139
0.359913
0.334685
0.297379
0.299146
0.286243
0.273106
0.262057
0.265747
0.283218
0.291428
0.275874
0.291030
0.258963
0.245054
0.242372
0.256026
0.254199
0.276167
0.276928
0.277358
0.299782
0.324166
0.321631
0.311088
0.293034
0.299048
0.272505
0.285270
0.317836
0.390258
0.435029
0.411395
0.380633
0.328769
0.280874
0.283467
0.287212
0.285127
0.268443
0.274862
0.296555
0.312635
0.316557
0.317023
0.303114
0.262423
0.259359
0.240399
0.253139
0.253872
0.283715
0.277080
0.305799
0.321131
0.363336
0.381997
0.368732
0.370086
0.362069
0.351329
0.333279
0.356040
0.344336
0.358716
0.328484
0.349212
0.335062
0.332965
0.326340
0.338282
0.343944
0.345323
0.329421
0.346915
0.326798
0.326018
0.297877
0.268686
0.264031
0.250789
0.260846
0.240847
0.246999
0.253783
0.244552
0.223088
0.231778
0.245418
0.254549
0.259107
0.267391
0.254686
0.293534
0.324413
0.330220
0.323092
0.307232
0.314849
0.309581
0.325269
0.357556
0.367684
0.351817
0.319336
0.316467
0.307696
0.309338
0.315860
0.314595
0.352915
0.327622
0.364019
0.351811
0.398279
0.413349
0.467382
0.378858
0.392886
0.388205
0.413584
0.376412
0.375051
0.401986
0.406028
0.335843
0.360484
0.399643
0.498721
0.777802
0.896368
0.753772
0.572390
0.513528
0.396136
0.385384
0.386266
0.373066
0.378726
0.574656
0.640155
0.673001
0.598816
0.502511
0.438030
0.426113
0.407434
0.422493
0.428171
0.400814
0.411428
0.372058
0.394894
0.420009
0.513519
0.547159
0.551742
0.450747
0.405467
0.420750
0.343828
0.275708
0.289653
0.314932
0.315959
0.281246
0.261455
0.281724
0.302559
0.308070
0.325964
0.340017
0.326490
0.319097
0.372816
0.427786
0.436620
0.407537
0.424055
0.374168
0.364075
0.343762
0.375328
0.431343
0.446323
0.378127
0.381100
0.379364
0.375453
0.400804
0.375241
0.473632
0.442666
0.452187
0.564691
0.831964
0.924477
0.843849
0.563682
0.470642
0.447901
0.428686
0.439709
0.423130
0.407325
0.425199
0.424637
0.374574
0.344009
0.337483
0.346161
0.330149
0.363782
0.353180
0.412569
0.436424
0.499065
0.514352
0.468834
0.423182
0.404387
0.430043
0.431826
0.473116
0.459080
0.398176
0.390729
0.363767
0.305923
0.288510
0.307863
0.291241
0.264126
0.270501
0.347717
0.353697
0.363517
0.340137
0.290133
0.265761
0.248596
0.276964
0.261608
0.254361
0.253283
0.272072
0.321791
0.358877
0.369866
0.367581
0.376674
0.318848
0.313696
0.305957
0.308904
0.295018
0.281763
0.256028
0.265419
0.271254
0.264022
0.285574
0.297958
0.296909
0.298953
0.320643
0.355077
0.344121
0.324627
0.294733
0.293228
0.269417
0.272607
0.275133
0.300619
0.317164
0.333805
0.349467
0.354532
0.347050
0.307621
0.263014
0.214144
0.239113
0.229279
0.247751
0.235777
0.267481
0.264536
0.316609
0.372221
0.417087
0.404614
0.402392
0.401379
0.365518
0.351832
0.315137
0.317937
0.322777
0.322203
0.312980
0.317934
0.333461
0.327807
0.325579
0.318644
0.311423
0.294939
0.279765
0.279481
0.303620
0.306187
0.304832
0.310351
0.282756
0.293112
0.284262
0.315461
0.315659
0.321592
0.325925
0.325982
0.330304
0.345228
0.330776
0.335304
0.304379
0.283311
0.273202
0.233243
0.243516
0.264783
0.278638
0.267377
0.261809
0.256606
0.278951
0.316443
0.323667
0.343828
0.425537
0.496415
0.521282
0.524297
0.513118
0.498266
0.422511
0.413938
0.399917
0.435646
0.449853
0.462598
0.491830
0.559105
0.557498
0.724668
0.858512
0.832519
0.672608
0.537718
0.496966
0.527018
0.508777
0.503294
0.559233
0.545738
0.513971
0.460382
0.465384
0.453990
0.464056
0.451218
0.430904
0.424193
0.426936
0.388936
0.390132
0.393734
0.414370
0.391426
0.428936
0.492889
0.810355
0.925678
0.828832
0.609996
0.564328
0.612680
0.465321
0.409937
0.450107
0.505366
0.501573
0.485618
0.479266
0.414579
0.441663
0.367144
0.394536
0.322628
0.372503
0.412273
0.587107
0.580418
0.600446
0.484122
0.410284
0.398422
0.372731
0.357406
0.391936
0.380750
0.417507
0.422171
0.504175
0.452488
0.402458
0.383269
0.473401
0.571312
0.892306
0.880470
0.705627
0.523671
0.437622
0.415428
0.386230
0.354817
0.335473
0.328218
0.378476
0.392470
0.440648
0.401973
0.416010
0.363716
0.327777
0.328992
0.362374
0.322883
0.344427
0.337476
0.361852
0.306484
0.345614
0.363729
0.378035
0.350321
0.368030
0.329771
0.305324
0.309626
0.304192
0.320800
0.315700
0.336738
0.355083
0.381047
0.368617
0.353388
0.356960
0.363078
0.377698
0.412871
0.419026
0.434992
0.428451
0.428770
0.407229
0.406045
0.380561
0.362666
0.349401
0.365966
0.335198
0.389236
0.377338
0.503929
0.738630
0.876998
0.795044
0.647626
0.521881
0.425556
0.367710
0.354637
0.364959
0.380216
0.393283
0.392084
0.425608
0.440955
0.440454
0.452298
0.417530
0.401326
0.430292
0.451444
0.449449
0.444502
0.366879
0.364797
0.371590
0.426931
0.396940
0.441259
0.406668
0.359990
0.301288
0.253484
0.275046
0.266230
0.260335
0.241406
0.232486
0.244298
0.251137
0.270202
0.302311
0.361096
0.374214
0.381598
0.389840
0.397824
0.386131
0.341724
0.330937
0.318097
0.309051
0.316346
0.397199
0.471089
0.478510
0.436882
0.413860
0.380559
0.334455
0.300106
0.284454
0.281770
0.286163
0.267573
0.258836
0.271929
0.291570
0.280323
0.316210
0.325818
0.346837
0.352645
0.401566
0.427597
0.487577
0.470905
0.477105
0.461042
0.474784
0.458801
0.476782
0.456474
0.454886
0.420234
0.388065
0.349190
0.310460
0.290713
0.283199
0.288592
0.281446
0.297439
0.300932
0.298580
0.270047
0.264996
0.255031
0.247335
0.247201
0.244990
0.250845
0.257655
0.292580
0.322692
0.333271
0.317901
0.329007
0.299139
0.299723
0.308762
0.332290
0.357372
0.423516
0.468121
0.461068
0.466639
0.517907
0.540582
0.496233
0.476802
0.442003
0.448564
0.450916
0.553005
0.771143
0.817187
0.776138
0.692218
0.685081
0.587326
0.562930
0.445087
0.361574
0.343819
0.357467
0.364821
0.352880
0.348456
0.351501
0.390080
0.432241
0.457333
0.449152
0.452652
0.440700
0.421172
0.424699
0.429817
0.425610
0.439152
0.416269
0.404149
0.387412
0.383404
0.359050
0.323825
0.272321
0.268478
0.263130
0.269366
0.307164
0.315830
0.289851
0.283981
0.264435
0.250737
0.261648
0.260616
0.266195
0.274249
0.312058
0.336417
0.368957
0.410469
0.477638
0.430123
0.423017
0.400367
0.385856
0.345711
0.323058
0.324692
0.330479
0.304321
0.287272
0.327114
0.336956
0.337521
0.332476
0.327435
0.315550
0.299591
0.308412
0.343877
0.352762
0.334430
0.328440
0.319324
0.316469
0.307919
0.292884
0.287043
0.275172
0.260222
0.250260
0.271431
0.262541
0.271116
0.262482
0.261439
0.260283
0.278976
0.322052
0.392527
0.437735
0.427653
0.384053
0.333434
0.301393
0.282393
0.303246
0.312956
0.333259
0.325336
0.279296
0.260390
0.242103
0.237837
0.252603
0.264054
0.296685
0.299340
0.309512
0.297249
0.298595
0.286558
0.270865
0.315830
0.314975
0.358653
0.389920
0.415556
0.413612
0.470377
0.427388
0.459594
0.464945
0.537052
0.512241
0.577241
0.575506
0.606411
0.554647
0.498706
0.397889
0.371547
0.356380
0.309708
0.282259
0.256113
0.238370
0.248561
0.243599
0.263363
0.251452
0.281938
0.271024
0.348106
0.335214
0.380997
0.312085
0.349089
0.394188
0.424545
0.444091
0.498659
0.533364
0.519334
0.490296
0.471687
0.432792
0.450233
0.473387
0.532478
0.591774
0.611525
0.610971
0.765926
0.802166
0.764503
0.675202
0.566839
0.483970
0.460293
0.441078
0.483266
0.445415
0.427386
0.422074
0.528499
0.590442
0.626395
0.522788
0.468372
0.403075
0.376503
0.373513
0.378413
0.379875
0.359376
0.349711
0.351857
0.382275
0.405297
0.403933
0.418389
0.396142
0.399978
0.361843
0.376887
0.330579
0.368383
0.366071
0.430310
0.429730
0.477232
0.445807
0.473003
0.442033
0.450487
0.436781
0.443064
0.367881
0.304567
0.271942
0.273226
0.250591
0.245979
0.245025
0.274061
0.269284
0.309659
0.350927
0.375926
0.339506
0.337295
0.367033
0.405756
0.382234
0.374948
0.349198
0.355812
0.291823
0.272071
0.284319
0.293039
0.308479
0.280413
0.299707
0.319150
0.331998
0.355427
0.358199
0.368078
0.331215
0.317984
0.319451
0.322387
0.346481
0.361881
0.378034
0.386469
0.400224
0.383585
0.388630
0.387137
0.416824
0.437773
0.410504
0.391058
0.387539
0.358336
0.325148
0.385876
0.399982
0.371094
0.373765
0.442463
0.502125
0.731833
0.912710
0.775490
0.646411
0.567581
0.462386
0.461294
0.490787
0.472066
0.479031
0.452436
0.446422
0.402476
0.383598
0.387672
0.424341
0.592919
0.551648
0.713349
0.741125
0.624622
0.657078
0.802910
0.848332
0.689973
0.538398
0.502733
0.418753
0.401547
0.430758
0.468623
0.542507
0.487788
0.439472
0.486655
0.595886
0.779214
0.878982
0.823513
0.639654
0.548194
0.553838
0.578008
0.534417
0.468038
0.436939
0.432077
0.469194
0.461430
0.489667
0.488206
0.523814
0.480333
0.514294
0.460163
0.481607
0.490427
0.489999
0.581761
0.617392
0.619133
0.734506
0.836282
0.798397
0.641473
0.548133
0.462782
0.451922
0.424415
0.447894
0.468262
0.500170
0.527189
0.561032
0.566812
0.598945
0.521801
0.622853
0.738719
0.746230
0.749379
0.658488
0.576335
0.399003
