# Predicted Peaks (Indices)
28
29
64
65
328
329
439
440
448
562
563
620
621
635
636
673
674
703
704
743
789
790
827
828
842
843
922
923
924
925
926
957
958
968
969
1044
1045
1053
1054
1084
1093
1105
1106
1123
1124
1134
1135
1157
1158
1174
1175
1203
1204
1218
1222
1282
1290
1317
1318
1325
1326
1388
1410
1411
1423
1429
1458
1459
1488
1507
1508
1533
1537
1551
1581
1593
1599
1610
1625
1632
1650
1663
1683
1702
1703
1741
1742
1786
1787
1790
1815
1819
1824
1900
1905
1906
1916
1933
1934
1952
1981
1982
2031
2032
2075
2093
2094
2152
2168
2169
2182
2201
2202
2217
2251
2263
2287
2302
2324
2341
2366
2373
2394
2404
2432
2453
2489
2509
2517
2544
2571
2595
2596
2603
2615
2627
2647
2668
2701
2718
2719
2751
2772
2773
2774
2780
2803
2823
2840
2915
2916
2930
2931
2974
2975
2980
2981
3042
3043
3051
3052
3108
3121
3122
3128
3167
3187
3188
3195
3196
3210
3219
3265
3266
3272
3273
3293
3336
3337
3380
3381
3410
3423
3489
