# Predictions (Probabilities)
0.341892
0.336932
0.338076
0.352897
0.431162
0.488839
0.495191
0.473664
0.487545
0.387241
0.338902
0.320507
0.312387
0.311172
0.304167
0.294462
0.295214
0.301718
0.324353
0.336404
0.388780
0.469951
0.484171
0.483691
0.472751
0.436187
0.381021
0.329185
0.304766
0.306615
0.300239
0.273467
0.281641
0.283239
0.284905
0.290291
0.324520
0.352154
0.365684
0.340332
0.309347
0.341311
0.325912
0.331579
0.303004
0.306394
0.281983
0.296635
0.302456
0.298426
0.295198
0.303728
0.303112
0.283614
0.273716
0.296587
0.366123
0.400230
0.413706
0.397096
0.378557
0.309244
0.289060
0.274645
0.282950
0.276922
0.285766
0.279721
0.270009
0.270488
0.300870
0.317000
0.381852
0.378193
0.421443
0.369293
0.371160
0.313820
0.272676
0.261617
0.259199
0.264587
0.262205
0.249866
0.248165
0.254803
0.277983
0.282323
0.324725
0.312520
0.337287
0.298726
0.308859
0.292143
0.314090
0.320194
0.353179
0.363774
0.368639
0.365605
0.323175
0.301065
0.292904
0.295060
0.300706
0.299713
0.313305
0.325591
0.321110
0.302236
0.282939
0.269617
0.275262
0.285650
0.291883
0.277788
0.272375
0.295669
0.299154
0.363034
0.359188
0.374417
0.350969
0.327241
0.292661
0.267638
0.254770
0.274316
0.270123
0.308217
0.317226
0.319835
0.290137
0.275425
0.274765
0.281583
0.302469
0.286838
0.294681
0.294388
0.304030
0.280093
0.300946
0.317210
0.352186
0.385110
0.415510
0.421542
0.416367
0.394542
0.381024
0.352757
0.314837
0.287028
0.271277
0.260834
0.250079
0.248468
0.247845
0.253891
0.253486
0.270971
0.289281
0.304456
0.304234
0.323603
0.326640
0.346662
0.323359
0.317821
0.309014
0.298950
0.281372
0.263289
0.249453
0.253164
0.264054
0.265928
0.273666
0.273573
0.298902
0.322598
0.372573
0.462640
0.506589
0.520798
0.542879
0.497584
0.502250
0.446244
0.427283
0.402354
0.374622
0.305992
0.328949
0.335912
0.351327
0.299194
0.288699
0.261232
0.238186
0.249361
0.242652
0.253339
0.237351
0.242520
0.240451
0.287377
0.330788
0.367049
0.363468
0.375583
0.395674
0.380693
0.364865
0.350193
0.330469
0.321849
0.302520
0.280764
0.296797
0.293516
0.318333
0.330265
0.353141
0.349499
0.340036
0.297845
0.290963
0.308475
0.295556
0.285582
0.277420
0.261602
0.246384
0.256270
0.250586
0.262891
0.261022
0.295353
0.306194
0.319798
0.336969
0.330399
0.339537
0.351976
0.349464
0.342684
0.369482
0.422121
0.466361
0.551469
0.613806
0.640989
0.636350
0.577785
0.464773
0.345347
0.304949
0.304407
0.317591
0.346186
0.336941
0.347195
0.329336
0.304933
0.247358
0.241330
0.246852
0.248279
0.262757
0.272533
0.283542
0.278864
0.310050
0.318350
0.319463
0.311040
0.372681
0.402095
0.441656
0.416246
0.398900
0.357215
0.325720
0.301253
0.297213
0.301192
0.352962
0.396692
0.403084
0.405098
0.380444
0.287124
0.281329
0.287672
0.282603
0.269621
0.282714
0.289669
0.289896
0.317712
0.358050
0.363996
0.381366
0.368630
0.349034
0.317173
0.296125
0.318920
0.303946
0.284580
0.254876
0.245112
0.246791
0.243775
0.240041
0.246500
0.244042
0.248585
0.264487
0.270724
0.270373
0.281158
0.309529
0.303702
0.300004
0.328999
0.343191
0.360377
0.333794
0.309138
0.277455
0.274657
0.287553
0.282723
0.279093
0.298973
0.328778
0.327408
0.383044
0.405479
0.433405
0.446884
0.449356
0.477986
0.425839
0.370835
0.297184
0.304088
0.284170
0.300036
0.338727
0.332537
0.327381
0.304585
0.294255
0.287086
0.301579
0.306507
0.311936
0.332480
0.339204
0.339543
0.334081
0.300209
0.289935
0.285994
0.265662
0.302230
0.285833
0.301439
0.283027
0.277103
0.264348
0.262610
0.257758
0.267159
0.268831
0.277454
0.295265
0.325594
0.349606
0.340917
0.337922
0.323516
0.312735
0.320434
0.306471
0.300602
0.299451
0.289187
0.313613
0.341168
0.352857
0.366243
0.357828
0.336311
0.289715
0.258703
0.239893
0.254084
0.250608
0.250456
0.251365
0.248461
0.262236
0.291789
0.298751
0.306470
0.282417
0.273083
0.280829
0.285319
0.291762
0.299915
0.303676
0.300536
0.297268
0.294868
0.322256
0.322454
0.331345
0.315574
0.303881
0.295820
0.296136
0.288113
0.282919
0.274932
0.287717
0.328171
0.338581
0.348162
0.330104
0.295067
0.267364
0.247290
0.237060
0.244045
0.253584
0.258230
0.257772
0.261000
0.280592
0.318626
0.312823
0.366737
0.368673
0.414945
0.395922
0.385891
0.333541
0.302553
0.302075
0.297743
0.284280
0.328057
0.351570
0.343971
0.312975
0.297162
0.247221
0.263804
0.267907
0.277670
0.284223
0.302630
0.291535
0.292568
0.329079
0.346973
0.397546
0.453569
0.530372
0.527062
0.576262
0.535060
0.570506
0.606384
0.513638
0.476885
0.381298
0.315239
0.293201
0.285072
0.305630
0.315292
0.317970
0.308825
0.304402
0.293995
0.296444
0.294292
0.286970
0.269810
0.279006
0.275770
0.280071
0.265751
0.271682
0.280430
0.296184
0.337824
0.354371
0.366019
0.332301
0.300829
0.261685
0.271568
0.263593
0.298450
0.286346
0.303102
0.280986
0.295885
0.292215
0.337313
0.325865
0.334535
0.347777
0.324691
0.317896
0.377999
0.385152
0.393373
0.389384
0.356346
0.301211
0.289162
0.279561
0.269252
0.274712
0.265196
0.275179
0.307593
0.338856
0.320883
0.327128
0.288404
0.277811
0.270544
0.304655
0.356663
0.363778
0.359753
0.307389
0.300554
0.233445
0.238112
0.231233
0.258376
0.244947
0.256249
0.266184
0.290703
0.308388
0.319735
0.315432
0.336485
0.387763
0.382503
0.386115
0.352816
0.351077
0.313513
0.308261
0.307345
0.319825
0.368274
0.446525
0.464478
0.471727
0.414885
0.373426
0.291536
0.274915
0.259012
0.267481
0.269872
0.267522
0.255885
0.263266
0.265032
0.251010
0.269414
0.301047
0.306032
0.347733
0.398770
0.398339
0.378038
0.384287
0.377452
0.363571
0.359695
0.315985
0.302151
0.301970
0.275287
0.272773
0.277014
0.284783
0.292251
0.300633
0.290942
0.301459
0.306063
0.319981
0.359842
0.429246
0.559665
0.617456
0.579128
0.568821
0.487381
0.403554
0.380778
0.360726
0.363780
0.358331
0.324586
0.317661
0.326243
0.316457
0.310611
0.347216
0.340462
0.338553
0.314683
0.293014
0.293989
0.291886
0.277331
0.296499
0.322407
0.292229
0.261808
0.257072
0.250059
0.250002
0.257541
0.255767
0.264570
0.289174
0.304040
0.320052
0.358033
0.365491
0.385062
0.391216
0.381407
0.392700
0.368898
0.381472
0.347128
0.318551
0.299276
0.303059
0.325354
0.341004
0.341333
0.348619
0.346724
0.332279
0.322219
0.290382
0.282011
0.279150
0.276320
0.273837
0.262247
0.257963
0.252753
0.262695
0.298624
0.311584
0.315308
0.295756
0.274655
0.250509
0.250048
0.246302
0.269510
0.271902
0.274432
0.263463
0.277398
0.299798
0.302171
0.309700
0.328447
0.344732
0.334512
0.373887
0.412416
0.431005
0.408001
0.418983
0.371626
0.370557
0.303722
0.276139
0.252465
0.263137
0.247775
0.246322
0.259536
0.283438
0.280847
0.276501
0.279237
0.238402
0.189477
0.209241
0.256033
0.220580
0.239543
0.184850
0.212583
0.185113
0.207352
0.184660
0.216357
0.160688
0.151854
0.139615
0.160950
0.158828
0.153448
0.105540
0.146533
0.242643
0.304234
0.222684
0.210654
0.307369
0.419480
0.975007
0.963507
0.313065
0.221327
0.228518
0.216636
0.220986
0.180645
0.231142
0.228137
0.270172
0.245923
0.203679
0.258307
0.329336
0.265460
0.265195
0.252617
0.265585
0.220560
0.241590
0.226967
0.241840
0.184184
0.179491
0.204893
0.188272
0.249880
0.252166
0.260201
0.273745
0.281787
0.277698
0.273267
0.283732
0.299443
0.319097
0.355210
0.362979
0.373891
0.363246
0.360596
0.334750
0.317167
0.314423
0.328329
0.324690
0.327344
0.344291
0.334270
0.332525
0.308317
0.313143
0.358057
0.427683
0.511623
0.566690
0.515511
0.485951
0.438715
0.385283
0.322698
0.285589
0.299574
0.288348
0.264425
0.253790
0.267582
0.282954
0.272079
0.293613
0.315369
0.345992
0.382503
0.387914
0.408705
0.405964
0.389628
0.397062
0.402103
0.394864
0.376598
0.367480
0.334026
0.331708
0.303162
0.304290
0.280528
0.278947
0.283227
0.266569
0.267383
0.255848
0.250809
0.251263
0.273489
0.286878
0.305071
0.320067
0.343507
0.326078
0.320427
0.321591
0.378758
0.403628
0.502421
0.581208
0.669983
0.663892
0.616707
0.569118
0.474620
0.394038
0.366043
0.368522
0.357140
0.335241
0.317116
0.316498
0.299433
0.277210
0.279294
0.320901
0.378223
0.369919
0.346193
0.316152
0.291340
0.239688
0.243925
0.244599
0.242180
0.240422
0.247217
0.247769
0.258003
0.297664
0.271100
0.279527
0.272567
0.280527
0.284161
0.309282
0.350941
0.371180
0.353464
0.360949
0.371226
0.376285
0.389100
0.338445
0.336430
0.352061
0.388939
0.455112
0.569899
0.630128
0.579717
0.487469
0.361948
0.284137
0.252609
0.269181
0.280402
0.278485
0.265589
0.298339
0.317888
0.357914
0.376776
0.388143
0.397806
0.421919
0.424274
0.415350
0.386220
0.368085
0.326089
0.326999
0.303292
0.351035
0.371117
0.363188
0.317512
0.300215
0.268059
0.265846
0.276381
0.278152
0.261729
0.260255
0.291082
0.331597
0.338502
0.335219
0.325120
0.282770
0.273473
0.274754
0.274724
0.313809
0.330234
0.335465
0.307081
0.298739
0.280565
0.276965
0.294353
0.307919
0.295936
0.301335
0.278697
0.265243
0.247752
0.247651
0.264078
0.275060
0.279697
0.276679
0.296540
0.314714
0.335424
0.354507
0.384703
0.398690
0.447297
0.448618
0.496396
0.532377
0.547637
0.503347
0.488265
0.373273
0.307851
0.294808
0.291456
0.284743
0.268968
0.256740
0.268216
0.275605
0.309010
0.302173
0.316097
0.321563
0.310919
0.299105
0.319080
0.359491
0.375235
0.369996
0.369802
0.333919
0.306214
0.300282
0.332062
0.332591
0.367648
0.352457
0.322543
0.315458
0.294683
0.333318
0.317740
0.358035
0.332381
0.316538
0.304320
0.321560
0.307660
0.348409
0.369236
0.362089
0.349707
0.338333
0.285155
0.229056
0.236674
0.230729
0.229922
0.224866
0.223286
0.221997
0.243383
0.259152
0.261609
0.263537
0.259952
0.261411
0.278565
0.293575
0.328473
0.390156
0.474614
0.447638
0.488756
0.441138
0.466015
0.453232
0.469056
0.457848
0.417913
0.340310
0.310635
0.295881
0.283053
0.263860
0.274125
0.281287
0.276650
0.265580
0.260287
0.247067
0.263594
0.271183
0.256511
0.250790
0.272288
0.294039
0.310517
0.360767
0.376797
0.386117
0.392748
0.390652
0.378435
0.375504
0.348496
0.328323
0.294440
0.283026
0.289430
0.291786
0.281002
0.272523
0.287305
0.327845
0.373075
0.365016
0.348818
0.329955
0.321646
0.300083
0.295997
0.345856
0.383376
0.384659
0.362020
0.316629
0.291709
0.271120
0.261036
0.268326
0.270317
0.300913
0.293161
0.315343
0.296802
0.288325
0.272429
0.267785
0.289628
0.277019
0.288784
0.306225
0.318425
0.289479
0.309098
0.321444
0.359492
0.401459
0.494035
0.600570
0.667579
0.645486
0.594051
0.544683
0.406915
0.363762
0.327690
0.326611
0.324472
0.292979
0.261640
0.273222
0.270169
0.256380
0.281034
0.341392
0.377344
0.320668
0.312552
0.289782
0.279471
0.259563
0.256237
0.261789
0.277088
0.321657
0.390650
0.400355
0.439854
0.447307
0.415992
0.326943
0.312623
0.296038
0.308932
0.309606
0.319447
0.314390
0.332108
0.386389
0.418589
0.424536
0.406662
0.378772
0.368071
0.361679
0.363452
0.348490
0.313351
0.291570
0.270810
0.263734
0.264899
0.289740
0.318159
0.327322
0.319004
0.279066
0.274174
0.264275
0.274799
0.289031
0.301247
0.295861
0.314554
0.311077
0.318297
0.343349
0.337262
0.336981
0.291321
0.300247
0.273763
0.279779
0.281581
0.285080
0.281219
0.324257
0.348534
0.361602
0.349915
0.327715
0.293656
0.264397
0.268206
0.269756
0.266497
0.298822
0.316987
0.295003
0.271885
0.276104
0.275836
0.262208
0.263066
0.276856
0.274130
0.278532
0.292704
0.310665
0.361050
0.382342
0.438202
0.440868
0.487545
0.445810
0.419441
0.349854
0.311917
0.284751
0.279020
0.267590
0.273004
0.255886
0.262799
0.277607
0.311052
0.388095
0.438590
0.434882
0.416768
0.387842
0.351185
0.322336
0.322060
0.359850
0.407461
0.375001
0.354102
0.315661
0.193483
0.242290
0.208145
0.187932
0.148385
0.148331
0.189763
0.219216
0.144289
0.111696
0.172768
0.082782
0.042905
0.152861
0.195347
0.191745
0.196995
0.141725
0.258621
0.265518
0.277687
0.281550
0.304534
0.359900
0.972126
0.988897
0.471393
0.263285
0.273743
0.200469
0.352701
0.331945
0.369931
0.294767
0.315988
0.300271
0.231689
0.235493
0.243961
0.189337
0.199135
0.190235
0.231160
0.236907
0.251953
0.269406
0.342528
0.286279
0.343846
0.280729
0.250736
0.362444
0.325726
0.325384
0.427676
0.397623
0.326651
0.320072
0.325784
0.339922
0.329207
0.314202
0.291930
0.257655
0.258395
0.239958
0.241686
0.269401
0.296980
0.280746
0.266993
0.250606
0.230484
0.231798
0.239826
0.246336
0.239752
0.236886
0.255644
0.274931
0.310124
0.352407
0.353142
0.341763
0.344267
0.323385
0.311630
0.285542
0.294794
0.313641
0.321313
0.392140
0.439020
0.500686
0.468499
0.425581
0.356979
0.341683
0.330495
0.331688
0.323599
0.306100
0.309121
0.364031
0.411559
0.444945
0.431593
0.409879
0.347989
0.320883
0.333894
0.340248
0.315723
0.283945
0.262825
0.239714
0.227779
0.227880
0.236344
0.259983
0.267039
0.282907
0.301123
0.321738
0.308853
0.331172
0.319017
0.339616
0.373554
0.420036
0.475613
0.444904
0.502836
0.420865
0.397602
0.304647
0.292581
0.302948
0.322006
0.317869
0.297933
0.300444
0.309261
0.312321
0.329321
0.369510
0.377809
0.387593
0.382033
0.371891
0.357752
0.310282
0.313433
0.290415
0.281580
0.279293
0.290293
0.333263
0.348062
0.377996
0.363761
0.350789
0.291384
0.261586
0.243796
0.248067
0.259860
0.266926
0.267428
0.250824
0.254611
0.256520
0.266351
0.264968
0.291164
0.280149
0.297710
0.287017
0.291125
0.279695
0.277670
0.276529
0.265766
0.270752
0.266144
0.269674
0.263440
0.269582
0.274362
0.280098
0.305084
0.300661
0.341038
0.357429
0.371500
0.339360
0.335216
0.337203
0.330409
0.321458
0.311402
0.349815
0.350150
0.409186
0.426486
0.417995
0.402019
0.348096
0.302210
0.286244
0.278141
0.278244
0.269681
0.256053
0.251918
0.256899
0.243343
0.245400
0.251495
0.258684
0.271096
0.291105
0.295008
0.342056
0.355095
0.361024
0.369451
0.337473
0.338162
0.325831
0.333655
0.356336
0.425616
0.415954
0.439151
0.384853
0.357536
0.304436
0.349011
0.361199
0.384201
0.369129
0.309373
0.258155
0.210118
0.194960
0.201215
0.215370
0.207427
0.209524
0.222186
0.260649
0.327180
0.363574
0.364611
0.343804
0.336110
0.349298
0.352998
0.335165
0.341195
0.349622
0.388311
0.423216
0.499066
0.492996
0.474397
0.439796
0.383303
0.292351
0.311059
0.338535
0.323216
0.323051
0.271456
0.273402
0.244099
0.243159
0.242074
0.262526
0.267144
0.285851
0.306749
0.338007
0.365611
0.343193
0.354685
0.357705
0.370524
0.359725
0.321250
0.295489
0.280208
0.289737
0.301871
0.319066
0.325891
0.280630
0.246819
0.229682
0.235735
0.237090
0.258153
0.258690
0.260107
0.264767
0.299026
0.322825
0.362276
0.412045
0.453769
0.488464
0.466831
0.495414
0.464613
0.423192
0.387908
0.313710
0.289644
0.286272
0.286524
0.276139
0.284957
0.294575
0.295573
0.312185
0.323026
0.320704
0.310185
0.297490
0.316369
0.318991
0.344081
0.399511
0.470176
0.467627
0.455142
0.446514
0.412571
0.342850
0.317287
0.316494
0.332500
0.376548
0.455017
0.531054
0.528959
0.506700
0.373632
0.349940
0.283640
0.268814
0.261038
0.292093
0.311453
0.279842
0.264240
0.244634
0.244824
0.249518
0.242880
0.240951
0.259033
0.271741
0.272311
0.282200
0.279964
0.298917
0.303306
0.311706
0.302215
0.300404
0.318048
0.327990
0.314617
0.315841
0.347138
0.401647
0.465358
0.493881
0.497920
0.511394
0.436004
0.391839
0.359480
0.386296
0.430599
0.429397
0.405743
0.354765
0.300837
0.251516
0.243940
0.243566
0.237273
0.242404
0.252178
0.257769
0.270980
0.270714
0.268196
0.269420
0.262306
0.265678
0.303670
0.343545
0.335555
0.337542
0.331862
0.307774
0.317836
0.309606
0.293145
0.330694
0.299394
0.358485
0.548743
0.584016
0.511670
0.466841
0.318684
0.267313
0.295024
0.249510
0.236027
0.353143
0.337813
0.330826
0.344709
0.285707
0.282451
0.215010
0.236883
0.250425
0.309283
0.328443
0.301904
0.326387
0.413429
0.977538
0.918105
0.520949
0.308435
0.304363
0.299429
0.383805
0.364090
0.324300
0.283500
0.315247
0.317989
0.317998
0.334878
0.331953
0.293092
0.333609
0.315455
0.307126
0.295001
0.318233
0.287224
0.387897
0.384193
0.406568
0.370905
0.301596
0.264172
0.244517
0.224372
0.281724
0.283370
0.304824
0.310386
0.326395
0.312643
0.328213
0.332825
0.324008
0.323289
0.347868
0.353254
0.357126
0.325860
0.308716
0.268926
0.271289
0.280777
0.292979
0.246164
0.275209
0.326932
0.381276
0.455803
0.495964
0.537501
0.550635
0.555080
0.508858
0.489391
0.427006
0.377079
0.326448
0.307056
0.310735
0.324965
0.331957
0.353652
0.332880
0.327120
0.334330
0.374646
0.413918
0.415354
0.388730
0.387673
0.357930
0.288841
0.286459
0.287423
0.312778
0.303202
0.302851
0.288542
0.276799
0.255707
0.258136
0.275712
0.259407
0.258392
0.259476
0.268660
0.284009
0.331449
0.344076
0.334220
0.304418
0.274010
0.245455
0.234018
0.230705
0.247496
0.258520
0.270891
0.283956
0.298109
0.326905
0.341115
0.360470
0.382143
0.417584
0.439634
0.463334
0.529119
0.577248
0.560459
0.549030
0.493613
0.489827
0.437045
0.409006
0.342669
0.335038
0.305657
0.276342
0.278161
0.279665
0.286681
0.291757
0.288892
0.301131
0.322704
0.356498
0.359308
0.378277
0.442389
0.473353
0.470314
0.430711
0.426505
0.391182
0.334976
0.321417
0.319891
0.320658
0.304738
0.294209
0.302243
0.351643
0.348126
0.325419
0.312112
0.301416
0.277601
0.252993
0.270992
0.292594
0.347306
0.408619
0.414424
0.407789
0.426787
0.366990
0.295889
0.280550
0.288080
0.304620
0.293277
0.280929
0.280272
0.322446
0.350250
0.346554
0.335941
0.325864
0.273949
0.247700
0.258635
0.265628
0.280578
0.274560
0.272003
0.266228
0.285455
0.301951
0.317376
0.349583
0.359627
0.399117
0.454776
0.545374
0.561928
0.567622
0.568649
0.517177
0.441819
0.359224
0.330273
0.341392
0.314441
0.317310
0.358881
0.362384
0.370988
0.330848
0.313723
0.314074
0.328347
0.312385
0.311608
0.316639
0.292981
0.285074
0.260354
0.248301
0.247631
0.252535
0.253444
0.256503
0.258966
0.255697
0.253515
0.279184
0.282845
0.304129
0.310471
0.345799
0.362423
0.406805
0.401939
0.411848
0.383042
0.392742
0.318402
0.287931
0.286700
0.288566
0.290546
0.286567
0.283542
0.287029
0.300828
0.336182
0.382508
0.400132
0.420653
0.393094
0.373446
0.316893
0.296574
0.291063
0.284066
0.276693
0.278632
0.274934
0.272274
0.268899
0.278792
0.277858
0.285663
0.298460
0.302389
0.290820
0.341355
0.364087
0.373756
0.381801
0.375976
0.353009
0.303092
0.290493
0.268615
0.259273
0.260947
0.258331
0.243166
0.241306
0.233563
0.229441
0.247732
0.250879
0.262920
0.251140
0.256157
0.262538
0.281722
0.297709
0.301647
0.333578
0.348994
0.373752
0.401488
0.426926
0.434875
0.483284
0.495388
0.503186
0.496956
0.430628
0.342957
0.335632
0.336780
0.331743
0.399410
0.453469
0.472793
0.449962
0.420690
0.369764
0.293535
0.266444
0.240152
0.249578
0.242150
0.248372
0.233644
0.250998
0.244498
0.259573
0.260440
0.270870
0.288536
0.293410
0.303552
0.347698
0.336818
0.335239
0.318480
0.317714
0.291833
0.286099
0.302575
0.310077
0.305391
0.307999
0.265988
0.253219
0.299262
0.247950
0.256697
0.299781
0.311098
0.315194
0.311890
0.263618
0.292991
0.304134
0.291886
0.287599
0.317263
0.320595
0.322277
0.227245
0.221890
0.262514
0.286616
0.284090
0.248496
0.330227
0.819344
0.966887
0.780191
0.474534
0.353907
0.362336
0.399903
0.380795
0.340349
0.307627
0.286742
0.262079
0.254576
0.294771
0.339847
0.354597
0.359287
0.291068
0.283223
0.269321
0.298079
0.301126
0.299856
0.315201
0.305558
0.321472
0.266556
0.278051
0.293284
0.301835
0.329207
0.439815
0.478024
0.484080
0.474921
0.439559
0.378752
0.367299
0.384032
0.368173
0.328676
0.284371
0.248085
0.239163
0.224197
0.231314
0.229918
0.236875
0.224389
0.229046
0.249662
0.276653
0.284607
0.307541
0.332888
0.357644
0.341337
0.348004
0.369644
0.378754
0.376549
0.363559
0.343035
0.326070
0.303746
0.306011
0.344816
0.368403
0.383624
0.380470
0.363676
0.328677
0.297097
0.284360
0.301001
0.308493
0.310915
0.322333
0.302355
0.263610
0.263758
0.266697
0.266239
0.253814
0.261940
0.267900
0.282555
0.349198
0.389460
0.375169
0.393488
0.362607
0.336938
0.247151
0.262042
0.258224
0.279954
0.272758
0.282711
0.274563
0.300805
0.349880
0.342344
0.374964
0.375536
0.413586
0.404665
0.385826
0.357940
0.324062
0.304933
0.302986
0.272533
0.267310
0.266781
0.267379
0.265970
0.271826
0.280243
0.301400
0.303632
0.295408
0.314198
0.339984
0.351373
0.347648
0.353374
0.294439
0.256156
0.265777
0.255002
0.255382
0.260001
0.276196
0.290013
0.307291
0.346028
0.342265
0.334467
0.356300
0.355528
0.343787
0.386604
0.383047
0.419191
0.406810
0.434920
0.398407
0.391178
0.310960
0.290684
0.240770
0.242843
0.231749
0.248920
0.238066
0.230251
0.246905
0.270311
0.291891
0.325765
0.345209
0.337262
0.358768
0.319479
0.323486
0.329930
0.324997
0.325459
0.326094
0.307492
0.290106
0.311404
0.299667
0.292843
0.284535
0.313232
0.309982
0.354466
0.396890
0.422923
0.400890
0.370223
0.392899
0.395876
0.379044
0.370246
0.319104
0.302380
0.292557
0.294026
0.284499
0.276351
0.276045
0.307720
0.333008
0.368960
0.365659
0.351956
0.329497
0.300876
0.248911
0.233944
0.230607
0.244810
0.247296
0.244389
0.249151
0.249113
0.260004
0.253997
0.265492
0.279884
0.310823
0.353531
0.359980
0.353893
0.340020
0.337048
0.368092
0.407688
0.452797
0.431046
0.446960
0.412513
0.410973
0.356832
0.363309
0.384871
0.371390
0.356465
0.348473
0.342313
0.306683
0.277940
0.267974
0.260001
0.247373
0.248016
0.244144
0.249151
0.261021
0.296411
0.304141
0.312434
0.301451
0.289971
0.280013
0.283731
0.283315
0.302373
0.310981
0.319718
0.326463
0.327808
0.332119
0.326552
0.306592
0.294023
0.316479
0.329058
0.294505
0.286688
0.309431
0.352129
0.392310
0.474692
0.493892
0.524915
0.504580
0.486668
0.396490
0.343246
0.282774
0.302936
0.307689
0.293443
0.298316
0.304041
0.315448
0.335221
0.364680
0.412674
0.515674
0.547662
0.612742
0.576683
0.534907
0.444007
0.462253
0.434332
0.411623
0.372915
0.345897
0.339528
0.294078
0.259711
0.269010
0.266259
0.296249
0.296043
0.299789
0.257061
0.331888
0.296529
0.310726
0.305902
0.347322
0.335866
0.368143
0.374670
0.402628
0.388134
0.382870
0.300247
0.299127
0.293676
0.346934
0.282385
0.297510
0.307469
0.313792
0.326447
0.364996
0.353991
0.560644
0.933020
0.870951
0.517705
0.445994
0.342776
0.329867
0.358165
0.348807
0.414336
0.481854
0.669215
0.655761
0.582799
0.473937
0.360303
0.319986
0.290329
0.279464
0.232679
0.297290
0.299292
0.304972
0.236974
0.270147
0.301798
0.392735
0.408154
0.388919
0.394591
0.415293
0.415557
0.401833
0.356939
0.363951
0.362228
0.370392
0.324864
0.315065
0.303362
0.258366
0.238796
0.239050
0.243632
0.254652
0.266173
0.263293
0.272732
0.307891
0.319905
0.355466
0.347126
0.372488
0.363486
0.392068
0.418574
0.472055
0.467310
0.470373
0.400386
0.369007
0.311721
0.308808
0.302259
0.308131
0.320767
0.284928
0.282519
0.270268
0.257189
0.249929
0.259774
0.259098
0.266895
0.273291
0.278889
0.270683
0.262853
0.276083
0.275550
0.284547
0.299253
0.318135
0.312125
0.312927
0.305646
0.393235
0.400931
0.415752
0.380194
0.360284
0.320945
0.291271
0.298167
0.308245
0.298446
0.416232
0.411824
0.443325
0.394478
0.409372
0.298421
0.266264
0.244694
0.258939
0.240170
0.267719
0.257498
0.267534
0.251883
0.274559
0.260872
0.293627
0.288830
0.302351
0.356139
0.410498
0.385216
0.419297
0.385995
0.399313
0.387661
0.397438
0.373459
0.365036
0.346615
0.329993
0.302813
0.280158
0.253036
0.251087
0.252697
0.243434
0.249472
0.242448
0.245375
0.260586
0.308680
0.353684
0.345970
0.347208
0.353704
0.316884
0.274914
0.285808
0.300787
0.300096
0.311028
0.391174
0.419850
0.435628
0.414939
0.389729
0.345801
0.327553
0.317738
0.365567
0.416391
0.397646
0.362876
0.320934
0.275132
0.259712
0.238953
0.262372
0.249112
0.252376
0.264092
0.330845
0.352352
0.352803
0.351330
0.330605
0.315933
0.279201
0.273727
0.261720
0.272160
0.268775
0.274456
0.268111
0.308847
0.324349
0.337418
0.307183
0.292361
0.283045
0.285698
0.297836
0.312018
0.342517
0.321006
0.356366
0.358432
0.363715
0.350127
0.334693
0.298766
0.281707
0.280231
0.275407
0.278238
0.271313
0.269946
0.251922
0.257039
0.255153
0.294455
0.307186
0.316527
0.290402
0.278426
0.261689
0.254841
0.267831
0.288973
0.292090
0.317846
0.313642
0.323893
0.295475
0.286503
0.276738
0.283740
0.298189
0.306599
0.323567
0.372361
0.425635
0.401453
0.386062
0.321408
0.320648
0.299974
0.318145
0.300800
0.283764
0.303820
0.360518
0.411741
0.460417
0.406663
0.429689
0.391675
0.344430
0.297522
0.296473
0.304685
0.314934
0.289641
0.275241
0.265895
0.284131
0.297208
0.360667
0.377026
0.399364
0.371161
0.368833
0.320034
0.302742
0.258156
0.262623
0.251508
0.249049
0.227599
0.229108
0.228707
0.258817
0.277566
0.287415
0.314966
0.318913
0.336555
0.361215
0.341577
0.323902
0.310750
0.305088
0.307166
0.271063
0.283629
0.319776
0.246945
0.239627
0.271054
0.319743
0.319430
0.334804
0.346917
0.357826
0.364746
0.338445
0.315329
0.353443
0.265705
0.313793
0.256179
0.375798
0.313185
0.386791
0.396641
0.441467
0.419905
0.930033
0.956764
0.665089
0.391072
0.371548
0.321903
0.340979
0.302789
0.272311
0.288285
0.343702
0.377334
0.422525
0.535123
0.590713
0.507486
0.409260
0.353142
0.402046
0.295767
0.321779
0.322258
0.295502
0.203745
0.250769
0.411057
0.434787
0.446222
0.426219
0.424831
0.372517
0.314854
0.317692
0.324148
0.332631
0.318918
0.300730
0.291251
0.295672
0.290436
0.307085
0.339321
0.336780
0.324103
0.294932
0.291705
0.290929
0.279983
0.270415
0.290969
0.310246
0.267040
0.275014
0.277942
0.264224
0.264747
0.271160
0.281477
0.284990
0.331093
0.357334
0.358721
0.409527
0.418138
0.425533
0.389541
0.330218
0.277984
0.251873
0.249648
0.264251
0.264837
0.261968
0.262191
0.261954
0.284411
0.301047
0.313917
0.377208
0.435977
0.424864
0.427385
0.387080
0.362086
0.349009
0.371184
0.422968
0.449303
0.472325
0.393544
0.322858
0.288086
0.284472
0.277874
0.287480
0.283504
0.267698
0.265892
0.251773
0.247179
0.245973
0.256542
0.277885
0.301273
0.310027
0.295756
0.284814
0.278401
0.279700
0.262094
0.268558
0.275443
0.286125
0.314148
0.300767
0.314970
0.307993
0.286453
0.287604
0.277222
0.276897
0.281160
0.289359
0.290102
0.283411
0.304524
0.326937
0.386657
0.378185
0.389452
0.360259
0.331508
0.312854
0.304382
0.296630
0.304419
0.304881
0.350177
0.372532
0.404278
0.405550
0.384637
0.362046
0.320323
0.293046
0.274720
0.263597
0.270623
0.271641
0.258181
0.249650
0.249047
0.250691
0.268823
0.271691
0.269266
0.269851
0.268945
0.281396
0.276893
0.267187
0.269310
0.271542
0.268752
0.267195
0.263825
0.271087
0.273896
0.283545
0.282286
0.288403
0.292333
0.299516
0.295986
0.292243
0.301150
0.300354
0.306409
0.313932
0.319586
0.336623
0.381882
0.397150
0.395899
0.375218
0.334413
0.314670
0.315633
0.321164
0.315631
0.306128
0.308014
0.319022
0.364720
0.372804
0.401199
0.368049
0.338284
0.278767
0.244903
0.226844
0.227553
0.235388
0.255173
0.250813
0.239882
0.246665
0.262047
0.260809
0.262606
0.287545
0.313833
0.350613
0.388868
0.395086
0.418025
0.429943
0.417907
0.369285
0.340303
0.309551
0.290731
0.279064
0.287614
0.279515
0.285341
0.297464
0.352997
0.376876
0.363474
0.347900
0.318134
0.288935
0.283394
0.283238
0.297899
0.306726
0.348374
0.379731
0.392317
0.465431
0.443967
0.446272
0.422772
0.437741
0.412856
0.327957
0.302065
0.303840
0.289230
0.268083
0.251056
0.254375
0.261946
0.250493
0.251260
0.256927
0.299625
0.278963
0.313757
0.339696
0.364222
0.358648
0.356346
0.324196
0.296874
0.260977
0.254183
0.257469
0.256408
0.264253
0.259699
0.266128
0.271576
0.290956
0.290248
0.302342
0.308286
0.337358
0.382975
0.438855
0.441230
0.449023
0.442744
0.424720
0.360873
0.329054
0.300904
0.302198
0.302335
0.308843
0.334286
0.326122
0.284124
0.277417
0.260729
0.263863
0.269472
0.275768
0.271798
0.312206
0.373570
0.407299
0.454375
0.430395
0.437543
0.396147
0.392753
0.345340
0.326271
0.329942
0.351896
0.357653
0.355886
0.349120
0.325845
0.280870
0.248205
0.222720
0.211333
0.223344
0.235911
0.231364
0.232700
0.247793
0.259301
0.282113
0.300193
0.300826
0.299663
0.305008
0.338977
0.395212
0.399958
0.406587
0.397062
0.363585
0.337197
0.344759
0.341233
0.343510
0.318483
0.302205
0.294664
0.297224
0.300869
0.307223
0.289200
0.290008
0.288449
0.288630
0.296061
0.283358
0.277239
0.270973
0.290412
0.327975
0.340366
0.335788
0.325744
0.296610
0.290004
0.269216
0.272977
0.350537
0.307326
0.309540
0.289102
0.289096
0.268980
0.265951
0.297368
0.295982
0.347605
0.394689
0.481326
0.497174
0.486664
0.453755
0.443250
0.348420
0.300791
0.289219
0.303522
0.300150
0.284887
0.332658
0.362758
0.373780
0.371373
0.351224
0.321056
0.290838
0.297228
0.299180
0.278808
0.275095
0.268207
0.277094
0.254346
0.259949
0.275433
0.324002
0.375078
0.423274
0.446533
0.423878
0.423832
0.392509
0.363668
0.340332
0.322119
0.325564
0.284319
0.247801
0.231385
0.228164
0.244117
0.221037
0.236550
0.247670
0.277486
0.290923
0.349677
0.372514
0.374012
0.355664
0.381283
0.379054
0.370673
0.369677
0.374281
0.423485
0.421734
0.523646
0.690026
0.704880
0.676097
0.618815
0.510102
0.392706
0.312744
0.297673
0.307004
0.315888
0.311555
0.314369
0.327397
0.330963
0.332444
0.309237
0.335065
0.331799
0.302351
0.304461
0.340316
0.350938
0.364837
0.359293
0.372269
0.346036
0.293820
0.312504
0.334507
0.310278
0.317292
0.289794
0.276734
0.263991
0.263649
0.264950
0.287337
0.266452
0.263863
0.248642
0.245025
0.247328
0.250926
0.250983
0.252213
0.265358
0.270268
0.286645
0.283003
0.284067
0.272520
0.292351
0.290127
0.304769
0.302132
0.325293
0.337505
0.344412
0.321678
0.339563
0.388944
0.407697
0.411130
0.393936
0.347513
0.329269
0.340733
0.368142
0.393249
0.410062
0.394943
0.363975
0.308129
0.279969
0.279990
0.279751
0.277782
0.282062
0.283667
0.267111
0.275287
0.267400
0.263319
0.266575
0.257197
0.247137
0.237025
0.260631
0.271544
0.327434
0.341046
0.333624
0.316157
0.288224
0.257542
0.258523
0.255574
0.266912
0.268643
0.272402
0.276521
0.290741
0.306743
0.303715
0.314983
0.309582
0.321154
0.320987
0.306114
0.318318
0.304352
0.305137
0.393941
0.391751
0.372718
0.369882
0.345961
0.352036
0.310540
0.298983
0.303886
0.298609
0.339341
0.298251
0.316141
0.396422
0.361322
0.404002
0.431037
0.543080
0.834928
0.930394
0.848456
0.562737
0.509998
0.401376
0.551548
0.463539
0.407528
0.309537
0.319013
0.318148
0.296349
0.301603
0.396576
0.412776
0.410718
0.372465
0.356086
0.349068
0.377956
0.381542
0.430406
0.419437
0.404143
0.387237
0.351485
0.310269
0.303866
0.351426
0.349889
0.363345
0.353932
0.343868
0.290143
0.268285
0.264497
0.249080
0.256373
0.250174
0.242798
0.236850
0.259492
0.281286
0.306120
0.329798
0.333492
0.346502
0.316350
0.314998
0.337272
0.372504
0.483948
0.549476
0.580956
0.624786
0.554489
0.509627
0.487894
0.471482
0.486772
0.388450
0.356812
0.322754
0.316416
0.281865
0.262107
0.258912
0.258477
0.242830
0.259274
0.260100
0.260273
0.264937
0.301407
0.314736
0.319224
0.328025
0.326671
0.326212
0.308601
0.293569
0.256580
0.260935
0.266431
0.265223
0.255626
0.251930
0.262566
0.275211
0.280431
0.282647
0.281385
0.289754
0.304642
0.324297
0.337729
0.355071
0.389327
0.395204
0.404346
0.376348
0.349486
0.389260
0.458177
0.468557
0.454451
0.398590
0.355696
0.319188
0.287347
0.279382
0.281862
0.280654
0.342292
0.353973
0.339902
0.303374
0.258520
0.237672
0.233603
0.239965
0.247237
0.255364
0.261695
0.268877
0.296576
0.342312
0.353323
0.377694
0.379507
0.394767
0.370718
0.346756
0.325179
0.294584
0.298564
0.286105
0.283458
0.282021
0.286753
0.279959
0.294729
0.331695
0.339576
0.326569
0.318826
0.319745
0.301059
0.302188
0.309623
0.327901
0.330116
0.356729
0.362259
0.380514
0.356263
0.331318
0.285813
0.262350
0.263357
0.264888
0.265379
0.265325
0.275915
0.285902
0.302629
0.296678
0.278915
0.278341
0.270774
0.279392
0.282153
0.291099
0.305538
0.348255
0.347959
0.353057
0.319438
0.295554
0.268711
0.261237
0.265262
0.270091
0.267766
0.270333
0.270933
0.271791
0.291801
0.308935
0.299306
0.289510
0.291996
0.294666
0.304309
0.301317
0.299044
0.336596
0.328729
0.312441
0.306054
0.304995
0.299168
0.298963
0.319806
0.383697
0.446366
0.449063
0.456851
0.465724
0.401130
0.349433
0.307924
0.314403
0.315396
0.335224
0.445321
0.481134
0.524317
0.467367
0.424475
0.332404
0.306185
0.311419
0.310274
0.340161
0.326864
0.276033
0.269933
0.236537
0.232258
0.223011
0.241043
0.237051
0.262097
0.269096
0.284198
0.301960
0.308065
0.324271
0.332973
0.340022
0.325090
0.326167
0.323745
0.322844
0.322309
0.316158
0.319206
0.328474
0.350714
0.374345
0.411950
0.525864
0.549407
0.561548
0.559061
0.495065
0.450544
0.474981
0.412779
0.400021
0.358672
0.338005
0.310325
0.268814
0.250188
0.242103
