# Predictions (Probabilities)
0.504229
0.512870
0.487632
0.379793
0.370946
0.339748
0.327303
0.326456
0.320549
0.320082
0.339909
0.391093
0.423773
0.402550
0.360096
0.324074
0.305947
0.300041
0.305110
0.307601
0.302358
0.287310
0.281487
0.275173
0.298576
0.296073
0.321593
0.288633
0.290938
0.281297
0.277863
0.281462
0.287497
0.289671
0.291240
0.291435
0.288541
0.297901
0.291380
0.303334
0.298036
0.311486
0.321182
0.339115
0.342934
0.339079
0.299194
0.281554
0.266081
0.253381
0.256973
0.259570
0.260654
0.257984
0.262896
0.270514
0.277797
0.284821
0.289816
0.286231
0.289045
0.296160
0.299733
0.304467
0.299324
0.301832
0.291797
0.292694
0.283872
0.278837
0.277300
0.282646
0.282113
0.279686
0.282135
0.281479
0.282733
0.282409
0.285528
0.287918
0.285514
0.292884
0.292412
0.297672
0.303778
0.318961
0.324373
0.344453
0.368786
0.406086
0.421281
0.410341
0.394801
0.348952
0.324420
0.321534
0.312044
0.300838
0.291256
0.282654
0.287600
0.307795
0.330837
0.359492
0.358104
0.332485
0.293972
0.273887
0.272878
0.268539
0.280486
0.281968
0.291895
0.282394
0.280624
0.280606
0.289958
0.297702
0.325158
0.337169
0.340205
0.329341
0.308042
0.297438
0.281507
0.272095
0.270070
0.269513
0.274477
0.272357
0.269771
0.267671
0.263657
0.270106
0.273220
0.284575
0.281432
0.296213
0.286449
0.308291
0.315641
0.327339
0.372531
0.440280
0.447045
0.440621
0.437707
0.363102
0.304534
0.286605
0.287878
0.285109
0.275897
0.275944
0.283650
0.277023
0.290730
0.283429
0.290381
0.300002
0.313447
0.292145
0.291493
0.293438
0.300640
0.308920
0.315212
0.324161
0.314954
0.315923
0.309269
0.323083
0.345247
0.352515
0.358299
0.323499
0.306904
0.300739
0.289555
0.293740
0.297614
0.327312
0.359055
0.381085
0.372388
0.350424
0.305610
0.272296
0.263886
0.276396
0.277497
0.269990
0.275357
0.278072
0.306474
0.337942
0.346801
0.348298
0.323745
0.295206
0.278447
0.260048
0.269183
0.275886
0.272170
0.275324
0.270415
0.268489
0.265904
0.246664
0.254580
0.256148
0.268756
0.263973
0.270792
0.265689
0.285983
0.307467
0.348574
0.331298
0.293292
0.306110
0.301393
0.213233
0.203628
0.230044
0.210542
0.185267
0.234868
0.122209
0.148459
0.089645
0.204659
0.080395
0.194607
0.147873
0.145824
0.095143
0.141389
0.151980
0.167757
0.160094
0.230915
0.306008
0.747426
0.983978
0.816677
0.293685
0.219149
0.177642
0.228921
0.190725
0.183194
0.117527
0.174129
0.137437
0.226347
0.198241
0.243151
0.178524
0.243105
0.228016
0.291610
0.233745
0.213977
0.205548
0.183251
0.196795
0.191323
0.270704
0.240711
0.276413
0.284964
0.309690
0.302336
0.282885
0.272444
0.290641
0.330910
0.358103
0.362209
0.348605
0.344798
0.318292
0.311702
0.292441
0.287765
0.290320
0.290164
0.280753
0.281264
0.292704
0.320514
0.334724
0.336719
0.306098
0.285905
0.285018
0.290399
0.293348
0.291696
0.297333
0.299734
0.291313
0.290154
0.280156
0.274823
0.278561
0.280583
0.286508
0.286612
0.282130
0.287412
0.285355
0.292033
0.292989
0.310320
0.309653
0.299944
0.300153
0.288938
0.270809
0.272789
0.274115
0.271158
0.270681
0.271063
0.270468
0.271977
0.275299
0.282477
0.288249
0.293137
0.295398
0.292131
0.298590
0.310201
0.320246
0.317698
0.296033
0.305745
0.304107
0.291256
0.284583
0.321885
0.318920
0.348010
0.370289
0.377901
0.336583
0.320271
0.314376
0.247607
0.255205
0.299795
0.302578
0.279212
0.331139
0.518762
0.712759
0.849249
0.864518
0.683927
0.359255
0.279950
0.292251
0.296682
0.310034
0.348270
0.330995
0.364435
0.311377
0.280717
0.274718
0.317260
0.296709
0.277122
0.298822
0.324442
0.341757
0.292194
0.315176
0.331867
0.309332
0.268753
0.295361
0.333538
0.324237
0.319602
0.321541
0.303999
0.279821
0.280833
0.280088
0.285144
0.283592
0.293639
0.287156
0.285839
0.280758
0.286408
0.288815
0.296343
0.298714
0.297139
0.294210
0.290885
0.302548
0.320594
0.348107
0.332931
0.326336
0.289111
0.279824
0.266833
0.271613
0.270150
0.267134
0.267636
0.267882
0.268994
0.270158
0.274681
0.282378
0.286023
0.286372
0.298969
0.305740
0.326739
0.351264
0.381345
0.398735
0.393531
0.372571
0.330077
0.290089
0.281105
0.275639
0.274779
0.274256
0.276930
0.274523
0.270303
0.270126
0.267359
0.269977
0.274536
0.277296
0.287920
0.288857
0.291090
0.289542
0.279637
0.280308
0.288247
0.286060
0.288473
0.289492
0.301049
0.319580
0.355654
0.391869
0.412689
0.408335
0.351559
0.336292
0.308077
0.319600
0.330671
0.324634
0.303722
0.303752
0.291898
0.293483
0.282470
0.283700
0.279835
0.277935
0.281071
0.291987
0.298864
0.294937
0.292205
0.276760
0.266381
0.259164
0.266476
0.260707
0.277742
0.272532
0.268269
0.262669
0.270274
0.280157
0.319092
0.333341
0.357448
0.343062
0.312143
0.311665
0.306608
0.298384
0.299422
0.336861
0.335015
0.314585
0.302369
0.288004
0.282388
0.277221
0.284517
0.296699
0.321509
0.318094
0.292952
0.285037
0.272987
0.267630
0.269738
0.264641
0.265763
0.283165
0.301822
0.337548
0.351210
0.344172
0.332112
0.303602
0.306799
0.309691
0.286667
0.283750
0.291718
0.293344
0.288398
0.333611
0.360590
0.382926
0.343624
0.305389
0.277267
0.263854
0.269701
0.285403
0.281191
0.270465
0.281198
0.306767
0.337400
0.359307
0.354294
0.324495
0.316286
0.312150
0.308347
0.308127
0.320594
0.316241
0.350340
0.382472
0.382068
0.374747
0.323869
0.285469
0.255809
0.245545
0.259840
0.270807
0.259629
0.253787
0.249151
0.241310
0.246829
0.254957
0.258010
0.265616
0.274235
0.285777
0.304811
0.315521
0.327793
0.340668
0.342237
0.360842
0.383685
0.417715
0.422501
0.435085
0.451484
0.380311
0.329291
0.330760
0.302123
0.294133
0.271627
0.264193
0.252761
0.253353
0.257142
0.245339
0.251767
0.250487
0.282078
0.330212
0.365291
0.358063
0.342246
0.313053
0.314864
0.291685
0.295022
0.301182
0.297661
0.326007
0.334628
0.339682
0.324193
0.301829
0.285915
0.272982
0.273829
0.277817
0.275033
0.289727
0.288037
0.287656
0.298041
0.290041
0.313631
0.290928
0.294599
0.292617
0.300532
0.306439
0.310399
0.311063
0.304565
0.301440
0.295626
0.292551
0.283394
0.285360
0.279821
0.279682
0.278196
0.285283
0.287859
0.285878
0.275072
0.257121
0.250370
0.254667
0.260456
0.269155
0.269952
0.269329
0.276289
0.297562
0.310724
0.323657
0.377406
0.402971
0.405659
0.374762
0.344981
0.294778
0.289435
0.271787
0.285222
0.280598
0.279346
0.285480
0.287306
0.285947
0.289780
0.295577
0.293608
0.309093
0.310274
0.323337
0.324738
0.328298
0.328006
0.326753
0.318306
0.327999
0.348102
0.322738
0.319178
0.302811
0.307846
0.308052
0.330627
0.317959
0.337101
0.319525
0.290190
0.217306
0.203877
0.203304
0.206201
0.175685
0.179751
0.169829
0.179642
0.177789
0.217409
0.217829
0.236450
0.156239
0.236652
0.127926
0.310671
0.209914
0.303980
0.167012
0.243686
0.258473
0.278543
0.239426
0.307481
0.306340
0.832295
0.969954
0.621716
0.241850
0.214937
0.175405
0.255202
0.264395
0.262086
0.203879
0.247960
0.208843
0.266104
0.252558
0.321409
0.244497
0.240177
0.213157
0.217042
0.154978
0.216943
0.194879
0.220394
0.141557
0.155852
0.206973
0.205163
0.276523
0.271550
0.310832
0.315483
0.297801
0.290921
0.289776
0.298098
0.300167
0.304289
0.325583
0.360651
0.406919
0.410791
0.347794
0.358532
0.356181
0.358535
0.357258
0.369182
0.394908
0.386597
0.385191
0.351438
0.316692
0.282957
0.282564
0.247825
0.243092
0.248770
0.246583
0.242964
0.234595
0.234315
0.230979
0.244968
0.252047
0.255277
0.262549
0.267335
0.275327
0.271097
0.278181
0.293123
0.309980
0.327693
0.352881
0.349862
0.368394
0.377386
0.366761
0.381274
0.403823
0.411121
0.393818
0.337286
0.301591
0.278757
0.285304
0.282699
0.278111
0.266789
0.266714
0.270248
0.278349
0.285940
0.283766
0.280738
0.274445
0.278961
0.276518
0.278864
0.290298
0.300926
0.313995
0.315942
0.306431
0.310908
0.320279
0.326761
0.326950
0.307083
0.302496
0.292758
0.283432
0.283763
0.275476
0.274686
0.273175
0.273132
0.270265
0.272838
0.291568
0.286146
0.277448
0.279930
0.272509
0.262761
0.273851
0.283749
0.275728
0.284735
0.311752
0.321417
0.373473
0.439170
0.444201
0.450323
0.403235
0.349776
0.305201
0.302968
0.306343
0.325217
0.315347
0.320105
0.322295
0.294404
0.278377
0.267380
0.268056
0.247157
0.253668
0.251391
0.259364
0.256420
0.258566
0.252002
0.258909
0.263144
0.281435
0.289735
0.297086
0.316169
0.313205
0.321561
0.314662
0.306381
0.300494
0.300419
0.306143
0.312037
0.344811
0.358786
0.346727
0.322526
0.304867
0.307165
0.312868
0.316869
0.351020
0.349014
0.313127
0.313720
0.291445
0.274510
0.277407
0.283254
0.283498
0.277465
0.278796
0.298349
0.293014
0.150532
0.133429
0.054540
0.192006
0.164000
0.117724
0.114542
0.188413
0.188913
0.176196
0.147478
0.235488
0.154484
0.050734
0.083187
0.181784
0.147828
0.180056
0.139724
0.157926
0.274602
0.184000
0.244750
0.238516
0.298034
0.776790
0.984204
0.950792
0.336214
0.286149
0.214446
0.253806
0.305903
0.257962
0.263935
0.340645
0.335052
0.321235
0.226890
0.286764
0.333091
0.266851
0.221677
0.236619
0.285377
0.226578
0.198839
0.226028
0.252114
0.317556
0.327161
0.333605
0.332892
0.338526
0.225675
0.268064
0.267912
0.296174
0.288131
0.268330
0.278730
0.284941
0.265554
0.265368
0.278105
0.242543
0.190240
0.170954
0.210321
0.223130
0.207608
0.220359
0.220182
0.259012
0.253039
0.184975
0.193972
0.213003
0.153574
0.187950
0.197630
0.188418
0.219007
0.130458
0.147384
0.234653
0.245948
0.265645
0.233031
0.323098
0.345415
0.967088
0.968573
0.536399
0.258928
0.235250
0.202034
0.237323
0.203065
0.218158
0.187751
0.221542
0.190287
0.198395
0.230740
0.253595
0.220015
0.206991
0.236691
0.264510
0.246372
0.247016
0.271503
0.266988
0.229742
0.229099
0.207706
0.210107
0.264464
0.237510
0.251033
0.304523
0.318903
0.324601
0.336982
0.343744
0.406801
0.494284
0.513767
0.469365
0.453638
0.399904
0.297310
0.276643
0.272829
0.274347
0.251956
0.246691
0.252207
0.253923
0.261057
0.262446
0.279239
0.278675
0.275715
0.276025
0.296658
0.297441
0.299722
0.316760
0.326985
0.332685
0.324895
0.361366
0.387433
0.410288
0.425769
0.420975
0.386602
0.347630
0.307964
0.312863
0.303688
0.302211
0.296898
0.295867
0.299305
0.314235
0.318943
0.319115
0.310340
0.290007
0.280207
0.270786
0.270779
0.270843
0.274702
0.263721
0.259010
0.257864
0.261041
0.261776
0.265357
0.264762
0.271283
0.271681
0.293297
0.310594
0.331679
0.341828
0.346667
0.319201
0.317718
0.314848
0.313834
0.316938
0.324814
0.328035
0.314225
0.311159
0.305391
0.301665
0.302555
0.300589
0.291193
0.284175
0.296991
0.314528
0.328877
0.312307
0.295880
0.284248
0.262481
0.256307
0.245002
0.250627
0.256043
0.264266
0.259965
0.264575
0.263827
0.269690
0.282975
0.288729
0.320564
0.351637
0.415767
0.397533
0.397762
0.360418
0.353667
0.349901
0.355491
0.383127
0.391995
0.382769
0.374787
0.321787
0.287708
0.257000
0.244783
0.248611
0.246902
0.251586
0.256182
0.259797
0.267365
0.283218
0.297604
0.318129
0.340318
0.367098
0.371095
0.370384
0.357746
0.331727
0.326882
0.312700
0.306960
0.299551
0.295730
0.295286
0.285654
0.277829
0.274983
0.275921
0.276661
0.273678
0.267909
0.271731
0.268908
0.269975
0.273379
0.278829
0.283248
0.281957
0.285297
0.288732
0.290533
0.301535
0.312031
0.335846
0.321353
0.312833
0.306300
0.298529
0.282346
0.278975
0.287499
0.288425
0.287368
0.281569
0.286669
0.251748
0.259025
0.256684
0.265556
0.260723
0.279028
0.273571
0.269835
0.310973
0.320226
0.325215
0.354231
0.367916
0.336802
0.349983
0.309613
0.277901
0.254325
0.283661
0.267356
0.247743
0.243303
0.243095
0.247016
0.252952
0.299473
0.235139
0.275131
0.258602
0.251307
0.183281
0.213173
0.242481
0.267709
0.246518
0.276086
0.344834
0.757861
0.943231
0.830982
0.443727
0.256797
0.254863
0.273906
0.271859
0.264306
0.263906
0.241972
0.231861
0.237238
0.229164
0.255209
0.233587
0.236124
0.247964
0.258376
0.241403
0.239906
0.278836
0.258443
0.249642
0.242134
0.246357
0.260872
0.246049
0.297995
0.314798
0.328339
0.321805
0.311014
0.298183
0.288428
0.291395
0.294625
0.309945
0.302149
0.294895
0.293146
0.286126
0.281224
0.275958
0.283721
0.281136
0.271001
0.277247
0.271700
0.270575
0.276421
0.279059
0.276895
0.282248
0.305740
0.314434
0.338617
0.354283
0.373585
0.368488
0.351772
0.323182
0.326927
0.312198
0.314847
0.303883
0.281646
0.269379
0.273951
0.273285
0.272921
0.267098
0.270827
0.274008
0.278933
0.286233
0.285277
0.284515
0.286443
0.290962
0.294487
0.294699
0.294758
0.298722
0.303060
0.302519
0.305846
0.307651
0.305063
0.292708
0.288988
0.276056
0.274870
0.279238
0.279830
0.276488
0.276523
0.279038
0.287656
0.332681
0.339940
0.351753
0.314027
0.322113
0.309451
0.310781
0.308540
0.323369
0.367772
0.360976
0.357776
0.324859
0.306080
0.266893
0.265482
0.259479
0.261503
0.259736
0.262592
0.256094
0.250631
0.264731
0.258724
0.271620
0.268294
0.278794
0.270238
0.302608
0.318188
0.369100
0.401825
0.439854
0.485696
0.511180
0.468386
0.437552
0.443988
0.497222
0.445185
0.397769
0.336753
0.299032
0.271662
0.250552
0.238831
0.203931
0.207567
0.221074
0.200493
0.225235
0.246943
0.237400
0.205183
0.235681
0.288349
0.216902
0.224021
0.303024
0.302781
0.279128
0.321871
0.377521
0.694630
0.867013
0.910300
0.555337
0.301751
0.224633
0.222299
0.237738
0.228233
0.251724
0.267241
0.305676
0.276212
0.246023
0.250633
0.290374
0.263798
0.242592
0.264178
0.266818
0.270334
0.270274
0.267444
0.272025
0.269492
0.257141
0.257716
0.292221
0.333580
0.344252
0.317446
0.308250
0.294444
0.280167
0.274776
0.283728
0.288281
0.329185
0.357720
0.376692
0.348212
0.313421
0.276234
0.251583
0.259303
0.275258
0.261039
0.273035
0.294117
0.326443
0.400464
0.461569
0.448799
0.429644
0.380175
0.351360
0.305694
0.299526
0.311603
0.313537
0.345919
0.340988
0.352260
0.342999
0.296361
0.266204
0.277686
0.291594
0.287259
0.292587
0.303117
0.298157
0.296360
0.327109
0.347744
0.355146
0.360642
0.334746
0.334500
0.340541
0.344291
0.338140
0.332007
0.309648
0.303905
0.296346
0.283870
0.272460
0.254261
0.244833
0.242822
0.242917
0.251283
0.248231
0.243561
0.244188
0.252819
0.266076
0.287107
0.311137
0.325288
0.317275
0.301761
0.293838
0.293927
0.293016
0.293006
0.298260
0.296228
0.289597
0.286094
0.293718
0.296378
0.297409
0.321473
0.306499
0.303683
0.297773
0.292811
0.295026
0.292899
0.289875
0.291976
0.283393
0.282807
0.281001
0.287573
0.289042
0.296112
0.328661
0.335060
0.349052
0.327633
0.312213
0.308220
0.304853
0.295329
0.294938
0.286946
0.286321
0.285705
0.282803
0.281531
0.282809
0.290396
0.280451
0.278426
0.282085
0.272809
0.277960
0.280287
0.290944
0.284211
0.317978
0.355646
0.383536
0.441989
0.444565
0.437777
0.424532
0.376191
0.324077
0.303745
0.297569
0.300903
0.319777
0.291728
0.286910
0.286545
0.278080
0.264293
0.266588
0.277204
0.278192
0.279637
0.282166
0.294589
0.279244
0.290414
0.280937
0.287750
0.275977
0.279787
0.269786
0.265463
0.254404
0.261768
0.259588
0.259594
0.257321
0.260406
0.264590
0.270183
0.276713
0.279501
0.284905
0.299450
0.307039
0.318988
0.315712
0.323940
0.334483
0.339836
0.348972
0.406228
0.425072
0.437238
0.410783
0.367785
0.319013
0.294893
0.306062
0.304622
0.293311
0.283893
0.280737
0.264059
0.261988
0.259189
0.258678
0.261270
0.299565
0.305591
0.290257
0.289093
0.295110
0.307372
0.265417
0.320328
0.280409
0.304467
0.324985
0.394930
0.359293
0.421375
0.283099
0.262927
0.245075
0.249540
0.287201
0.228048
0.250575
0.277658
0.256549
0.273607
0.267082
0.352601
0.748867
0.942951
0.808842
0.452915
0.391721
0.346538
0.347098
0.337096
0.324933
0.391910
0.415191
0.489809
0.447697
0.402708
0.324312
0.336089
0.312207
0.317467
0.289681
0.272845
0.288685
0.299641
0.287127
0.237490
0.260334
0.276849
0.292766
0.289544
0.316056
0.314843
0.313349
0.333297
0.344782
0.389223
0.382405
0.373790
0.347903
0.321258
0.294373
0.283567
0.270117
0.269292
0.280133
0.281844
0.281511
0.276294
0.277455
0.270299
0.267884
0.265595
0.268689
0.277786
0.297907
0.305428
0.286171
0.280809
0.258705
0.259354
0.256495
0.263224
0.260386
0.261680
0.271938
0.284228
0.300490
0.309424
0.321153
0.336260
0.336571
0.313929
0.305621
0.285361
0.296386
0.299153
0.301803
0.288396
0.300805
0.314930
0.327358
0.349276
0.363933
0.400298
0.396954
0.398747
0.397370
0.383540
0.386118
0.360209
0.350411
0.312260
0.297813
0.297544
0.291326
0.274838
0.265556
0.263379
0.245757
0.246919
0.254893
0.262569
0.261356
0.271489
0.288331
0.284323
0.304851
0.321375
0.348403
0.363302
0.432047
0.468624
0.529314
0.540327
0.524693
0.451234
0.365077
0.315690
0.292662
0.244250
0.248744
0.238776
0.260479
0.312284
0.292465
0.268125
0.273703
0.251109
0.238158
0.233656
0.306023
0.224544
0.287732
0.218583
0.256707
0.264594
0.326030
0.341537
0.308711
0.340425
0.809074
0.976125
0.783458
0.341355
0.255065
0.254108
0.260996
0.280979
0.267021
0.240951
0.278652
0.297313
0.327553
0.314236
0.363528
0.284701
0.244101
0.252447
0.266502
0.221021
0.253002
0.269049
0.235358
0.218062
0.231889
0.284740
0.240569
0.244436
0.292960
0.256483
0.257513
0.329715
0.345400
0.350880
0.331618
0.306011
0.301021
0.282366
0.265148
0.263356
0.259776
0.258923
0.271549
0.276935
0.276116
0.299911
0.296780
0.306686
0.340290
0.354774
0.358424
0.341468
0.316665
0.288228
0.275543
0.266691
0.269804
0.281710
0.279352
0.281249
0.276482
0.275077
0.280532
0.290765
0.303190
0.321774
0.343523
0.335059
0.353539
0.342519
0.371735
0.376034
0.382390
0.352656
0.329648
0.303652
0.296636
0.290475
0.292827
0.289387
0.303025
0.347650
0.357130
0.355030
0.331616
0.297782
0.262129
0.258135
0.253487
0.256422
0.256101
0.260290
0.255698
0.254856
0.261290
0.254327
0.259353
0.250955
0.259238
0.261075
0.268233
0.267848
0.275496
0.300560
0.296691
0.316841
0.315428
0.326122
0.334027
0.350191
0.365975
0.416261
0.376861
0.364674
0.370742
0.335389
0.322348
0.321773
0.350784
0.415253
0.457173
0.448173
0.408603
0.378464
0.341255
0.285499
0.238898
0.238466
0.244707
0.240881
0.234087
0.224830
0.224506
0.232040
0.255500
0.262019
0.266079
0.256933
0.273039
0.287520
0.298826
0.314708
0.354541
0.373949
0.361883
0.356028
0.333481
0.324438
0.306784
0.317918
0.315288
0.351149
0.397550
0.399949
0.366948
0.326324
0.299262
0.294970
0.295999
0.298119
0.290485
0.280530
0.286949
0.293537
0.325600
0.336938
0.331746
0.296435
0.276819
0.246998
0.255255
0.255947
0.266660
0.257606
0.256949
0.253242
0.283507
0.293894
0.294216
0.290541
0.289186
0.291911
0.276919
0.273942
0.299563
0.309106
0.309300
0.310100
0.312386
0.310776
0.293586
0.290839
0.270506
0.280803
0.301239
0.366403
0.354406
0.381790
0.282713
0.263409
0.244031
0.247874
0.252398
0.297261
0.239170
0.313291
0.281014
0.310807
0.262420
0.270477
0.230411
0.264575
0.307309
0.335529
0.298219
0.313901
0.376192
0.964365
0.949340
0.472502
0.360859
0.348408
0.345974
0.348289
0.396840
0.301436
0.263838
0.291476
0.231928
0.255911
0.245990
0.285621
0.261056
0.290269
0.283797
0.306792
0.318542
0.369811
0.330950
0.304577
0.291792
0.297114
0.296650
0.268941
0.323572
0.369170
0.379064
0.389922
0.379625
0.360461
0.302538
0.258418
0.231292
0.224943
0.226926
0.224176
0.224675
0.226229
0.238521
0.253396
0.259232
0.275173
0.262123
0.276407
0.273669
0.302542
0.306376
0.325314
0.359722
0.370703
0.381159
0.365930
0.361479
0.312968
0.284845
0.272411
0.269561
0.284569
0.283248
0.280039
0.274240
0.284813
0.305044
0.330457
0.348607
0.341627
0.346917
0.333614
0.336184
0.318420
0.332230
0.374018
0.375807
0.366372
0.314791
0.302277
0.283258
0.277724
0.277500
0.274448
0.277434
0.304515
0.321072
0.319135
0.297678
0.281661
0.277167
0.269788
0.273207
0.270588
0.270172
0.272391
0.278508
0.272754
0.268146
0.273185
0.294641
0.294131
0.301093
0.291872
0.287732
0.293145
0.304400
0.294723
0.300260
0.295297
0.299763
0.322007
0.317612
0.324735
0.360621
0.344411
0.318559
0.258828
0.300922
0.324740
0.306657
0.338936
0.383010
0.723348
0.834874
0.880104
0.727615
0.490934
0.366942
0.314975
0.312170
0.338562
0.323694
0.347922
0.351566
0.359673
0.302748
0.273883
0.284641
0.313573
0.279295
0.278160
0.294450
0.318439
0.307570
0.304310
0.313588
0.331353
0.321624
0.308508
0.314973
0.357806
0.355245
0.362716
0.337208
0.330941
0.340019
0.343341
0.342560
0.334962
0.352068
0.376983
0.516333
0.602326
0.709186
0.734317
0.743022
0.700273
0.610387
0.480575
0.401518
0.392965
0.425635
0.449724
0.416990
0.404136
0.359893
0.338062
0.294498
0.290430
0.292426
0.288520
0.281854
0.296182
0.299110
0.286848
0.279981
0.277353
0.273212
0.250130
0.256680
0.268539
0.277893
0.272534
0.274170
0.271074
0.278225
0.281385
0.278603
0.277361
0.285817
0.287273
0.291354
0.301499
0.306086
0.321354
0.309014
0.306800
0.301479
0.291657
0.291327
0.294648
0.299386
0.302107
0.294992
0.287684
0.286619
0.298556
0.315110
0.333063
0.325385
0.328820
0.310372
0.308818
0.298427
0.291676
0.287628
0.300875
0.312406
0.296948
0.297011
0.283788
0.281727
0.271117
0.279016
0.281751
0.314227
0.343767
0.360758
0.326026
0.301225
0.290852
0.286991
0.281354
0.282511
0.286821
0.301708
0.323078
0.335894
0.340663
0.305574
0.289923
0.263613
0.255311
0.257451
0.260610
0.270934
0.272894
0.271686
0.276249
0.281251
0.282190
0.284855
0.287519
0.285420
0.289964
0.291374
0.296647
0.300383
0.300447
0.301358
0.295447
0.294797
0.294721
0.294092
0.296811
0.295209
0.292481
0.289475
0.299101
0.296670
0.308223
0.349328
0.360354
0.386200
0.349635
0.320707
0.286298
0.281154
0.273180
0.278492
0.273019
0.266843
0.267650
0.270344
0.280805
0.272735
0.294279
0.296583
0.301951
0.291344
0.277974
0.290528
0.293143
0.291083
0.281567
0.294195
0.296644
0.308378
0.363653
0.351799
0.342907
0.355813
0.314725
0.266038
0.251189
0.274214
0.268461
0.266867
0.324287
0.479910
0.780169
0.903102
0.810363
0.540986
0.399362
0.394286
0.312694
0.317357
0.310219
0.304264
0.294711
0.301035
0.290178
0.275263
0.286682
0.304221
0.290323
0.290207
0.301482
0.316350
0.332416
0.369572
0.385184
0.423059
0.439029
0.444002
0.404033
0.400195
0.367917
0.344655
0.332145
0.317863
0.302418
0.277572
0.280759
0.275907
0.310389
0.311087
0.321866
0.289742
0.281604
0.253166
0.248419
0.254129
0.254577
0.261792
0.253825
0.253641
0.252962
0.266265
0.269672
0.284405
0.279535
0.288403
0.288738
0.293812
0.286317
0.303728
0.307175
0.310399
0.306602
0.306449
0.306932
0.306967
0.309025
0.308717
0.302756
0.306292
0.307690
0.299259
0.292089
0.287329
0.291738
0.297305
0.297655
0.289395
0.272496
0.265452
0.262643
0.262986
0.265104
0.268158
0.279045
0.274797
0.284594
0.280777
0.301711
0.316841
0.317420
0.311049
0.308069
0.281775
0.302790
0.277404
0.277114
0.270289
0.268062
0.261584
0.270132
0.306946
0.319114
0.445293
0.441954
0.408689
0.372319
0.394435
0.423075
0.326928
0.295028
0.318837
0.339943
0.314996
0.325104
0.342841
0.700077
0.939904
0.857455
0.425043
0.448915
0.373596
0.347074
0.354955
0.337627
0.314959
0.309646
0.275470
0.294554
0.270095
0.283788
0.251324
0.315694
0.311885
0.285693
0.246889
0.308080
0.358521
0.339343
0.294193
0.320823
0.398699
0.394005
0.394034
0.400106
0.407988
0.378655
0.342609
0.397230
0.357082
0.357662
0.346053
0.358398
0.639186
0.941622
0.884538
0.539420
0.507137
0.350839
0.355368
0.329545
0.341591
0.412483
0.441726
0.356470
0.323662
0.254532
0.274087
0.267963
0.317987
0.334691
0.327888
0.296879
0.358347
0.345920
0.316291
0.244369
0.282014
0.296109
0.271385
0.262443
0.291836
0.306779
0.286801
0.297275
0.320055
0.342197
0.373551
0.406666
0.407923
0.398761
0.391765
0.362102
0.328516
0.321059
0.329521
0.334130
0.343449
0.333917
0.311651
0.295236
0.286534
0.286704
0.286640
0.289552
0.283926
0.274961
0.288560
0.299825
0.297868
0.282814
0.280486
0.275885
0.271776
0.279012
0.276691
0.294168
0.312059
0.291521
0.279997
0.274482
0.272453
0.279500
0.277899
0.273562
0.278941
0.280106
0.280505
0.309612
0.312919
0.335107
0.306104
0.298361
0.286001
0.275985
0.280079
0.282931
0.276565
0.275508
0.284828
0.304334
0.317958
0.300395
0.284505
0.276403
0.263385
0.265727
0.268141
0.273239
0.273289
0.280389
0.276897
0.280103
0.306478
0.307974
0.318925
0.322141
0.322056
0.343603
0.356436
0.365028
0.369475
0.348270
0.323847
0.309255
0.318780
0.313006
0.305755
0.291770
0.281319
0.266759
0.258650
0.263806
0.260952
0.254654
0.253011
0.255737
0.262222
0.298710
0.302129
0.305543
0.293707
0.292154
0.305809
0.297272
0.292734
0.327387
0.328849
0.339358
0.369404
0.353588
0.359400
0.397406
0.354505
0.303368
0.271946
0.327972
0.335868
0.281915
0.332681
0.594342
0.731169
0.850892
0.864308
0.668898
0.409631
0.317072
0.320715
0.324395
0.317966
0.303202
0.296449
0.323450
0.328874
0.294896
0.308413
0.337373
0.315413
0.295681
0.317107
0.384223
0.399287
0.375255
0.388266
0.357581
0.328658
0.328813
0.342300
0.363743
0.318542
0.300283
0.283815
0.273935
0.263574
0.263678
0.271494
0.276693
0.278630
0.279182
0.284486
0.280794
0.285478
0.288644
0.289493
0.286299
0.290820
0.287560
0.283764
0.284936
0.289653
0.294001
0.315860
0.338213
0.340257
0.300728
0.298773
0.280300
0.270081
0.272103
0.276762
0.269310
0.267426
0.272071
0.280509
0.299257
0.299249
0.291085
0.287773
0.292734
0.293035
0.291901
0.288821
0.304720
0.313744
0.319471
0.327946
0.344117
0.332750
0.319904
0.311797
0.310051
0.323023
0.323743
0.324222
0.301055
0.317858
0.302075
0.297298
0.289169
0.291289
0.296408
0.288890
0.283844
0.314150
0.322275
0.332321
0.350553
0.346386
0.309220
0.330496
0.375776
0.352017
0.364133
0.390589
0.422428
0.455204
0.391344
0.509948
0.823159
0.833530
0.828956
0.734282
0.557110
0.415659
0.355583
0.305184
0.315748
0.330805
0.311056
0.302057
0.310662
0.316564
0.334366
0.358213
0.398807
0.401997
0.372244
0.369006
0.380031
0.379348
0.377466
0.391139
0.394896
0.408420
0.419400
0.423095
0.433792
0.424318
0.405196
0.407125
0.459494
0.582720
0.767488
0.825246
0.846045
0.813725
0.751646
0.684195
0.623248
0.483680
0.411640
0.367854
0.362742
0.355259
0.331041
0.326989
0.326236
0.322365
0.323310
0.335434
0.342797
0.371171
0.396924
0.395413
0.378445
0.326953
0.318314
0.296551
0.298851
0.291349
0.290970
0.275746
0.282582
0.276689
0.287596
0.296284
0.310737
0.320931
0.336713
0.363067
0.370072
0.370224
0.359863
0.410562
0.430234
0.417987
0.367052
0.349588
0.307219
0.297633
0.291953
0.288913
0.313470
0.344659
0.340135
0.307046
0.284688
0.270479
0.265884
0.254108
0.255106
0.250897
0.257893
0.258203
0.255041
0.246611
0.249730
0.252648
0.253172
0.257733
0.262607
0.268963
0.274875
0.283256
0.290947
0.302696
0.301324
0.312381
0.312698
0.329392
0.320516
0.331023
0.327091
0.327462
0.321439
0.315427
0.307817
0.301007
0.297682
0.291721
0.290017
0.290470
0.284434
0.281001
0.280926
0.274276
0.277779
0.286377
0.291919
0.285353
0.287970
0.283603
0.282418
0.283991
0.287960
0.289646
0.292400
0.299154
0.301124
0.292993
0.293492
0.295919
0.291893
0.332386
0.303203
0.315875
0.287207
0.276445
0.266059
0.284280
0.281341
0.277398
0.286979
0.288790
0.296802
0.314520
0.324255
0.315717
0.331005
0.351253
0.383669
0.445177
0.458950
0.478977
0.474222
0.429958
0.344562
0.354729
0.382184
0.370777
0.316766
0.373335
0.476442
0.752731
0.920565
0.883694
0.628370
0.527993
0.461046
0.400915
0.350660
0.350061
0.372006
0.404417
0.389007
0.377924
0.324962
0.308818
0.296898
0.312970
0.291691
0.313413
0.322001
0.340191
0.335115
0.341406
0.305493
0.356410
0.343722
0.348987
0.341655
0.386735
0.383316
0.370615
0.342775
0.317301
0.296957
0.285482
0.288603
0.289730
0.280189
0.273684
0.281148
0.290387
0.340598
0.362690
0.427477
0.410047
0.428230
0.355145
0.330687
0.316916
0.318805
0.316543
0.328229
0.333669
0.337139
0.320021
0.295123
0.281631
0.263436
0.267319
0.265905
0.260409
0.261602
0.264844
0.262421
0.245035
0.248779
0.251159
0.265804
0.304288
0.333532
0.329275
0.324620
0.295193
0.289822
0.267786
0.262224
0.267045
0.270181
0.265827
0.260016
0.261823
0.303996
0.302784
0.302423
0.288847
0.315380
0.339089
0.346109
0.393774
0.387493
0.415626
0.423616
0.370682
0.375772
0.380503
0.357079
0.362557
0.289191
0.429495
0.347837
0.298893
0.388538
0.393565
0.663549
0.932218
0.904683
0.671656
0.557949
0.442639
0.406103
0.374166
0.306055
0.283146
0.300786
0.340523
0.346769
0.303805
0.342304
0.399316
0.396127
0.377967
0.372044
0.369489
0.362432
0.350113
0.343030
0.314407
0.270864
0.304099
0.330805
0.304070
0.288280
0.319753
0.305746
0.327375
0.357064
0.372880
0.362991
0.357825
0.315149
0.299450
0.298495
0.306375
0.330716
0.336845
0.338687
0.306168
0.278504
0.262594
0.254762
0.264817
0.265573
0.257941
0.254213
0.274480
0.292487
0.315384
0.307732
0.292277
0.281778
0.279210
0.272692
0.267782
0.277717
0.284639
0.287291
0.279585
0.282418
0.282732
0.278575
0.288483
0.319202
0.325260
0.380191
0.412749
0.439259
0.412572
0.393495
0.319284
0.250909
0.250906
0.257177
0.265004
0.253556
0.255810
0.256735
0.270759
0.314174
0.307944
0.334666
0.349532
0.367445
0.367805
0.336845
0.329969
0.325989
0.319540
0.313782
0.306007
0.307150
0.305929
0.309628
0.300209
0.301386
0.307082
0.321336
0.334235
0.331533
0.312241
0.304674
0.305629
0.303895
0.303137
0.308596
0.307902
0.300198
0.290700
0.279187
0.267676
0.266481
0.267869
0.264619
0.258369
0.258167
0.271024
0.273702
0.301389
0.286779
0.283757
0.276184
0.266545
0.270371
0.269080
0.278195
0.282878
0.292401
0.287792
0.294345
0.311278
0.314604
0.320994
0.339150
0.356462
0.355362
0.341590
0.324721
0.327456
0.301953
0.306697
0.295276
0.294329
0.286816
0.282021
0.293107
0.299576
0.302600
0.299165
0.303051
0.307402
0.354051
0.348011
0.350262
0.346018
0.408921
0.497887
0.419174
0.376387
0.471739
0.471961
0.344900
0.342786
0.432293
0.693451
0.907565
0.895491
0.667938
0.584271
0.624106
0.578638
0.506328
0.377784
0.334924
0.348251
0.377381
0.382026
0.376682
0.340160
0.336955
0.337691
0.328037
0.334891
0.347646
0.349551
0.362649
0.360740
0.384222
0.395554
0.406758
0.408497
0.402569
0.365479
0.353688
0.311243
0.299496
0.280355
0.272148
0.258165
0.246197
0.248813
0.253625
0.285520
0.299373
0.315926
0.319393
0.327408
0.337994
0.378757
0.386968
0.377768
0.357167
0.336655
0.323444
0.318421
0.316769
0.313874
0.342062
0.354715
0.363835
0.326766
0.301175
0.289131
0.283069
0.282658
0.276305
0.271120
0.268261
0.268679
0.266008
0.270385
0.267825
0.275030
0.274469
0.278135
0.282864
0.283806
0.284498
0.293345
0.296423
0.306847
0.344953
0.350696
0.361781
0.358589
0.326513
0.304341
0.298438
0.289386
0.287800
0.289846
0.302319
0.317914
0.344906
0.333070
0.320513
0.342192
0.369207
0.351794
0.331962
0.333850
0.366827
0.426612
0.519388
0.647552
0.756307
0.763261
0.743439
0.665260
0.586711
0.460170
0.382292
0.353650
0.354743
0.357701
0.332399
0.318877
0.323274
0.334293
0.361232
0.425977
0.489827
0.475443
0.447836
0.430074
0.363637
0.283480
0.264716
0.279029
0.273875
0.255111
0.255198
0.260839
0.269379
0.305646
0.311383
0.344344
0.331498
0.373320
0.402739
0.437314
0.407513
0.396934
0.357638
0.341787
0.320271
0.313626
0.315446
0.310203
0.295095
0.286206
0.302132
0.288933
0.274783
0.272507
0.261839
0.260882
0.245976
0.249658
0.252200
0.256834
0.265768
0.265762
0.269410
0.279481
0.274478
0.286242
0.286752
0.300210
0.309587
0.328352
0.346878
0.369787
0.379465
0.412430
0.446787
0.449290
0.448559
0.407692
0.393889
0.368533
0.354576
0.307272
0.293538
0.280013
0.270565
0.263415
0.251823
0.247912
0.241577
0.243514
0.242545
0.241235
0.242157
0.243547
0.247004
0.253431
0.261624
0.265711
0.275197
0.285363
0.294730
0.307921
0.317240
0.327900
0.352300
0.362243
0.403390
0.400305
0.402797
0.385201
0.348323
0.344223
0.341168
0.325364
0.327341
0.325305
0.311828
0.322473
0.320696
0.317622
0.305649
0.296713
0.286091
0.293091
0.288578
0.287041
0.280147
0.277972
0.274231
0.325043
0.299244
0.308354
0.274596
0.274515
0.245875
0.242313
0.245776
0.246549
0.249633
0.251493
0.255078
0.251424
0.274588
0.266126
0.281251
0.292750
0.307306
0.307086
0.316222
0.328316
0.334411
0.330649
0.348536
0.355829
0.392860
0.382144
0.389801
0.401798
0.442162
0.448620
0.485449
0.508811
0.473567
0.443114
0.497948
0.469006
0.482706
0.492674
0.660377
0.858514
0.880531
0.750636
0.598450
0.478938
0.429939
0.356012
0.377535
0.443449
0.384756
0.372163
0.373416
0.355485
0.333915
0.336080
0.357363
0.350090
0.354956
0.350797
0.368327
0.379654
0.363879
0.348719
0.362586
0.371094
0.369958
0.354279
0.349783
0.358818
0.351252
0.339190
0.328370
0.316223
0.312492
0.316114
0.356792
0.378316
0.432004
0.404691
0.384968
0.312662
0.306134
0.302948
0.300318
0.328433
0.346230
0.353128
0.352228
0.349007
0.321908
0.307318
0.292686
0.283742
0.276111
0.273594
0.268076
