# Predicted Peaks (Indices)
194
279
280
310
311
312
313
314
315
385
386
573
646
647
648
760
761
800
801
830
831
947
948
949
950
1011
1022
1072
1073
1126
1127
1128
1131
1132
1145
1146
1183
1184
1196
1197
1293
1300
1315
1340
1376
1377
1399
1400
1440
1441
1465
1503
1504
1535
1536
1539
1590
1591
1625
1626
1667
1668
1695
1696
1726
1727
1731
1760
1790
1822
1823
1838
1839
1846
1847
1875
1899
1915
1916
1923
1924
1942
1943
2005
2006
2015
2087
2088
2092
2093
2113
2122
2143
2174
2175
2200
2201
2252
2303
2324
2325
2390
2391
2405
2406
2443
2444
2466
2467
2500
2504
2601
2602
2603
2627
2628
2642
2643
2665
2666
2687
2697
2730
2775
2798
2806
2807
2811
2812
2878
2886
2908
2918
2938
2952
2964
2971
2985
2986
2987
2994
3071
3181
3182
3185
3218
3262
3277
3292
3293
3294
3357
3417
3418
3463
3464
3488
3489
