# True Peaks (Indices)
41
42
314
315
588
589
610
611
676
677
798
799
865
866
963
964
1069
1070
1093
1094
1145
1146
1160
1161
1277
1278
1425
1426
1429
1430
1603
1604
1619
1620
1718
1719
1748
1749
1766
1767
1805
1806
1820
1821
1872
1873
1907
1908
2014
2015
2024
2025
2027
2028
2035
2036
2068
2069
2133
2134
2139
2140
2170
2171
2228
2229
2267
2268
2316
2317
2342
2343
2352
2353
2417
2418
2524
2525
2536
2537
2628
2629
2675
2676
2709
2710
2751
2752
2774
2775
2788
2789
2830
2831
2872
2873
2899
2900
2950
2951
2986
2987
2995
2996
3004
3005
3014
3015
3031
3032
3083
3084
3085
3086
3090
3091
3116
3117
3165
3166
3221
3222
3234
3235
3241
3242
3263
3264
3271
3272
3285
3286
3329
3330
3333
3334
3339
3340
3388
3389
3431
3432
3433
3434
