# True Peaks (Indices)
138
139
459
460
784
785
1038
1039
1046
1047
1072
1073
1112
1113
1114
1115
1171
1172
1242
1243
1325
1326
1420
1421
1447
1448
1524
1525
1637
1638
1758
1759
1788
1789
1886
1887
2021
2022
2139
2140
2162
2163
2234
2235
2256
2257
2308
2309
2320
2321
2425
2426
2460
2461
2500
2501
2568
2569
2617
2618
2708
2709
2723
2724
2747
2748
2779
2780
2781
2782
2825
2826
2875
2876
2878
2879
2940
2941
2947
2948
2958
2959
3010
3011
3090
3091
3120
3121
3178
3179
3200
3201
3267
3268
3274
3275
3300
3301
3379
3380
3473
3474
3485
3486
3492
3493
