# True Peaks (Indices)
8
9
247
248
355
356
452
453
521
522
698
699
818
819
838
839
1007
1008
1009
1036
1037
1042
1043
1140
1141
1150
1151
1231
1232
1300
1301
1335
1336
1432
1433
1434
1500
1501
1546
1547
1549
1550
1551
1577
1578
1632
1633
1724
1725
1795
1796
1797
1804
1805
1808
1809
1811
1812
1918
1919
1920
1953
1954
2010
2011
2131
2132
2151
2152
2153
2158
2159
2214
2215
2222
2223
2257
2258
2259
2277
2278
2313
2314
2342
2343
2349
2350
2377
2378
2382
2383
2419
2420
2455
2456
2476
2477
2478
2521
2522
2525
2526
2616
2617
2633
2634
2635
2636
2637
2638
2695
2696
2700
2701
2702
2714
2715
2721
2722
2744
2745
2750
2751
2752
2760
2761
2762
2794
2795
2824
2825
2879
2880
2881
2882
2883
2918
2919
2928
2929
2939
2940
2941
2960
2961
2962
2963
2964
2981
2982
2983
2985
2986
2992
2993
3021
3022
3141
3142
3147
3148
3151
3152
3153
3154
3235
3236
3262
3263
3264
3306
3307
3317
3318
3319
3327
3328
3331
3332
3336
3337
3399
3400
3403
3404
3405
3406
3420
3421
3422
3426
3427
