# Predictions (Probabilities)
0.511029
0.468116
0.425794
0.405640
0.408294
0.512775
0.516274
0.527989
0.487438
0.440269
0.407658
0.423257
0.424156
0.434719
0.421240
0.433058
0.451089
0.428911
0.441673
0.427765
0.454442
0.413232
0.469290
0.497874
0.446141
0.430856
0.351853
0.344588
0.385406
0.493370
0.466171
0.398059
0.308599
0.312878
0.316478
0.330606
0.381666
0.441644
0.420032
0.369638
0.341916
0.324967
0.313915
0.285529
0.293674
0.342024
0.371836
0.403836
0.447449
0.499654
0.461639
0.427205
0.442307
0.623054
0.621813
0.518114
0.453349
0.385520
0.334282
0.355623
0.360713
0.406770
0.384352
0.485995
0.498382
0.544691
0.428546
0.396160
0.367856
0.334941
0.352039
0.367831
0.521472
0.418957
0.405517
0.319832
0.283697
0.285537
0.320874
0.309185
0.283220
0.268236
0.315062
0.346980
0.388791
0.400479
0.388183
0.351851
0.358394
0.355998
0.441551
0.380896
0.384236
0.369694
0.375717
0.326385
0.345262
0.330162
0.300365
0.308029
0.269164
0.293154
0.287975
0.328047
0.293915
0.333289
0.257891
0.222431
0.253332
0.274411
0.228892
0.268106
0.307197
0.810711
0.937530
0.732246
0.331476
0.317591
0.279819
0.357627
0.362325
0.345855
0.314844
0.389888
0.384299
0.394182
0.343776
0.298468
0.260845
0.270945
0.269925
0.311999
0.351901
0.444572
0.540930
0.611842
0.474885
0.365142
0.403084
0.379922
0.416181
0.433111
0.505022
0.523558
0.451664
0.463011
0.456603
0.488454
0.500353
0.447609
0.464542
0.461481
0.406290
0.357984
0.348886
0.316394
0.321795
0.306800
0.345481
0.383815
0.442293
0.450059
0.398980
0.399315
0.397592
0.401755
0.367854
0.326069
0.301329
0.311630
0.320089
0.321390
0.366270
0.434263
0.477995
0.458843
0.375811
0.350972
0.338967
0.365370
0.353993
0.386274
0.377970
0.465131
0.431569
0.353626
0.406839
0.417017
0.428063
0.436208
0.532655
0.619340
0.558158
0.522880
0.447769
0.457448
0.416446
0.376635
0.361659
0.363563
0.297087
0.327360
0.334786
0.384657
0.387249
0.438104
0.391199
0.409679
0.366041
0.480135
0.461365
0.519077
0.421758
0.423759
0.336221
0.360052
0.288261
0.340367
0.310843
0.319218
0.304698
0.346480
0.341695
0.487461
0.381142
0.462138
0.340024
0.325301
0.334648
0.333874
0.299297
0.320250
0.339194
0.339291
0.381467
0.373462
0.382098
0.362041
0.341940
0.332430
0.324276
0.373030
0.330822
0.355933
0.304729
0.345266
0.329108
0.372110
0.337901
0.317416
0.299200
0.318483
0.321344
0.321040
0.317871
0.339731
0.309640
0.322885
0.319521
0.299802
0.303874
0.330300
0.323158
0.329462
0.314472
0.340171
0.330019
0.320931
0.347961
0.332215
0.335879
0.348209
0.341730
0.343127
0.312450
0.321579
0.318140
0.316093
0.312047
0.326271
0.349529
0.362833
0.342490
0.305966
0.266896
0.264731
0.279922
0.287805
0.306450
0.309955
0.309761
0.303560
0.297187
0.325245
0.335786
0.338989
0.353849
0.357235
0.354972
0.383764
0.425175
0.426251
0.426787
0.421508
0.442157
0.510884
0.553151
0.423779
0.392032
0.310455
0.282291
0.296811
0.316053
0.291567
0.290096
0.326081
0.333818
0.333446
0.359428
0.357107
0.338536
0.333025
0.340523
0.341100
0.357673
0.358635
0.418055
0.368800
0.369863
0.347564
0.359197
0.412702
0.418284
0.363230
0.378467
0.360899
0.344665
0.375496
0.344276
0.318096
0.288628
0.284624
0.295908
0.294564
0.300535
0.310882
0.311296
0.299469
0.302895
0.340908
0.357783
0.365180
0.393794
0.382839
0.407972
0.398986
0.479032
0.526866
0.571691
0.502431
0.442819
0.362291
0.332915
0.350470
0.382516
0.355819
0.374031
0.334172
0.336368
0.302597
0.311216
0.343000
0.323798
0.310860
0.291996
0.292007
0.304485
0.303478
0.333679
0.333970
0.340427
0.293610
0.338226
0.338922
0.367767
0.351111
0.403317
0.383812
0.409484
0.364605
0.369895
0.372297
0.406766
0.348708
0.298398
0.286341
0.275749
0.296994
0.356954
0.379673
0.372131
0.392493
0.414413
0.359519
0.350452
0.361873
0.325914
0.338775
0.300480
0.290607
0.290722
0.312158
0.347647
0.375121
0.372627
0.369367
0.347331
0.351949
0.366676
0.367098
0.323420
0.310632
0.312750
0.312342
0.314202
0.338229
0.376829
0.388196
0.351944
0.321597
0.310933
0.337002
0.357628
0.348851
0.343406
0.308812
0.318574
0.373728
0.367807
0.309416
0.299868
0.291989
0.305600
0.304033
0.350069
0.395337
0.551552
0.387645
0.373475
0.313315
0.292321
0.287915
0.307940
0.302946
0.323262
0.321597
0.339943
0.320184
0.349700
0.299687
0.315970
0.337445
0.361071
0.328363
0.317037
0.305226
0.316263
0.310573
0.346952
0.324504
0.336581
0.319572
0.315435
0.328141
0.340786
0.316560
0.343125
0.322383
0.326892
0.322097
0.321632
0.345368
0.342336
0.360329
0.364398
0.387477
0.392659
0.402089
0.394838
0.377193
0.349297
0.363456
0.371071
0.377516
0.373170
0.341604
0.319971
0.270368
0.249657
0.268046
0.289747
0.278337
0.331314
0.333643
0.371899
0.362244
0.358681
0.312831
0.323269
0.301849
0.332281
0.339532
0.382378
0.359957
0.381052
0.455096
0.444777
0.420641
0.367661
0.350232
0.366189
0.387565
0.441244
0.477155
0.461310
0.399401
0.402821
0.412000
0.450098
0.402512
0.387065
0.340386
0.326816
0.297482
0.313250
0.320823
0.305105
0.312648
0.372717
0.417026
0.413702
0.362635
0.366807
0.384469
0.309832
0.268631
0.342251
0.365171
0.317751
0.303891
0.335396
0.341159
0.433934
0.508201
0.620308
0.564880
0.490922
0.438564
0.451051
0.434528
0.388816
0.366956
0.364249
0.351826
0.312828
0.320844
0.344566
0.336516
0.346943
0.400681
0.445991
0.443325
0.409200
0.402200
0.389158
0.373649
0.353486
0.449745
0.523011
0.540677
0.500042
0.492656
0.411109
0.405861
0.390165
0.389845
0.387382
0.383624
0.412603
0.431877
0.435577
0.417714
0.375500
0.380845
0.333589
0.364353
0.325958
0.276799
0.300800
0.335315
0.355316
0.346866
0.324078
0.315307
0.314065
0.305957
0.284439
0.277270
0.321793
0.317830
0.315714
0.323234
0.295986
0.295864
0.363383
0.361512
0.397474
0.399954
0.454559
0.460344
0.439865
0.402869
0.380899
0.413961
0.415678
0.429051
0.418736
0.389249
0.351647
0.346070
0.337603
0.401995
0.519930
0.590643
0.634174
0.616430
0.513839
0.432884
0.407213
0.400695
0.388110
0.342483
0.365041
0.354055
0.367440
0.408448
0.532834
0.548491
0.542024
0.515084
0.462825
0.443327
0.423394
0.455533
0.461759
0.441640
0.410792
0.443924
0.449809
0.478965
0.436769
0.464041
0.487667
0.551318
0.552991
0.530028
0.459918
0.452171
0.344760
0.316791
0.341797
0.413449
0.376185
0.345552
0.332333
0.336848
0.301630
0.316817
0.292910
0.345995
0.356342
0.442713
0.491456
0.458058
0.367665
0.405437
0.432651
0.451865
0.362957
0.406540
0.369689
0.371264
0.325424
0.297113
0.290114
0.380331
0.338338
0.409988
0.449139
0.428698
0.367772
0.368926
0.393210
0.346795
0.334364
0.384778
0.422316
0.376045
0.358431
0.367925
0.416918
0.390369
0.430629
0.308740
0.260500
0.228635
0.236686
0.278348
0.420713
0.338776
0.298684
0.279715
0.191619
0.218435
0.178455
0.225894
0.140227
0.195774
0.208603
0.171718
0.255730
0.254302
0.251754
0.231804
0.325618
0.892323
0.948179
0.706649
0.361317
0.363714
0.340985
0.385704
0.358350
0.369892
0.300907
0.311925
0.321419
0.326593
0.281488
0.331091
0.373346
0.388408
0.369800
0.309751
0.304321
0.320432
0.311456
0.301189
0.301036
0.295532
0.313250
0.275811
0.394432
0.337625
0.322938
0.407606
0.366134
0.388841
0.454764
0.483400
0.459478
0.427613
0.384429
0.443067
0.381196
0.375608
0.366743
0.344914
0.306965
0.305008
0.291046
0.363245
0.514269
0.594426
0.626791
0.572932
0.445789
0.469545
0.431918
0.349827
0.307967
0.371724
0.396726
0.418801
0.395882
0.390660
0.366621
0.360081
0.426882
0.442541
0.467194
0.402663
0.376778
0.348678
0.378451
0.467011
0.620185
0.641492
0.555467
0.452985
0.430802
0.384671
0.311733
0.343878
0.382522
0.395960
0.362873
0.387857
0.355316
0.344520
0.352911
0.347675
0.398577
0.562768
0.561489
0.616933
0.490348
0.405883
0.370008
0.355903
0.384278
0.405599
0.379601
0.361732
0.341194
0.319271
0.305229
0.292546
0.312748
0.367345
0.363702
0.389778
0.407676
0.385826
0.383276
0.400941
0.399885
0.362340
0.375548
0.424224
0.413117
0.409600
0.370828
0.361660
0.324514
0.360305
0.376211
0.552227
0.541923
0.482174
0.370293
0.353190
0.278660
0.271044
0.247738
0.327307
0.290451
0.330324
0.306556
0.363682
0.372046
0.375914
0.394426
0.458510
0.520752
0.499467
0.458954
0.395249
0.490942
0.550604
0.536872
0.462125
0.443384
0.366486
0.428608
0.465326
0.592885
0.608906
0.591177
0.494794
0.433616
0.361989
0.309774
0.320059
0.366501
0.332405
0.292546
0.328367
0.408379
0.481464
0.521270
0.570162
0.429763
0.395270
0.422761
0.461729
0.474093
0.485411
0.538442
0.537495
0.534147
0.463715
0.437197
0.419323
0.384050
0.386863
0.367985
0.340711
0.341925
0.363942
0.392086
0.394808
0.426244
0.367230
0.364062
0.313553
0.289104
0.285855
0.301708
0.371272
0.396703
0.363612
0.353836
0.316052
0.285754
0.301091
0.315363
0.370075
0.360970
0.345663
0.335460
0.292635
0.307032
0.297571
0.337722
0.356166
0.377190
0.331413
0.327986
0.313320
0.327142
0.308373
0.336795
0.350296
0.387705
0.339323
0.350643
0.313343
0.310876
0.302461
0.310825
0.272798
0.282640
0.269868
0.274708
0.319088
0.386914
0.356082
0.395858
0.344067
0.363219
0.329878
0.337479
0.347307
0.341816
0.307551
0.293933
0.245103
0.280609
0.285171
0.256106
0.235595
0.228082
0.245043
0.244184
0.295391
0.269674
0.357121
0.283020
0.248811
0.247031
0.300218
0.263546
0.239505
0.191750
0.212942
0.279232
0.290850
0.268864
0.275493
0.324182
0.689472
0.946940
0.794889
0.374195
0.327879
0.313446
0.330922
0.379229
0.351131
0.417917
0.604335
0.615388
0.443746
0.420253
0.388522
0.474918
0.458288
0.319333
0.265078
0.374921
0.365398
0.318490
0.280511
0.328012
0.290110
0.314214
0.307698
0.316710
0.379052
0.325945
0.307610
0.325464
0.347986
0.363074
0.373251
0.347945
0.369890
0.407490
0.376415
0.341764
0.301257
0.301605
0.294440
0.282658
0.304717
0.371005
0.336456
0.354451
0.350620
0.312376
0.321003
0.357294
0.337958
0.332437
0.288293
0.317045
0.354306
0.355601
0.366525
0.365514
0.375920
0.344871
0.367743
0.340090
0.295372
0.322871
0.318087
0.335775
0.353708
0.364241
0.412449
0.431624
0.359937
0.348562
0.306913
0.307357
0.316792
0.293193
0.376470
0.407197
0.492964
0.414213
0.361464
0.336042
0.347824
0.356524
0.339947
0.321128
0.409389
0.456157
0.399730
0.366417
0.332129
0.296317
0.315347
0.337570
0.428555
0.431643
0.404951
0.347456
0.329463
0.311408
0.317510
0.347414
0.354849
0.361339
0.331791
0.377812
0.427310
0.442924
0.457758
0.479258
0.595800
0.500514
0.431316
0.417500
0.418857
0.459542
0.435158
0.408586
0.410465
0.385513
0.365960
0.364978
0.467713
0.706201
0.853445
0.785578
0.646991
0.552875
0.427028
0.461077
0.436477
0.453214
0.393957
0.431562
0.393496
0.371714
0.348406
0.430989
0.485702
0.551524
0.483865
0.411878
0.382804
0.366187
0.384691
0.409317
0.456486
0.496386
0.434375
0.359689
0.349095
0.356365
0.378372
0.375521
0.363341
0.431582
0.391778
0.381014
0.335831
0.316814
0.324354
0.369146
0.363360
0.357975
0.354321
0.333091
0.323922
0.338181
0.354360
0.414266
0.351669
0.327121
0.308023
0.295541
0.302801
0.319326
0.323717
0.350933
0.340785
0.369129
0.371503
0.359210
0.341443
0.340698
0.343998
0.359370
0.438883
0.579411
0.622501
0.554220
0.501477
0.375411
0.387321
0.360996
0.360840
0.321323
0.412316
0.388404
0.399985
0.390942
0.383309
0.328645
0.312787
0.322646
0.355227
0.369959
0.389506
0.369723
0.378061
0.337397
0.324507
0.358025
0.379980
0.360210
0.362583
0.372010
0.391008
0.374253
0.337912
0.309132
0.283674
0.269142
0.306645
0.328227
0.355741
0.366764
0.422538
0.397415
0.366519
0.351617
0.306640
0.281085
0.294399
0.313368
0.297082
0.336442
0.388466
0.455544
0.455216
0.489891
0.429389
0.435654
0.471699
0.475142
0.436518
0.399076
0.334065
0.317415
0.321763
0.303941
0.295227
0.365767
0.424261
0.523244
0.458467
0.475880
0.391169
0.476646
0.353516
0.331163
0.303636
0.412320
0.413532
0.453164
0.410487
0.493311
0.365434
0.383614
0.418109
0.537692
0.524862
0.449149
0.397735
0.364179
0.374050
0.386991
0.348131
0.372065
0.419317
0.566514
0.577776
0.577103
0.496449
0.412999
0.339060
0.378889
0.383056
0.401051
0.371818
0.347621
0.351772
0.363864
0.332929
0.359788
0.373345
0.377283
0.364588
0.419089
0.416597
0.418714
0.408025
0.438927
0.436023
0.419227
0.381552
0.367768
0.382772
0.395080
0.466241
0.552851
0.561230
0.510278
0.438959
0.414219
0.382591
0.343870
0.384643
0.395878
0.338811
0.300181
0.340642
0.369741
0.425514
0.540479
0.599900
0.637986
0.551651
0.495709
0.467836
0.512319
0.516379
0.500411
0.434890
0.388061
0.431711
0.421826
0.441578
0.451591
0.504050
0.476238
0.447442
0.431455
0.379659
0.375330
0.389048
0.364674
0.365714
0.449225
0.544329
0.642712
0.607454
0.587484
0.532617
0.474323
0.476923
0.442095
0.437632
0.458345
0.521995
0.474748
0.470448
0.410830
0.388299
0.361637
0.366915
0.388992
0.480514
0.537425
0.643303
0.651816
0.624146
0.604127
0.453551
0.438540
0.470151
0.486298
0.484599
0.416406
0.404795
0.415961
0.417298
0.430574
0.424654
0.435602
0.422925
0.363096
0.356658
0.383082
0.408185
0.423785
0.543325
0.488133
0.581317
0.472584
0.434266
0.341663
0.377788
0.385058
0.408465
0.353835
0.428708
0.466094
0.467344
0.434058
0.422435
0.359949
0.379209
0.392361
0.388224
0.351636
0.337654
0.313979
0.319282
0.288812
0.282864
0.315935
0.347601
0.334036
0.332485
0.357778
0.345291
0.371894
0.372454
0.385303
0.394526
0.363136
0.339919
0.341072
0.432940
0.437101
0.401041
0.365361
0.338241
0.379198
0.352039
0.370450
0.359647
0.263760
0.289328
0.247909
0.206628
0.241174
0.265339
0.346524
0.386512
0.227613
0.140862
0.147913
0.210988
0.088251
0.217694
0.115937
0.227347
0.186296
0.241733
0.269006
0.273763
0.246675
0.243536
0.290439
0.665317
0.961918
0.922125
0.426378
0.366908
0.355583
0.362668
0.417929
0.374778
0.379970
0.374159
0.357185
0.406734
0.490523
0.472614
0.442097
0.411363
0.376672
0.375550
0.330340
0.352428
0.279911
0.287902
0.312974
0.285985
0.324937
0.284589
0.325976
0.287295
0.284856
0.313066
0.388278
0.377751
0.386105
0.390749
0.389071
0.433968
0.492502
0.435212
0.420904
0.345867
0.372805
0.337304
0.334184
0.307317
0.327202
0.335835
0.347451
0.302949
0.311593
0.283014
0.306069
0.286312
0.286011
0.304227
0.318981
0.359758
0.360336
0.376217
0.333712
0.324214
0.357016
0.377829
0.374697
0.339885
0.342082
0.309736
0.310559
0.324170
0.350747
0.381132
0.350367
0.334948
0.306113
0.332180
0.425552
0.457190
0.480979
0.386738
0.319293
0.294193
0.372487
0.478907
0.494748
0.454418
0.447658
0.412998
0.378234
0.339257
0.292058
0.299042
0.296058
0.283687
0.307125
0.338108
0.389677
0.456360
0.442828
0.424807
0.386322
0.379316
0.360815
0.335657
0.337208
0.313393
0.305569
0.366043
0.369705
0.368047
0.384814
0.353202
0.336425
0.335465
0.351733
0.363719
0.391573
0.409601
0.403627
0.380262
0.303817
0.320758
0.376012
0.395551
0.359287
0.348404
0.352440
0.319995
0.334501
0.319371
0.337097
0.277754
0.284537
0.268487
0.289646
0.296970
0.329836
0.357437
0.415600
0.393277
0.355098
0.318328
0.326286
0.318112
0.308601
0.298668
0.315196
0.339637
0.364440
0.373310
0.389725
0.399288
0.400365
0.326897
0.394720
0.366782
0.377876
0.378103
0.407871
0.394737
0.381159
0.354090
0.376146
0.321835
0.283653
0.308944
0.270905
0.287319
0.405489
0.439310
0.532157
0.464148
0.392708
0.407599
0.427372
0.373142
0.473821
0.433867
0.305785
0.345348
0.296320
0.320578
0.281999
0.369945
0.309675
0.344708
0.315358
0.622019
0.936600
0.761129
0.424425
0.356389
0.373396
0.374103
0.397073
0.382016
0.389546
0.368159
0.342874
0.451193
0.425655
0.376739
0.317134
0.366366
0.353509
0.372555
0.285582
0.467294
0.466059
0.395680
0.332414
0.297913
0.288741
0.254119
0.261621
0.320257
0.319010
0.338405
0.335661
0.351487
0.414160
0.489375
0.439479
0.400314
0.397596
0.351440
0.345866
0.372344
0.331124
0.330908
0.356297
0.354569
0.346577
0.379035
0.382470
0.350973
0.386156
0.390565
0.390063
0.352270
0.318775
0.345605
0.333464
0.406162
0.552709
0.619437
0.626241
0.478817
0.371099
0.419423
0.379792
0.430025
0.344350
0.375735
0.338853
0.318166
0.329804
0.420639
0.364328
0.424517
0.370678
0.376109
0.344558
0.358902
0.383440
0.412003
0.406772
0.431599
0.410191
0.395940
0.372188
0.376127
0.406634
0.429846
0.455232
0.481624
0.437411
0.411146
0.425664
0.494252
0.504563
0.644034
0.728557
0.637991
0.611485
0.510137
0.377627
0.394963
0.447166
0.460597
0.410649
0.375292
0.382152
0.385659
0.391400
0.385963
0.412885
0.479340
0.512479
0.501674
0.483539
0.418615
0.404754
0.374342
0.419265
0.434840
0.422744
0.391274
0.333187
0.323172
0.312705
0.301817
0.332921
0.452876
0.535672
0.470709
0.440249
0.401612
0.423209
0.393391
0.411051
0.417894
0.436781
0.389685
0.386727
0.370093
0.362766
0.326889
0.317298
0.353484
0.421360
0.457613
0.463080
0.453457
0.409029
0.369886
0.327204
0.309400
0.352679
0.388589
0.425373
0.454486
0.460916
0.486056
0.325153
0.341761
0.360742
0.383608
0.340092
0.362599
0.336669
0.360091
0.336404
0.403579
0.413611
0.430719
0.385619
0.416262
0.372052
0.408621
0.373234
0.367655
0.330550
0.409962
0.478838
0.651937
0.567004
0.631415
0.441964
0.412178
0.371559
0.393483
0.364060
0.399130
0.373444
0.392006
0.388221
0.437140
0.421585
0.435477
0.367635
0.432393
0.403128
0.420832
0.361456
0.360513
0.376937
0.570139
0.547426
0.613945
0.548394
0.511540
0.388674
0.350851
0.338884
0.372442
0.351684
0.353400
0.312338
0.311911
0.303172
0.329686
0.354760
0.483873
0.446336
0.461623
0.422458
0.442722
0.375681
0.386858
0.520380
0.589338
0.509888
0.539396
0.425093
0.379512
0.331322
0.392819
0.455549
0.529367
0.459034
0.444961
0.352684
0.353396
0.406122
0.383649
0.333073
0.282942
0.285513
0.300814
0.310498
0.359904
0.513034
0.505469
0.498528
0.349188
0.347164
0.378418
0.372728
0.343961
0.351837
0.289761
0.328913
0.348962
0.336059
0.343197
0.370249
0.327558
0.370433
0.404551
0.453508
0.459657
0.542446
0.451995
0.376464
0.331992
0.402206
0.398175
0.398487
0.419570
0.503767
0.614448
0.534443
0.425912
0.436039
0.416725
0.409108
0.395575
0.389957
0.356605
0.344122
0.353960
0.447717
0.554830
0.653373
0.660465
0.560793
0.551777
0.443474
0.433590
0.401564
0.425993
0.480775
0.462506
0.455413
0.419551
0.410588
0.384315
0.421689
0.446864
0.481069
0.430767
0.447836
0.431713
0.470453
0.527191
0.471310
0.482976
0.394579
0.333580
0.304295
0.310505
0.333493
0.330237
0.327226
0.342561
0.337176
0.362317
0.330782
0.316493
0.305384
0.290010
0.298499
0.320423
0.313412
0.311514
0.304914
0.313262
0.317628
0.343697
0.341522
0.327937
0.321912
0.327380
0.322658
0.323123
0.330216
0.431911
0.457534
0.428520
0.375794
0.409666
0.363994
0.352408
0.358466
0.383214
0.429181
0.422972
0.533536
0.387709
0.330516
0.308082
0.284639
0.308891
0.306771
0.334212
0.299233
0.342974
0.503307
0.873706
0.821654
0.615916
0.519575
0.384541
0.440498
0.513376
0.580525
0.496939
0.635180
0.598773
0.519852
0.478991
0.407077
0.439207
0.447987
0.483552
0.414330
0.373483
0.391839
0.428785
0.435370
0.746057
0.845254
0.778014
0.571191
0.536700
0.364591
0.352610
0.333582
0.374093
0.372929
0.422368
0.423274
0.464490
0.436236
0.508455
0.462000
0.468647
0.429441
0.422823
0.350489
0.432179
0.475070
0.488923
0.455923
0.427515
0.308197
0.320963
0.288400
0.315989
0.303776
0.300939
0.375092
0.434324
0.450284
0.450512
0.417551
0.442691
0.480898
0.437952
0.380656
0.338284
0.295503
0.326096
0.338466
0.385546
0.443629
0.583380
0.459536
0.465249
0.426555
0.395913
0.339899
0.340280
0.378029
0.405345
0.399429
0.527292
0.644467
0.600872
0.494857
0.441057
0.436525
0.374378
0.311017
0.319986
0.339400
0.362332
0.334193
0.360895
0.408316
0.438778
0.439827
0.434587
0.397873
0.364049
0.380927
0.402576
0.410315
0.402322
0.451810
0.460450
0.431773
0.374655
0.361504
0.389410
0.433117
0.359076
0.327498
0.288786
0.292965
0.307652
0.320730
0.324223
0.310805
0.356104
0.323171
0.333545
0.336567
0.339365
0.326899
0.333141
0.300583
0.330798
0.365039
0.433305
0.394541
0.356411
0.309059
0.275470
0.321166
0.316440
0.318400
0.303550
0.340425
0.336658
0.319025
0.310832
0.309288
0.300647
0.324592
0.359250
0.436003
0.399532
0.371525
0.342841
0.338705
0.335200
0.318305
0.311444
0.318412
0.322919
0.332920
0.327954
0.356733
0.348487
0.353765
0.320810
0.298915
0.290794
0.332459
0.320948
0.320854
0.341302
0.368129
0.360287
0.336935
0.337698
0.345056
0.357722
0.391771
0.430204
0.366212
0.357557
0.369035
0.392052
0.492581
0.400748
0.426923
0.352287
0.326598
0.293630
0.309150
0.307192
0.336558
0.337727
0.401667
0.364926
0.435478
0.403089
0.422206
0.356908
0.356546
0.344598
0.579770
0.607898
0.687049
0.588655
0.519683
0.413385
0.463564
0.435692
0.435377
0.564365
0.646075
0.630542
0.617685
0.461766
0.394723
0.379715
0.370319
0.354819
0.383019
0.414852
0.427009
0.554204
0.600203
0.583292
0.562770
0.439404
0.412576
0.391823
0.410202
0.438626
0.474123
0.506934
0.529546
0.472686
0.494943
0.459840
0.479661
0.473545
0.523032
0.523087
0.599667
0.511298
0.480476
0.378543
0.358250
0.332857
0.321964
0.300364
0.346391
0.344925
0.417016
0.519143
0.557066
0.423134
0.471241
0.392165
0.422744
0.319611
0.311285
0.308604
0.365006
0.329633
0.360956
0.398731
0.409767
0.410314
0.396145
0.404908
0.365699
0.336291
0.349862
0.391765
0.397527
0.444856
0.432305
0.429339
0.342938
0.349041
0.323487
0.388164
0.394165
0.436307
0.436540
0.550904
0.450944
0.384052
0.523835
0.641668
0.582982
0.463252
0.366308
0.336539
0.307637
0.290247
0.277765
0.325322
0.334811
0.367778
0.402259
0.441097
0.477003
0.333927
0.325624
0.379516
0.378774
0.443980
0.457770
0.398488
0.420318
0.407896
0.404512
0.424786
0.506440
0.469412
0.489453
0.404415
0.366923
0.294619
0.305353
0.320210
0.299405
0.283478
0.289126
0.328459
0.290643
0.337805
0.329684
0.351483
0.369619
0.342020
0.344542
0.375914
0.380554
0.467897
0.474416
0.422780
0.379965
0.321316
0.366247
0.432933
0.377548
0.354355
0.321054
0.324659
0.326642
0.316071
0.305127
0.317346
0.274200
0.262625
0.272447
0.304389
0.306175
0.390015
0.374912
0.428172
0.383457
0.332750
0.314321
0.340387
0.333879
0.360521
0.358289
0.415130
0.368670
0.410955
0.364865
0.428797
0.402082
0.402165
0.365563
0.407870
0.426858
0.394316
0.396745
0.441626
0.449411
0.500251
0.553082
0.584250
0.519278
0.430630
0.336027
0.337869
0.383199
0.425928
0.371289
0.335016
0.321264
0.312649
0.288087
0.314577
0.368338
0.444661
0.525327
0.499157
0.508386
0.448366
0.441466
0.409881
0.436923
0.467639
0.474642
0.503994
0.528322
0.531081
0.507733
0.434835
0.462938
0.641776
0.637239
0.585650
0.485715
0.431608
0.443141
0.401504
0.378567
0.364742
0.379541
0.306660
0.302080
0.311390
0.319254
0.356823
0.372210
0.365910
0.402420
0.366657
0.333046
0.347198
0.359415
0.334404
0.345078
0.392442
0.455556
0.536061
0.495028
0.403983
0.418711
0.377108
0.411487
0.358451
0.344602
0.347693
0.350109
0.374739
0.358300
0.334564
0.356158
0.372266
0.340359
0.327414
0.321508
0.325103
0.321206
0.352341
0.358660
0.345350
0.336159
0.320198
0.318744
0.290912
0.270932
0.288210
0.295033
0.292530
0.313494
0.354067
0.369250
0.419955
0.374279
0.384448
0.357411
0.384319
0.362095
0.338091
0.281939
0.291189
0.311599
0.349767
0.377094
0.378900
0.452614
0.528540
0.476973
0.411092
0.401517
0.390689
0.407346
0.453051
0.501615
0.524357
0.473525
0.390672
0.445305
0.607974
0.835530
0.842418
0.727742
0.593130
0.534969
0.455311
0.410707
0.448250
0.422902
0.473221
0.480433
0.477552
0.427329
0.393444
0.422582
0.411811
0.438775
0.521644
0.550626
0.518746
0.442328
0.433135
0.382554
0.370223
0.360872
0.339694
0.324125
0.286769
0.335216
0.355603
0.402047
0.456692
0.413788
0.370987
0.342542
0.365567
0.354620
0.378621
0.426593
0.517484
0.472036
0.480852
0.444197
0.405750
0.399051
0.434636
0.428909
0.384366
0.385142
0.360661
0.378269
0.422793
0.376378
0.341927
0.306404
0.296647
0.326757
0.327045
0.333575
0.367784
0.479801
0.407282
0.439873
0.491976
0.520319
0.523986
0.407046
0.421788
0.391835
0.413564
0.506234
0.582132
0.649935
0.610590
0.530215
0.420687
0.375924
0.342359
0.334431
0.359625
0.403222
0.476117
0.619529
0.692827
0.649065
0.498636
0.419821
0.436704
0.456114
0.429554
0.398436
0.383979
0.400515
0.436480
0.600357
0.622041
0.626191
0.506841
0.504706
0.426825
0.454509
0.429094
0.465501
0.506247
0.542309
0.499030
0.504268
0.540213
0.506467
0.490223
0.471422
0.475386
0.423114
0.417027
0.435115
0.482098
0.424527
0.433468
0.534346
0.775695
0.863465
0.814731
0.600194
0.505557
0.414588
0.416065
0.365203
0.352081
0.340476
0.365068
0.372687
0.387713
0.363878
0.360955
0.409860
0.478539
0.484175
0.472023
0.496845
0.447811
0.438206
0.478545
0.466112
0.514179
0.422467
0.393919
0.388121
0.463502
0.364956
0.359046
0.345136
0.311354
0.334341
0.410790
0.428445
0.546413
0.360493
0.434634
0.419905
0.363053
0.372393
0.333917
0.296837
0.312934
0.318266
0.334057
0.305180
0.336549
0.302410
0.292610
0.343027
0.386392
0.410705
0.400553
0.385906
0.367522
0.363393
0.377613
0.309135
0.328167
0.397406
0.384853
0.383031
0.337521
0.317356
0.303166
0.310872
0.337063
0.345788
0.378751
0.362993
0.351112
0.357281
0.416409
0.370394
0.361002
0.352467
0.318056
0.340160
0.358951
0.362840
0.354831
0.332046
0.292156
0.312249
0.290244
0.292662
0.283372
0.319972
0.354077
0.356148
0.343303
0.350007
0.335902
0.334590
0.381590
0.352284
0.336798
0.321690
0.316247
0.332802
0.326308
0.315761
0.351539
0.403646
0.386377
0.404880
0.387597
0.389495
0.374700
0.371359
0.337704
0.324592
0.283935
0.312018
0.340267
0.380692
0.399846
0.489885
0.495288
0.472979
0.367069
0.375182
0.339435
0.338215
0.354264
0.403679
0.418306
0.481893
0.502524
0.462442
0.433421
0.452369
0.470775
0.456163
0.426349
0.448796
0.464161
0.544483
0.442296
0.451271
0.322990
0.354511
0.326555
0.322367
0.306501
0.356267
0.364443
0.372531
0.339353
0.381208
0.337674
0.373515
0.309078
0.303493
0.288656
0.328205
0.382177
0.456966
0.435508
0.413933
0.376473
0.369243
0.397747
0.384718
0.328583
0.326354
0.337179
0.320729
0.322983
0.305647
0.338397
0.362907
0.343834
0.387207
0.410357
0.400837
0.323930
0.357024
0.334582
0.332855
0.288585
0.360144
0.438162
0.390683
0.433441
0.373355
0.334173
0.305686
0.299972
0.282839
0.288009
0.277442
0.305228
0.322534
0.340777
0.350028
0.366396
0.359042
0.374584
0.390142
0.410310
0.396005
0.381856
0.359548
0.338726
0.352982
0.376299
0.458629
0.455461
0.442350
0.373826
0.372590
0.347444
0.397636
0.526348
0.517841
0.417072
0.377751
0.367268
0.362300
0.315229
0.297789
0.332269
0.320055
0.287857
0.276185
0.302478
0.304837
0.341386
0.373534
0.381927
0.397596
0.348481
0.365337
0.382152
0.418048
0.429593
0.413429
0.389166
0.338501
0.346607
0.402327
0.402278
0.394277
0.392146
0.363983
0.290795
0.315894
0.300346
0.299128
0.317674
0.322329
0.298478
0.321978
0.296444
0.297297
0.340282
0.334840
0.328505
0.297783
0.296747
0.292728
0.308619
0.278171
0.282516
0.355077
0.427827
0.444063
0.409744
0.467449
0.403686
0.453202
0.458435
0.461456
0.410253
0.446148
0.452173
0.408515
0.376089
0.394536
0.404124
0.420989
0.433160
0.447750
0.494210
0.493420
0.565873
0.750604
0.845357
0.819475
0.633491
0.617439
0.591808
0.563650
0.583432
0.556366
0.458950
0.464074
0.455579
0.459721
0.461962
0.473810
0.401196
0.412634
0.414527
0.439814
0.524937
0.860120
0.860476
0.671020
0.566979
0.616903
0.432355
0.431810
0.421200
0.413829
0.500358
0.400678
0.385745
0.395005
0.399797
0.430297
0.439418
0.440292
0.404232
0.378620
0.324300
0.380989
0.389515
0.400392
0.371862
0.351089
0.338277
0.308101
0.320726
0.354792
0.339667
0.360079
0.350437
0.368586
0.348917
0.327332
0.321919
0.325278
0.323126
0.332682
0.351296
0.388722
0.409367
0.426059
0.452599
0.386597
0.389966
0.354371
0.345151
0.341076
0.331438
0.326578
0.332922
0.287595
0.297739
0.297030
0.306614
0.314009
0.317519
0.316165
0.339277
0.397148
0.409123
0.382898
0.392874
0.341659
0.330256
0.329150
0.408930
0.415325
0.375949
0.339440
0.343249
0.322039
0.334195
0.303170
0.314291
0.312361
0.311095
0.341938
0.349827
0.343055
0.322007
0.313460
0.302655
0.334669
0.328998
0.419220
0.341309
0.361900
0.360635
0.349959
0.371105
0.424377
0.461204
0.377853
0.398987
0.368161
0.436386
0.497437
0.521982
0.422814
0.410221
0.375968
0.384732
0.409216
0.459024
0.423437
0.484562
0.432517
0.474786
0.637461
0.854170
0.839472
0.733889
0.610829
0.434547
0.460190
0.432640
0.439982
0.504915
0.535485
0.555214
0.464912
0.430182
0.370821
0.400949
0.415694
0.448678
0.493569
0.473806
0.598462
0.537201
0.491701
0.448197
0.424452
0.391461
0.360771
0.357361
0.399706
0.409213
0.463149
0.470991
0.488738
0.489198
0.447147
0.416808
0.466029
0.511353
0.456440
0.459175
0.489453
0.510526
0.424718
0.385080
0.340393
0.346392
0.330318
0.323592
0.354750
0.401476
0.398160
0.427288
0.429599
0.546587
0.519083
0.572930
0.434576
0.477672
0.374852
0.335230
0.316733
0.367395
0.352046
0.362957
0.373152
0.425920
0.423497
0.408435
0.455689
0.613244
0.561404
0.476456
0.396264
0.372244
0.353535
0.364693
0.366793
0.486813
0.459586
0.489219
0.418700
0.381203
0.302151
0.301434
0.338871
0.486607
0.431398
0.493540
0.437362
0.380934
0.339397
0.355655
0.412411
0.479550
0.405521
0.405097
0.347150
0.340367
0.346369
0.360239
0.390112
0.298686
0.378936
0.358413
0.349370
0.345447
0.322913
0.350394
0.391317
0.469355
0.579571
0.482504
0.457880
0.405895
0.424980
0.395644
0.401617
0.415883
0.424914
0.504666
0.527043
0.572573
0.518530
0.420950
0.379710
0.404206
0.533333
0.641744
0.718917
0.705120
0.562994
0.508483
0.440462
0.444466
0.435657
0.368452
0.340344
0.336137
0.380293
0.370276
0.405421
0.404774
0.410646
0.399530
0.441835
0.427082
0.446052
0.457414
0.519365
0.528963
0.520009
0.472047
0.461559
0.424190
0.482600
0.497435
0.459744
0.359324
0.316159
0.289040
0.354261
0.391549
0.425476
0.378636
0.371845
0.333433
0.304596
0.297982
0.304107
0.341435
0.347913
0.378339
0.404852
0.382048
0.342504
0.416476
0.495271
0.551737
0.552200
0.454101
0.346604
0.367434
0.380373
0.358129
0.323077
0.390787
0.366974
0.405049
0.456744
0.479921
0.458661
0.427644
0.397153
0.390842
0.331533
0.476865
0.574856
0.595559
0.586433
0.533673
0.390764
0.424169
0.359883
0.397656
0.341171
0.341438
0.332334
0.327477
0.315038
0.341689
0.342120
0.403663
0.382825
0.469431
0.507406
0.577184
0.453166
0.521883
0.445396
0.378594
0.381618
0.469838
0.477408
0.413058
0.404673
0.416045
0.430371
0.451783
0.524485
0.508297
0.530039
0.372766
0.360858
0.315238
0.323883
0.376410
0.390160
0.360277
0.333906
0.322690
0.329539
0.312797
0.303389
0.318256
0.339809
0.321995
0.319055
0.313124
0.299364
0.304869
0.324497
0.345088
0.351948
0.381809
0.369746
0.362503
0.371731
0.377610
0.357511
0.350789
0.365083
0.357390
0.388494
0.498555
0.537935
0.446915
0.410309
0.412913
0.396649
0.408298
0.456761
0.468451
0.545034
0.625666
0.673715
0.782243
0.846447
0.828680
0.588863
0.538742
0.393179
0.423618
0.396577
0.410763
0.426456
0.448735
0.402017
0.414289
0.412469
0.444851
0.363754
0.372520
0.343958
0.369275
0.393240
0.403829
0.424571
0.440167
0.413935
0.445378
0.433950
0.399206
0.356187
0.345260
0.344249
0.295198
0.285119
0.312636
0.370928
0.416476
0.408104
0.402045
0.369063
0.344128
0.375351
0.398263
0.418418
0.370750
0.344181
0.303159
0.289877
0.340305
0.334132
0.369763
0.342261
0.377653
0.367148
0.347126
0.344182
0.342044
0.330551
0.343477
0.335404
0.277830
0.283412
0.282720
0.299146
0.306006
0.316978
0.390350
0.293417
0.278700
0.310296
0.342568
0.354904
0.318333
0.296714
0.292302
0.274469
0.322599
0.302423
0.331024
0.331409
0.409400
0.365181
0.387594
0.310457
0.340071
0.376189
0.444901
0.387841
0.416207
0.365723
0.322456
0.335311
0.343831
0.409211
0.420497
0.400862
0.352031
0.326560
0.315821
0.354722
0.486164
0.500022
0.500206
0.422154
0.390851
0.323090
0.311701
0.370808
0.362872
0.359443
0.333688
0.321934
0.359923
0.408645
0.478989
0.556566
0.520337
0.447216
0.437286
0.468840
0.353404
0.334802
0.297695
0.387034
0.377779
0.514424
0.610683
0.678442
0.450463
0.319931
0.376703
0.423067
0.371392
0.342467
0.401080
0.433004
0.384995
0.406034
0.406319
0.369921
0.397488
0.381408
0.439330
0.449331
0.386907
0.365866
0.390776
0.387023
0.388878
0.370962
0.355197
0.337863
0.301759
0.376721
0.384933
0.351828
0.368075
0.318347
0.317580
0.328170
0.305927
0.311969
0.343593
0.309330
0.333983
0.313140
0.322834
0.334957
0.381357
0.354672
0.414714
0.525992
0.562855
0.544703
0.547996
0.465391
0.457153
0.545129
0.620278
0.690193
0.706219
0.672236
0.794472
0.740426
0.642986
0.567849
0.479432
0.324866
