# Predictions (Probabilities)
0.056366
0.106167
0.255374
0.199805
0.199542
0.183119
0.299750
0.305572
0.992309
0.987078
0.315732
0.196659
0.175170
0.152625
0.184970
0.202972
0.206593
0.184911
0.235953
0.266667
0.239692
0.199864
0.261303
0.155861
0.217134
0.155562
0.193884
0.209443
0.240479
0.232819
0.286284
0.336244
0.312013
0.239151
0.231819
0.200376
0.278293
0.337422
0.347906
0.327333
0.303369
0.284422
0.280762
0.272982
0.279458
0.315976
0.328554
0.347275
0.331310
0.332425
0.318278
0.297858
0.287964
0.273863
0.247996
0.254000
0.260125
0.275792
0.275681
0.279558
0.288567
0.312229
0.307702
0.317459
0.361246
0.460096
0.500985
0.470635
0.466004
0.408744
0.290186
0.295101
0.282292
0.306126
0.277707
0.294101
0.293391
0.335483
0.338611
0.326731
0.336703
0.353687
0.344474
0.346041
0.291383
0.305141
0.300608
0.265509
0.251429
0.234531
0.225157
0.236542
0.255727
0.238889
0.246156
0.271503
0.289072
0.322024
0.349725
0.425288
0.475306
0.487981
0.496389
0.476706
0.507307
0.516266
0.520075
0.480728
0.412483
0.349304
0.355239
0.417954
0.520223
0.623457
0.517732
0.495193
0.402811
0.352246
0.273489
0.255859
0.269280
0.282913
0.248980
0.244115
0.250421
0.262902
0.263977
0.271342
0.307576
0.340230
0.340459
0.329853
0.326033
0.338989
0.311780
0.318811
0.320456
0.342601
0.330348
0.326861
0.314184
0.293469
0.269619
0.279642
0.317658
0.347549
0.401552
0.417277
0.409972
0.403262
0.354247
0.315208
0.302856
0.291058
0.306168
0.350076
0.398840
0.425549
0.431878
0.386384
0.371904
0.329705
0.297157
0.239976
0.248809
0.256296
0.268545
0.234149
0.246493
0.289694
0.325153
0.329700
0.332189
0.289721
0.282013
0.287095
0.322794
0.354034
0.376885
0.375985
0.367953
0.355571
0.311137
0.305638
0.316880
0.372121
0.554465
0.623831
0.651485
0.702885
0.537398
0.410313
0.378947
0.360862
0.373833
0.375227
0.371248
0.302586
0.318564
0.300942
0.285040
0.265399
0.331174
0.332150
0.277883
0.242376
0.279977
0.263585
0.271171
0.233116
0.256365
0.257223
0.289328
0.318789
0.323980
0.353418
0.355104
0.374718
0.373668
0.397880
0.304096
0.218738
0.000000
0.272652
0.208389
0.160281
0.103034
0.128690
0.166592
0.151606
0.183932
0.044842
0.087749
0.002493
0.000161
0.098911
0.170794
0.092895
0.193389
0.136257
0.173182
0.150599
0.142453
0.065371
0.189442
0.244906
0.412504
0.996851
0.898384
0.374904
0.208173
0.222031
0.296453
0.272892
0.214896
0.210908
0.269192
0.405514
0.352711
0.280974
0.298083
0.334148
0.185766
0.218515
0.230719
0.325824
0.223280
0.241799
0.327721
0.114175
0.087641
0.000005
0.086161
0.185546
0.130307
0.242452
0.312704
0.291380
0.284059
0.305245
0.291776
0.281812
0.297249
0.315234
0.331919
0.399912
0.411889
0.421840
0.400626
0.416742
0.351226
0.341951
0.372757
0.382805
0.377686
0.325026
0.297150
0.285462
0.309785
0.292131
0.285843
0.316573
0.358095
0.384960
0.417057
0.427950
0.409214
0.366331
0.365533
0.370527
0.354397
0.314465
0.281938
0.264250
0.253968
0.238199
0.232292
0.253213
0.248312
0.247303
0.253363
0.288506
0.316269
0.317482
0.323328
0.300315
0.333725
0.297562
0.329882
0.305939
0.254277
0.246008
0.252684
0.255588
0.250106
0.248639
0.242104
0.239042
0.218954
0.250017
0.211030
0.223982
0.131508
0.230826
0.188320
0.265846
0.149318
0.117301
0.118220
0.180921
0.212982
0.186407
0.186450
0.284413
0.326475
0.909811
0.976966
0.510598
0.229453
0.161608
0.184559
0.218839
0.235525
0.245226
0.208671
0.349919
0.344065
0.360889
0.375883
0.432489
0.373404
0.328935
0.267683
0.316374
0.257615
0.287101
0.272393
0.349242
0.348460
0.312580
0.301921
0.259333
0.303060
0.285885
0.298176
0.268212
0.246261
0.224910
0.220445
0.215169
0.225087
0.230443
0.226614
0.215485
0.223996
0.258093
0.289790
0.277495
0.312023
0.314077
0.329727
0.355977
0.392743
0.411700
0.396850
0.383848
0.351012
0.318519
0.300043
0.297082
0.343472
0.384225
0.379630
0.368580
0.318612
0.286829
0.267556
0.280049
0.330741
0.341334
0.345392
0.328796
0.297536
0.268133
0.274420
0.272309
0.245516
0.186359
0.214524
0.201560
0.223078
0.205346
0.264244
0.234529
0.295731
0.270132
0.335420
0.239896
0.201121
0.132657
0.188077
0.174902
0.232108
0.204039
0.145101
0.136755
0.205492
0.223625
0.206781
0.178780
0.313118
0.307317
0.958991
0.981341
0.482453
0.241122
0.211124
0.180707
0.258061
0.239720
0.265846
0.196395
0.375667
0.376780
0.374070
0.333394
0.367289
0.220622
0.221933
0.181334
0.227660
0.163953
0.225854
0.160107
0.229824
0.183785
0.136697
0.216712
0.226999
0.301768
0.318652
0.323564
0.326402
0.335350
0.349351
0.385619
0.380920
0.389823
0.352602
0.337822
0.312355
0.324993
0.320892
0.315774
0.288151
0.241330
0.179850
0.186391
0.194019
0.171845
0.156527
0.159881
0.159748
0.153004
0.211437
0.255827
0.280200
0.200753
0.152935
0.235807
0.242889
0.269964
0.266486
0.130791
0.193689
0.212421
0.263532
0.195343
0.194157
0.256564
0.316105
0.975242
0.981923
0.359993
0.186419
0.154188
0.171716
0.240304
0.209173
0.225683
0.192452
0.222709
0.255585
0.243843
0.283308
0.321524
0.232652
0.216978
0.203615
0.245798
0.214026
0.298905
0.283883
0.364576
0.349557
0.237578
0.197685
0.178121
0.234974
0.231134
0.261954
0.273518
0.265235
0.248412
0.248847
0.271166
0.285316
0.276599
0.300248
0.315771
0.342059
0.385950
0.410208
0.413998
0.406923
0.343964
0.257865
0.289130
0.279921
0.291820
0.273345
0.312214
0.329740
0.385052
0.421219
0.430948
0.450060
0.482617
0.512715
0.477386
0.489476
0.495474
0.474981
0.419146
0.370071
0.294359
0.291170
0.271787
0.253616
0.253644
0.253201
0.262536
0.253295
0.255699
0.248598
0.271052
0.277691
0.259675
0.270433
0.271758
0.288459
0.282619
0.304305
0.344374
0.373766
0.371035
0.357675
0.369323
0.330331
0.320748
0.355431
0.357362
0.377728
0.366559
0.324005
0.307552
0.282786
0.294916
0.319864
0.320793
0.302716
0.312440
0.362626
0.419418
0.455488
0.412375
0.476003
0.419633
0.451349
0.459482
0.496509
0.434921
0.428514
0.321844
0.280247
0.266292
0.266352
0.291183
0.298345
0.306045
0.296608
0.283001
0.262087
0.264950
0.272609
0.292893
0.284273
0.269517
0.253722
0.236941
0.243198
0.237713
0.243993
0.230310
0.263811
0.290588
0.327850
0.357243
0.358794
0.345711
0.310091
0.300737
0.293526
0.288149
0.294219
0.295612
0.306917
0.357590
0.376016
0.382796
0.350582
0.301920
0.199845
0.170183
0.192858
0.227010
0.198395
0.153975
0.128122
0.163636
0.156207
0.197255
0.157600
0.145295
0.096935
0.065176
0.181667
0.136684
0.140708
0.163233
0.091737
0.135677
0.239351
0.225844
0.181529
0.210497
0.285173
0.562625
0.988856
0.966642
0.374045
0.299660
0.266612
0.263779
0.306059
0.259664
0.260585
0.256310
0.269583
0.321685
0.217850
0.249855
0.307616
0.207098
0.264778
0.296186
0.414376
0.360549
0.305042
0.295140
0.272070
0.229630
0.200492
0.183900
0.144164
0.255567
0.251273
0.286247
0.332942
0.320136
0.340639
0.337564
0.341326
0.314905
0.334846
0.319329
0.292311
0.271388
0.322107
0.308224
0.324130
0.297537
0.283601
0.267789
0.263920
0.261240
0.244958
0.252595
0.273652
0.293767
0.299171
0.345689
0.331040
0.327267
0.330045
0.357445
0.353142
0.372471
0.360918
0.353123
0.333377
0.309484
0.340129
0.344315
0.300209
0.293575
0.304494
0.308782
0.286573
0.311193
0.290730
0.300212
0.335468
0.358702
0.380541
0.373292
0.371523
0.363192
0.313620
0.237441
0.229346
0.226041
0.231491
0.233468
0.253964
0.273868
0.298017
0.322999
0.333023
0.350461
0.385243
0.357774
0.333289
0.160878
0.128293
0.284446
0.245616
0.260845
0.173531
0.173223
0.182041
0.225424
0.129669
0.123227
0.110248
0.045297
0.018000
0.164106
0.151178
0.183479
0.130303
0.090024
0.263360
0.196031
0.193164
0.205470
0.293484
0.345045
0.974830
0.994104
0.439684
0.231781
0.314784
0.199458
0.425595
0.271893
0.341221
0.252961
0.262700
0.378583
0.341575
0.345782
0.308247
0.272915
0.274200
0.246296
0.220963
0.266345
0.772871
0.883865
0.573851
0.268771
0.341869
0.330390
0.299945
0.339543
0.332876
0.285670
0.322656
0.279574
0.348125
0.336347
0.456891
0.556077
0.665266
0.505751
0.500189
0.404330
0.331245
0.302685
0.288380
0.275437
0.255751
0.287242
0.251992
0.280125
0.325627
0.344359
0.436581
0.467556
0.533334
0.519171
0.510961
0.443593
0.453290
0.462011
0.443683
0.366633
0.360274
0.346153
0.348904
0.365978
0.375236
0.365499
0.381552
0.336341
0.315924
0.317354
0.343237
0.315942
0.343173
0.340786
0.323695
0.310962
0.286993
0.267475
0.249090
0.258057
0.267702
0.316807
0.352909
0.356809
0.386372
0.371392
0.347890
0.330993
0.305024
0.269974
0.281439
0.265032
0.294529
0.307456
0.326875
0.308382
0.316149
0.293093
0.266830
0.263290
0.276658
0.263543
0.269830
0.287005
0.338641
0.333867
0.339259
0.340685
0.327092
0.290726
0.272152
0.263319
0.265280
0.319362
0.343588
0.343351
0.337562
0.316172
0.276309
0.248249
0.240390
0.244233
0.247577
0.252032
0.264628
0.287569
0.265931
0.262053
0.268411
0.266179
0.266208
0.261623
0.267044
0.272682
0.287470
0.313446
0.336466
0.333068
0.311396
0.297007
0.287391
0.283331
0.281861
0.293547
0.306789
0.318830
0.395594
0.464245
0.452065
0.454782
0.443238
0.385854
0.357043
0.326678
0.307856
0.300492
0.291177
0.294764
0.281630
0.270703
0.262197
0.262068
0.254184
0.264345
0.277290
0.251764
0.251423
0.284017
0.290328
0.323059
0.345233
0.363913
0.336410
0.336740
0.297410
0.281978
0.291661
0.267435
0.320303
0.326099
0.319101
0.312595
0.305150
0.237691
0.234308
0.265124
0.290816
0.289849
0.299925
0.415615
0.874016
0.924206
0.674170
0.219803
0.236108
0.217343
0.219540
0.199075
0.220519
0.218901
0.223193
0.203857
0.250323
0.160562
0.228782
0.214480
0.332477
0.315260
0.297433
0.307741
0.342244
0.277268
0.207315
0.284175
0.231268
0.294495
0.216992
0.311684
0.892254
0.931967
0.697192
0.372544
0.342028
0.426366
0.774730
0.890335
0.701055
0.343389
0.231920
0.260679
0.240978
0.299288
0.333947
0.315352
0.194117
0.242280
0.259323
0.276172
0.246620
0.278682
0.267962
0.289159
0.322194
0.335217
0.282546
0.427941
0.425061
0.405752
0.452487
0.381495
0.340850
0.301407
0.301308
0.304530
0.324241
0.311250
0.307931
0.284276
0.267857
0.250116
0.276771
0.274458
0.269603
0.251307
0.229212
0.226856
0.236913
0.245802
0.252254
0.253677
0.248676
0.254419
0.284590
0.288781
0.274173
0.324195
0.334677
0.368854
0.382436
0.389777
0.404198
0.404114
0.387745
0.402581
0.373712
0.416393
0.388328
0.388703
0.345206
0.310124
0.245380
0.286627
0.244627
0.247207
0.253168
0.271317
0.263024
0.263702
0.313641
0.294429
0.298120
0.296860
0.341005
0.389379
0.444757
0.482016
0.548927
0.523624
0.455172
0.470074
0.456593
0.358521
0.316909
0.286668
0.345729
0.349384
0.358510
0.351269
0.417849
0.522209
0.613872
0.682148
0.796604
0.474889
0.442004
0.352575
0.321778
0.283921
0.355587
0.277598
0.337776
0.306379
0.840565
0.944388
0.621025
0.375223
0.314527
0.258683
0.316317
0.291184
0.326622
0.267551
0.297144
0.246654
0.291887
0.264654
0.320164
0.310163
0.342867
0.304063
0.383158
0.345682
0.358887
0.326213
0.348559
0.317608
0.330638
0.323735
0.315125
0.353786
0.362781
0.348555
0.351605
0.328838
0.318810
0.281352
0.251426
0.249765
0.252289
0.274052
0.289694
0.299142
0.276877
0.250031
0.226257
0.215576
0.219216
0.220529
0.230349
0.241377
0.261459
0.285814
0.351110
0.373457
0.393694
0.381375
0.426665
0.418734
0.453136
0.453596
0.445942
0.409538
0.329954
0.338594
0.331262
0.317557
0.314710
0.357597
0.348910
0.323707
0.344048
0.384146
0.415337
0.385113
0.383853
0.318131
0.302215
0.285738
0.307135
0.278726
0.361188
0.488162
0.757398
0.851886
0.805262
0.563678
0.366104
0.328537
0.340517
0.346635
0.340334
0.431814
0.480897
0.436415
0.407224
0.386313
0.366081
0.337982
0.309328
0.295837
0.325797
0.314328
0.377781
0.348167
0.380406
0.321588
0.339192
0.267848
0.296725
0.289082
0.265785
0.255906
0.266972
0.298875
0.306777
0.331431
0.288391
0.287592
0.289694
0.300872
0.304049
0.325345
0.332712
0.346467
0.394008
0.437553
0.426320
0.455525
0.472372
0.400769
0.384434
0.327103
0.339225
0.381086
0.368476
0.383198
0.433923
0.385146
0.317098
0.300265
0.305199
0.322973
0.307080
0.332224
0.277454
0.278712
0.294015
0.306869
0.270795
0.266694
0.409111
0.572535
0.833999
0.884389
0.694933
0.357727
0.280259
0.300619
0.292266
0.316696
0.327544
0.375805
0.316292
0.334620
0.342619
0.354058
0.311870
0.336029
0.257836
0.262220
0.229209
0.310709
0.299706
0.316859
0.209468
0.214098
0.229260
0.343070
0.278521
0.300441
0.205020
0.211146
0.291053
0.281579
0.275384
0.271962
0.326222
0.738714
0.963393
0.804860
0.376717
0.233639
0.273795
0.298414
0.385532
0.332661
0.294528
0.282473
0.280749
0.259991
0.222012
0.266002
0.289329
0.267792
0.280282
0.296306
0.272823
0.273910
0.276941
0.268905
0.283563
0.305672
0.307398
0.279554
0.334533
0.356378
0.339928
0.383838
0.406371
0.400236
0.342906
0.339895
0.350908
0.343538
0.326257
0.318705
0.293829
0.257714
0.253201
0.231419
0.228780
0.218844
0.214223
0.246735
0.245960
0.278121
0.251171
0.269157
0.270036
0.296099
0.321858
0.335799
0.366597
0.400164
0.387926
0.399556
0.422682
0.450309
0.403878
0.321552
0.301176
0.266180
0.270796
0.255447
0.283690
0.281250
0.308136
0.349957
0.377303
0.368003
0.327551
0.307646
0.271382
0.304937
0.289034
0.281039
0.270229
0.241905
0.246983
0.242672
0.253146
0.220023
0.234202
0.256033
0.288140
0.262981
0.277680
0.237869
0.265752
0.290982
0.319899
0.304907
0.304505
0.354622
0.879263
0.940582
0.600519
0.335855
0.297645
0.272298
0.329946
0.365498
0.387471
0.311344
0.362777
0.290176
0.285196
0.233231
0.263786
0.231046
0.259707
0.246104
0.276389
0.241060
0.331706
0.319858
0.344286
0.329654
0.329865
0.307186
0.274789
0.266793
0.282835
0.265630
0.286461
0.297428
0.299897
0.303863
0.310545
0.305994
0.298773
0.309145
0.354593
0.364181
0.377455
0.375198
0.353825
0.317270
0.320358
0.318320
0.322560
0.340045
0.382327
0.400321
0.393477
0.395511
0.367596
0.361205
0.355162
0.351828
0.332015
0.350097
0.369422
0.387354
0.364837
0.377671
0.384205
0.427458
0.425849
0.575538
0.783297
0.867717
0.766194
0.684858
0.526589
0.452963
0.396709
0.393254
0.382500
0.380191
0.410590
0.396696
0.391946
0.381738
0.358158
0.360630
0.366438
0.388350
0.384608
0.395746
0.379899
0.381657
0.352510
0.374845
0.337198
0.372835
0.360684
0.384072
0.333236
0.381305
0.324050
0.332711
0.340097
0.324352
0.352307
0.386650
0.368629
0.360674
0.372370
0.392176
0.271602
0.264642
0.304593
0.318397
0.273450
0.299347
0.325779
0.617308
0.947776
0.874265
0.619255
0.660171
0.718302
0.706597
0.562089
0.377317
0.339262
0.324348
0.305850
0.345496
0.335364
0.379336
0.427224
0.462189
0.479757
0.412601
0.399987
0.397718
0.404207
0.410828
0.413934
0.416429
0.401644
0.405247
0.414034
0.471918
0.580766
0.753009
0.795332
0.705652
0.640220
0.546927
0.447427
0.419119
0.396515
0.395098
0.375249
0.363327
0.360776
0.359846
0.418188
0.559738
0.657583
0.677941
0.591179
0.524914
0.403563
0.395468
0.401475
0.378233
0.376717
0.370950
0.369705
0.360557
0.316127
0.326023
0.314813
0.398342
0.391861
0.484725
0.448758
0.522643
0.443202
0.407029
0.461797
0.443569
0.422185
0.328141
0.340112
0.302580
0.328097
0.225708
0.226620
0.233192
0.230825
0.261341
0.232095
0.283465
0.298400
0.317420
0.296590
0.321676
0.377140
0.674994
0.929497
0.858075
0.493878
0.335398
0.317722
0.298886
0.328878
0.318635
0.369198
0.334503
0.330086
0.304531
0.261927
0.286172
0.300463
0.293943
0.274251
0.288671
0.319573
0.360095
0.353223
0.367944
0.358932
0.378164
0.358176
0.327979
0.303064
0.310317
0.299959
0.298698
0.297398
0.297002
0.304036
0.287447
0.259533
0.232136
0.247970
0.241369
0.258713
0.251965
0.270960
0.275268
0.297156
0.319589
0.312004
0.321031
0.384431
0.396471
0.471372
0.437634
0.417986
0.368758
0.340166
0.279231
0.281080
0.279596
0.316145
0.347673
0.364703
0.357724
0.323177
0.342483
0.354643
0.353972
0.320240
0.337227
0.379408
0.420869
0.578317
0.665365
0.680129
0.688781
0.609196
0.541138
0.412051
0.380350
0.373483
0.381527
0.369516
0.339574
0.407105
0.412979
0.414774
0.370184
0.306213
0.342954
0.346009
0.335443
0.396439
0.433184
0.726623
0.830391
0.852165
0.690658
0.506783
0.398721
0.368835
0.363497
0.356331
0.346722
0.487162
0.536772
0.555152
0.513965
0.493976
0.371385
0.329518
0.296286
0.315303
0.327862
0.328792
0.307955
0.319920
0.319394
0.346502
0.378450
0.366216
0.422032
0.437329
0.433688
0.429719
0.407672
0.406524
0.365860
0.355773
0.334959
0.367495
0.379628
0.383850
0.354011
0.339493
0.299770
0.283154
0.281029
0.299966
0.318767
0.319043
0.311671
0.307087
0.311494
0.266284
0.298499
0.269746
0.250094
0.241416
0.238466
0.238182
0.268334
0.304085
0.314754
0.328620
0.334656
0.345336
0.308784
0.329606
0.371196
0.314158
0.317534
0.298183
0.356937
0.306607
0.354535
0.396201
0.750389
0.880652
0.767553
0.440582
0.362217
0.308680
0.330218
0.341074
0.369828
0.417543
0.464389
0.503002
0.494701
0.424448
0.509307
0.767287
0.924182
0.752114
0.496230
0.374966
0.347803
0.357790
0.396073
0.401854
0.451758
0.561684
0.607421
0.502387
0.391398
0.331488
0.324522
0.308073
0.292849
0.297542
0.323617
0.326889
0.365422
0.372844
0.453271
0.466134
0.423105
0.359470
0.335226
0.328570
0.314895
0.333365
0.339389
0.371875
0.437668
0.453742
0.430529
0.449430
0.402263
0.366898
0.321569
0.378996
0.364882
0.355958
0.329558
0.294066
0.268427
0.249263
0.242190
0.246508
0.295522
0.295831
0.292879
0.305351
0.295071
0.284135
0.281389
0.279728
0.265636
0.283604
0.298982
0.322212
0.365723
0.380680
0.383885
0.359041
0.349196
0.305180
0.307500
0.294153
0.309357
0.317632
0.316056
0.314704
0.333730
0.323260
0.317291
0.330290
0.348450
0.341164
0.313477
0.298866
0.272550
0.278334
0.272758
0.233934
0.300386
0.319628
0.323810
0.284757
0.286166
0.196820
0.227752
0.207878
0.263671
0.249656
0.260079
0.249218
0.328499
0.324679
0.350580
0.366959
0.366430
0.329490
0.337005
0.331211
0.344012
0.316606
0.354934
0.783522
0.938134
0.818857
0.477236
0.377631
0.377546
0.329615
0.301836
0.356007
0.364134
0.390985
0.373462
0.378688
0.307043
0.302360
0.284592
0.336566
0.363061
0.342058
0.380034
0.417009
0.458028
0.381070
0.382262
0.352705
0.340485
0.285751
0.318097
0.265547
0.290333
0.307746
0.320290
0.302189
0.326190
0.451138
0.865523
0.904053
0.694657
0.388120
0.321372
0.296701
0.305070
0.339987
0.323192
0.309820
0.304072
0.308230
0.297752
0.289557
0.326659
0.305108
0.310155
0.342522
0.449861
0.566562
0.569106
0.533096
0.513795
0.442222
0.413075
0.346111
0.325817
0.324849
0.310737
0.287940
0.303736
0.344315
0.313221
0.290240
0.305800
0.289078
0.242993
0.251961
0.245259
0.276785
0.278879
0.276396
0.318198
0.384451
0.411095
0.368115
0.385592
0.381816
0.388442
0.345155
0.357967
0.359829
0.383802
0.453304
0.586647
0.694919
0.703871
0.653897
0.567245
0.447078
0.359415
0.321541
0.326910
0.357341
0.342477
0.307933
0.342478
0.389366
0.383603
0.406345
0.387598
0.396389
0.390441
0.387115
0.377487
0.386304
0.374872
0.324248
0.306523
0.301710
0.315282
0.332551
0.350769
0.348231
0.347353
0.321411
0.281974
0.287050
0.328846
0.325079
0.293658
0.293565
0.323651
0.385712
0.489259
0.597003
0.673388
0.712460
0.596642
0.570908
0.455318
0.392943
0.370896
0.347334
0.336182
0.320029
0.276131
0.272050
0.277055
0.304776
0.298721
0.311166
0.316572
0.323826
0.325409
0.354376
0.353856
0.348103
0.361538
0.369003
0.355980
0.331751
0.338737
0.356211
0.384455
0.400898
0.420266
0.406882
0.401904
0.372798
0.303935
0.282581
0.272700
0.276960
0.254249
0.257497
0.248685
0.260056
0.250754
0.284166
0.335591
0.339021
0.344483
0.338669
0.311263
0.290846
0.301602
0.298275
0.318241
0.308340
0.301216
0.286140
0.293923
0.292385
0.349103
0.363608
0.391223
0.387080
0.375992
0.355475
0.365441
0.341256
0.419569
0.421480
0.441934
0.452407
0.415798
0.361872
0.389460
0.378868
0.349765
0.318295
0.361724
0.323963
0.302626
0.287894
0.354473
0.611353
0.852248
0.846870
0.712664
0.557951
0.437430
0.421584
0.341165
0.299603
0.312316
0.319512
0.341695
0.371270
0.349627
0.339315
0.367787
0.328594
0.370849
0.382158
0.404785
0.385471
0.363538
0.387375
0.363608
0.391236
0.386132
0.385921
0.560638
0.915702
0.878853
0.563959
0.408370
0.332512
0.314675
0.321162
0.303479
0.289279
0.323496
0.411688
0.486213
0.385462
0.331370
0.349206
0.317953
0.310140
0.325315
0.339286
0.427321
0.421873
0.413884
0.377246
0.371494
0.308980
0.321804
0.287673
0.346310
0.347658
0.364955
0.342105
0.321483
0.267935
0.288719
0.248335
0.268072
0.255120
0.249399
0.217908
0.265272
0.320190
0.341060
0.341841
0.325214
0.311951
0.248938
0.235027
0.313042
0.294608
0.341150
0.275928
0.350982
0.322033
0.323269
0.301548
0.586250
0.881862
0.839637
0.653060
0.360428
0.333746
0.330442
0.442524
0.419367
0.459689
0.366313
0.355065
0.342315
0.317721
0.320300
0.367927
0.359473
0.369974
0.347650
0.336253
0.279594
0.300688
0.289677
0.255682
0.220705
0.254699
0.284361
0.294342
0.321309
0.291025
0.300264
0.309489
0.336477
0.350512
0.364953
0.353518
0.359932
0.275582
0.276673
0.313264
0.289118
0.310641
0.316731
0.343970
0.734888
0.946173
0.820301
0.479273
0.486197
0.415743
0.377349
0.359307
0.356685
0.401663
0.441402
0.391703
0.401589
0.316093
0.338528
0.319275
0.339675
0.350780
0.415426
0.744424
0.903564
0.742645
0.559126
0.510363
0.385306
0.416004
0.422270
0.408434
0.417272
0.365260
0.406152
0.389256
0.393414
0.393105
0.405122
0.366434
0.353184
0.361713
0.370875
0.369790
0.377850
0.418260
0.419369
0.387421
0.436167
0.432638
0.436194
0.432602
0.424663
0.381307
0.350910
0.385185
0.390840
0.361601
0.392323
0.590240
0.749029
0.820387
0.778334
0.647318
0.446101
0.384634
0.385937
0.450893
0.476793
0.488954
0.491560
0.453623
0.415399
0.362478
0.357254
0.375634
0.394951
0.402175
0.423630
0.451475
0.473926
0.490321
0.471219
0.445821
0.441367
0.499669
0.470428
0.549260
0.702945
0.772382
0.757016
0.646963
0.501348
0.462931
0.423565
0.614299
0.710825
0.831442
0.772154
0.609543
0.472530
0.386738
0.394046
0.437535
0.365799
0.380889
0.382932
0.403926
0.452184
0.455581
0.443063
0.421540
0.420019
0.392998
0.413990
0.417308
0.380197
0.363607
0.373531
0.401369
0.373545
0.384051
0.369481
0.570626
0.856488
0.936961
0.734924
0.634852
0.758568
0.845125
0.730917
0.564313
0.411051
0.361580
0.378009
0.398030
0.402423
0.450473
0.422406
0.411023
0.377875
0.347311
0.357972
0.363390
0.374679
0.380232
0.374132
0.378098
0.393504
0.440521
0.418845
0.440845
0.423896
0.418801
0.389995
0.408219
0.337883
0.380958
0.367790
0.375727
0.312796
0.333629
0.323840
0.344937
0.343171
0.428409
0.662676
0.768379
0.838019
0.744363
0.593604
0.397910
0.356267
0.404568
0.444150
0.458615
0.504384
0.500396
0.481867
0.404086
0.364807
0.357536
0.331752
0.358481
0.347354
0.346851
0.376335
0.371560
0.351531
0.426081
0.430824
0.465723
0.412491
0.420915
0.406577
0.307046
0.328195
0.350831
0.343460
0.343774
0.404943
0.545657
0.856105
0.898312
0.701058
0.518477
0.529922
0.414135
0.398017
0.388036
0.379962
0.381339
0.360736
0.358921
0.353074
0.350142
0.349613
0.357012
0.371084
0.393618
0.376865
0.433088
0.770600
0.867284
0.813928
0.634871
0.491511
0.414951
0.430025
0.457063
0.507821
0.498966
0.532018
0.478266
0.415983
0.388274
0.352995
0.339662
0.354856
0.349417
0.377656
0.375693
0.363575
0.365830
0.364842
0.430180
0.470315
0.505026
0.448128
0.431674
0.390729
0.360663
0.326214
0.332912
0.358331
0.371579
0.326589
0.339890
0.382265
0.431670
0.434043
0.511967
0.515127
0.505715
0.407691
0.420544
0.543499
0.765547
0.927487
0.861639
0.575935
0.595767
0.675629
0.689035
0.635281
0.584658
0.445685
0.400371
0.380171
0.371533
0.346419
0.330485
0.350127
0.362480
0.367091
0.398730
0.391158
0.390442
0.365625
0.380408
0.381373
0.343853
0.364880
0.383068
0.371197
0.373864
0.430213
0.436528
0.433075
0.419814
0.374781
0.351012
0.341630
0.349774
0.366460
0.376079
0.397653
0.400231
0.386804
0.361135
0.323267
0.293991
0.269686
0.237757
0.226896
0.221258
0.232687
0.217004
0.237383
0.239633
0.259942
0.282135
0.304516
0.323237
0.308008
0.303208
0.337451
0.375757
0.384315
0.431941
0.470035
0.475474
0.448016
0.521579
0.514750
0.557561
0.538189
0.494300
0.412861
0.370626
0.382631
0.400770
0.393397
0.384432
0.354275
0.302053
0.308130
0.267681
0.291013
0.317855
0.300125
0.271116
0.284239
0.317821
0.397783
0.363868
0.401523
0.405341
0.439523
0.422152
0.394506
0.378995
0.532988
0.745295
0.899530
0.786507
0.508079
0.426691
0.399569
0.409422
0.403176
0.388635
0.379508
0.400318
0.427372
0.433831
0.484380
0.525688
0.494012
0.483899
0.645598
0.685453
0.798173
0.857338
0.821882
0.714783
0.601133
0.579896
0.440426
0.430797
0.429866
0.448993
0.527649
0.502429
0.524006
0.470299
0.448453
0.459986
0.460261
0.495174
0.415044
0.399430
0.417210
0.461047
0.509989
0.617023
0.622546
0.570543
0.477074
0.424371
0.365317
0.314730
0.323136
0.313137
0.287000
0.302836
0.294652
0.299768
0.271735
0.248018
0.241983
0.263288
0.272226
0.270851
0.295505
0.335139
0.328029
0.337332
0.355772
0.354871
0.328809
0.343317
0.369328
0.392738
0.460621
0.553936
0.561446
0.444071
0.440707
0.368959
0.349222
0.350371
0.360852
0.355499
0.362798
0.324466
0.492092
0.672504
0.925298
0.865426
0.553644
0.456852
0.345665
0.363923
0.381204
0.401025
0.405237
0.454307
0.439446
0.428510
0.402072
0.407694
0.416143
0.419606
0.349593
0.395102
0.449974
0.489112
0.504114
0.486364
0.495550
0.380508
0.432661
0.418923
0.408771
0.376615
0.400523
0.342786
0.299209
0.268977
0.298467
0.262049
0.254871
0.268910
0.303616
0.284876
0.338438
0.317138
0.321003
0.336123
0.336205
0.521432
0.816768
0.882480
0.734214
0.528834
0.519986
0.769910
0.768290
0.682117
0.528325
0.468928
0.423959
0.417053
0.395636
0.515030
0.565458
0.722326
0.768053
0.715089
0.601241
0.528302
0.386763
0.365956
0.365623
0.349278
0.369717
0.367113
0.369220
0.356196
0.393890
0.442942
0.429607
0.450905
0.440797
0.426428
0.418526
0.417028
0.419397
0.421486
0.430621
0.427430
0.393304
0.435276
0.451306
0.549946
0.513066
0.530544
0.557444
0.550956
0.566224
0.774892
0.859739
0.835895
0.749876
0.633698
0.472976
0.397494
0.333963
0.317583
0.362590
0.356954
0.346002
0.347593
0.360879
0.361880
0.375917
0.412559
0.417404
0.451097
0.506893
0.511192
0.497232
0.468925
0.461208
0.418707
0.412608
0.408903
0.462744
0.432315
0.501155
0.699122
0.784697
0.781411
0.738077
0.635810
0.483065
0.348930
0.344592
0.361416
0.369825
0.363673
0.370358
0.370669
0.393924
0.346721
0.389498
0.364063
0.373795
0.379355
0.376966
0.412546
0.412035
0.357866
0.335322
0.321999
0.334865
0.352696
0.354620
0.345104
0.305981
0.292573
0.278891
0.275243
0.279167
0.277749
0.294758
0.312044
0.341323
0.321973
0.317023
0.333825
0.361641
0.398678
0.477436
0.492375
0.498816
0.465668
0.411342
0.342405
0.413475
0.403238
0.457742
0.380859
0.459928
0.509709
0.714022
0.899697
0.902689
0.757530
0.584212
0.545417
0.558020
0.543716
0.449744
0.343763
0.349438
0.349577
0.366678
0.350930
0.372014
0.359791
0.375726
0.350762
0.362254
0.364839
0.352370
0.362097
0.387002
0.405826
0.418947
0.462215
0.502902
0.513427
0.504987
0.480840
0.424353
0.452395
0.438605
0.413522
0.383176
0.410644
0.400460
0.489997
0.556808
0.715002
0.739699
0.619748
0.551929
0.481715
0.461270
0.453327
0.465333
0.467153
0.575375
0.734291
0.832463
0.773500
0.558805
0.470697
0.407762
0.470267
0.418221
0.418106
0.437799
0.528963
0.643773
0.882568
0.843568
0.703505
0.586240
0.620762
0.572955
0.543338
0.566478
0.557530
0.580507
0.563630
0.547040
0.519477
0.466085
0.420008
0.413648
0.432037
0.467731
0.492074
0.542970
0.701938
0.786873
0.771738
0.753519
0.664932
0.574957
0.514945
0.429979
0.417462
0.405801
0.416288
0.409532
0.437676
0.460395
0.441795
0.456777
0.435287
0.406098
0.396162
0.445040
0.492945
0.765898
0.885402
0.829683
0.629417
0.527893
0.471484
0.425595
0.424118
0.395310
0.367462
0.388860
0.382228
0.431075
0.425365
0.438488
0.458127
0.552158
0.549675
0.526106
0.500791
0.425409
0.391185
0.399436
0.381662
0.364662
0.377914
0.411291
0.399808
0.452884
0.455209
0.415955
0.418892
0.382279
0.338454
0.321225
0.359850
0.360878
0.386984
0.414517
0.697208
0.839710
0.865679
0.722953
0.522674
0.439705
0.468914
0.462507
0.495722
0.456527
0.408462
0.377495
0.344315
0.323572
0.326482
0.344751
0.360304
0.367923
0.409594
0.455600
0.484051
0.462018
0.448156
0.432866
0.403244
0.390699
0.385433
0.368291
0.385866
0.355562
0.376470
0.403656
0.392690
0.402526
0.378460
0.371012
0.360455
0.327281
0.286395
0.286756
0.285884
0.312188
0.366917
0.349822
0.310069
0.271921
0.250040
0.239823
0.230144
0.235515
0.238381
0.240258
0.256078
0.322696
0.386926
0.430808
0.443137
0.421909
0.439773
0.406416
0.350283
0.311751
0.315252
0.335245
0.306802
0.287995
0.288611
0.296553
0.314986
0.350922
0.371047
0.388502
0.357149
0.333563
0.334975
0.327179
0.324736
0.299207
0.298044
0.280717
0.271182
0.254677
0.262725
0.265069
0.259594
0.262419
0.266902
0.253077
0.275688
0.299310
0.322043
0.351440
0.377353
0.408357
0.433270
0.443269
0.391991
0.390527
0.350924
0.310377
0.286884
0.296456
0.299175
0.327987
0.352595
0.390572
0.446311
0.502036
0.498673
0.488755
0.433505
0.422937
0.444472
0.482011
0.445115
0.452694
0.447031
0.449526
0.415547
0.436789
0.431428
0.686917
0.884455
0.838530
0.629387
0.494756
0.446540
0.430674
0.414752
0.393658
0.419866
0.598392
0.812756
0.891922
0.710415
0.558975
0.642777
0.626132
0.628300
0.506273
0.392851
0.380900
0.393766
0.425551
0.400146
0.358753
0.361336
0.375976
0.359667
0.373871
0.381089
0.388082
0.451151
0.468156
0.535896
0.490854
0.457078
0.441583
0.443794
0.416049
0.387372
0.370907
0.356227
0.340063
0.341223
0.341437
0.315223
0.295069
0.262352
0.261586
0.243675
0.239200
0.245760
0.253381
0.294154
0.305773
0.302661
0.291207
0.270273
0.255077
0.255817
0.234576
0.250298
0.247731
0.253179
0.262857
0.272688
0.279927
0.318911
0.326345
0.321396
0.320033
0.305857
0.316688
0.320646
0.319452
0.449586
0.525813
0.491110
0.480454
0.406192
0.360191
0.376906
0.364986
0.353206
0.345494
0.410599
0.435932
0.451169
0.569480
0.539643
0.566091
0.447324
0.484815
0.609657
0.817016
0.871989
0.725657
0.496156
0.441580
0.455529
0.444239
0.451861
0.401354
0.355093
0.375267
0.360931
0.372559
0.362358
0.436162
0.482133
0.578119
0.533242
0.477318
0.409929
0.409214
0.421820
0.457953
0.416263
0.441748
0.444851
0.637716
0.818378
0.866558
0.701850
0.549354
0.465036
0.412582
0.395062
0.423452
0.418989
0.383580
0.393485
0.378856
0.366203
0.394549
0.385544
0.410578
0.367736
0.387560
0.380444
0.389443
0.386649
0.402276
0.419567
0.416833
0.431340
0.489992
0.503540
0.493311
0.481740
0.447824
0.430822
0.404236
0.359461
0.333636
0.329095
0.339799
0.317755
0.384394
0.448376
0.456812
0.435746
0.456794
0.508532
0.621332
0.899017
0.869485
0.715351
0.569426
0.512022
0.474995
0.414864
0.385383
0.418394
0.450706
0.491728
0.483140
0.765614
0.892941
0.789593
0.625994
0.556670
0.530906
0.495118
0.501543
0.512661
0.594766
0.677932
0.642820
0.726707
0.827684
0.846691
0.702453
0.550072
0.496398
0.496808
0.490221
0.618005
0.633396
0.639579
0.598033
0.517822
0.391287
0.378178
0.349043
0.376784
0.377671
0.410815
0.402268
0.398338
0.376731
0.371656
0.385595
0.391146
0.408814
0.400770
0.404793
0.390878
0.374840
0.332999
0.348882
0.368904
0.395319
0.404082
0.393761
0.356753
0.353244
0.339001
0.324730
0.327816
0.304143
0.283361
0.270518
0.273875
0.270319
0.285726
0.293616
0.298090
0.292520
0.292264
0.361834
0.358621
0.383208
0.364149
0.324526
0.320175
0.333254
0.380274
0.389390
0.408649
0.376578
0.380269
0.380434
0.374715
0.432144
0.498695
0.574244
0.586408
0.550554
0.595076
0.554637
0.579075
0.718914
0.838305
0.820361
0.663518
0.554787
0.525559
0.470815
0.421946
0.414771
0.421529
0.420027
0.422801
0.404066
0.414054
0.465691
0.521564
0.468014
0.452283
0.444063
0.430645
0.422162
0.434847
0.533203
0.791979
0.897123
0.717701
0.585140
0.593726
0.597022
0.638175
0.521686
0.524259
0.405109
0.399161
0.416681
0.397478
0.387508
0.393032
0.424879
0.441719
0.450450
0.408259
0.397096
0.379008
0.379977
0.367900
0.380194
0.421183
0.441229
0.421693
0.414990
0.413410
0.395422
0.376830
0.343977
0.308659
0.275996
0.272971
0.268604
0.297634
0.296404
0.290298
0.274125
0.283903
0.271778
0.275608
0.294718
0.335744
0.368892
0.386105
0.365270
0.372675
0.368865
0.376742
0.362241
0.350191
0.350464
0.352163
0.334123
0.322403
0.324878
0.344719
0.337529
0.326078
0.302456
0.338069
0.380781
0.503820
0.602842
0.669756
0.691345
0.673760
0.598758
0.546861
0.359616
0.334849
0.324928
0.320909
