# True Peaks (Indices)
230
231
530
531
540
541
618
619
656
657
663
664
837
838
845
846
937
938
943
944
972
973
1144
1145
1158
1159
1205
1206
1207
1359
1360
1363
1364
1371
1372
1387
1388
1394
1395
1508
1509
1514
1515
1580
1581
1584
1585
1587
1588
1665
1666
1685
1686
1774
1775
1783
1784
1795
1796
1839
1840
1858
1859
1905
1906
1911
1912
1915
1916
2026
2027
2040
2041
2088
2089
2094
2095
2166
2167
2174
2175
2214
2215
2224
2225
2241
2242
2255
2256
2273
2274
2311
2312
2317
2318
2325
2326
2328
2329
2334
2335
2339
2340
2363
2364
2375
2376
2383
2384
2389
2390
2391
2393
2394
2406
2407
2477
2478
2490
2491
2527
2528
2549
2550
2553
2554
2654
2655
2662
2663
2669
2670
2695
2696
2742
2743
2745
2746
2749
2750
2782
2783
2784
2785
2789
2790
2796
2797
2805
2806
2808
2809
2810
2814
2815
2879
2880
2930
2931
2936
2937
2948
2949
2953
2954
2957
2958
2965
2966
2969
2970
2980
2981
3003
3004
3018
3019
3060
3061
3079
3080
3090
3091
3094
3095
3111
3112
3139
3140
3148
3149
3151
3152
3163
3164
3187
3188
3195
3196
3199
3200
3221
3222
3269
3270
3281
3282
3285
3286
3304
3305
3318
3319
3329
3330
3332
3333
3348
3349
3351
3352
3393
3394
3400
3401
3423
3424
3432
3433
3446
3447
3455
3456
3461
3462
3473
3474
3492
3493
