# Predictions (Probabilities)
0.287811
0.287475
0.285584
0.280863
0.286288
0.286292
0.287758
0.285117
0.301627
0.298659
0.312109
0.331724
0.340888
0.380775
0.391637
0.357250
0.341993
0.307331
0.293165
0.296066
0.290513
0.295191
0.288806
0.316760
0.325874
0.347986
0.409039
0.492547
0.536988
0.528099
0.482269
0.422494
0.343053
0.297368
0.296512
0.299742
0.281577
0.277630
0.296573
0.342714
0.347004
0.354334
0.308123
0.299828
0.275691
0.270535
0.272239
0.274600
0.282276
0.274533
0.272163
0.265926
0.287201
0.310133
0.313094
0.327335
0.328478
0.327644
0.323618
0.305725
0.306678
0.303252
0.291929
0.278994
0.277321
0.277850
0.277484
0.277853
0.268357
0.270037
0.281872
0.299492
0.325446
0.330298
0.330781
0.332131
0.305460
0.306058
0.289856
0.296607
0.302118
0.319545
0.301226
0.295154
0.293424
0.294336
0.291567
0.293466
0.306265
0.324558
0.308827
0.305160
0.296939
0.289076
0.336452
0.321059
0.316081
0.289046
0.281192
0.258443
0.255928
0.244597
0.244145
0.247033
0.249881
0.253138
0.253477
0.265368
0.261723
0.275583
0.280976
0.302426
0.325188
0.353415
0.379365
0.387270
0.387153
0.356058
0.343007
0.373161
0.385938
0.406892
0.385992
0.338143
0.315252
0.304946
0.287319
0.291033
0.286062
0.289744
0.294270
0.294833
0.298759
0.346772
0.364530
0.376951
0.359814
0.322895
0.288386
0.255657
0.262723
0.266958
0.263415
0.256258
0.270598
0.292524
0.317795
0.326855
0.326478
0.284133
0.277418
0.291338
0.288652
0.293703
0.299220
0.285621
0.281368
0.281313
0.296512
0.319960
0.380095
0.398696
0.401969
0.372549
0.325595
0.297875
0.301852
0.295741
0.297725
0.281786
0.278966
0.277209
0.275851
0.283120
0.299305
0.284286
0.276949
0.273909
0.265275
0.273190
0.276341
0.273828
0.281285
0.303189
0.313700
0.330448
0.361622
0.367735
0.393118
0.395482
0.338229
0.235341
0.220907
0.220574
0.229747
0.179589
0.149644
0.166225
0.175985
0.173950
0.231903
0.210319
0.183251
0.099756
0.165847
0.115059
0.164193
0.134457
0.164549
0.088547
0.164646
0.197245
0.192146
0.171227
0.227897
0.271390
0.740290
0.982090
0.821561
0.277812
0.221961
0.184227
0.269218
0.254308
0.226525
0.174226
0.200337
0.187483
0.250952
0.208126
0.290129
0.266371
0.235125
0.216471
0.253389
0.181141
0.189671
0.169621
0.234868
0.183426
0.144165
0.210058
0.193513
0.213644
0.241477
0.300207
0.355003
0.359945
0.348559
0.338910
0.313503
0.287450
0.250567
0.262181
0.261142
0.272878
0.261830
0.262338
0.270887
0.262028
0.270848
0.294540
0.374458
0.392154
0.395401
0.372191
0.334975
0.319999
0.301073
0.274123
0.271119
0.266714
0.269390
0.255534
0.137927
0.000000
0.000038
0.210892
0.148555
0.105876
0.038103
0.143318
0.156835
0.181332
0.107188
0.028569
0.048698
0.000008
0.037711
0.078301
0.088720
0.166440
0.034523
0.056287
0.218414
0.101539
0.056872
0.109879
0.267491
0.290213
0.995867
0.998204
0.364693
0.245710
0.211089
0.163979
0.236792
0.144633
0.218283
0.174062
0.206240
0.149485
0.125880
0.169862
0.296753
0.198174
0.218740
0.220264
0.298233
0.238305
0.212733
0.237121
0.231834
0.142825
0.059403
0.172432
0.105167
0.169084
0.228431
0.303704
0.296236
0.293503
0.292526
0.275341
0.268241
0.251616
0.235440
0.244652
0.295019
0.322127
0.338325
0.341259
0.319601
0.275003
0.259869
0.269512
0.275358
0.275931
0.283022
0.277266
0.275759
0.275131
0.272016
0.270282
0.285204
0.293626
0.318399
0.342581
0.373571
0.375108
0.369164
0.343131
0.337309
0.343298
0.343626
0.362423
0.353535
0.311353
0.297063
0.284356
0.264093
0.260130
0.250454
0.245719
0.240021
0.245235
0.248074
0.252097
0.269977
0.278349
0.294133
0.281924
0.294424
0.345004
0.354345
0.375390
0.372849
0.358848
0.321192
0.286346
0.275340
0.278487
0.291999
0.312956
0.295946
0.323556
0.312562
0.308928
0.206232
0.225872
0.200289
0.191800
0.183035
0.238243
0.173188
0.222861
0.130602
0.202330
0.132707
0.228610
0.131199
0.163863
0.141256
0.235726
0.191330
0.232862
0.204258
0.285757
0.320900
0.921440
0.974034
0.591710
0.195893
0.159054
0.166199
0.231931
0.215382
0.215865
0.188812
0.276503
0.198688
0.258498
0.296529
0.389334
0.301415
0.306628
0.260588
0.250127
0.223864
0.256062
0.198017
0.241534
0.205401
0.202721
0.220003
0.230607
0.276962
0.329610
0.341279
0.344132
0.337098
0.332998
0.303593
0.276458
0.264243
0.259581
0.255340
0.254094
0.247938
0.247559
0.262966
0.276264
0.270144
0.264000
0.251880
0.242176
0.244414
0.255400
0.263445
0.265982
0.272475
0.286982
0.285419
0.306001
0.296042
0.311830
0.317322
0.324977
0.361382
0.430989
0.448139
0.456924
0.450379
0.404591
0.327118
0.307958
0.284477
0.299031
0.292679
0.286467
0.281532
0.305092
0.285836
0.277368
0.276540
0.279414
0.294564
0.326609
0.333556
0.319947
0.300622
0.284859
0.272719
0.274164
0.268422
0.271572
0.324021
0.329325
0.302595
0.309554
0.316883
0.323564
0.303458
0.316425
0.325845
0.421374
0.434908
0.534884
0.638470
0.687959
0.642076
0.664434
0.546109
0.434639
0.331362
0.315051
0.316316
0.312523
0.289281
0.282796
0.291028
0.295151
0.285271
0.322640
0.357384
0.367419
0.342915
0.322404
0.318817
0.304846
0.279780
0.278540
0.270219
0.266164
0.259286
0.269559
0.270214
0.274415
0.299657
0.321755
0.334494
0.377640
0.447603
0.480597
0.444142
0.412296
0.376368
0.315618
0.314572
0.308671
0.319915
0.299620
0.309725
0.348976
0.366277
0.362292
0.345584
0.325206
0.308594
0.300785
0.287327
0.280033
0.270476
0.271709
0.267488
0.312943
0.303679
0.308521
0.279354
0.274322
0.263247
0.259680
0.267103
0.266027
0.278147
0.293983
0.324449
0.330900
0.330190
0.302671
0.296903
0.277811
0.281841
0.292810
0.287794
0.298104
0.291114
0.291572
0.272667
0.290956
0.301357
0.351635
0.381682
0.383685
0.368778
0.357128
0.317919
0.342883
0.336630
0.321397
0.285706
0.281738
0.260431
0.247475
0.251722
0.250338
0.270855
0.279516
0.287577
0.286576
0.318827
0.317325
0.336654
0.333258
0.407656
0.411153
0.413624
0.392292
0.386183
0.329510
0.273238
0.263045
0.278966
0.273322
0.271872
0.273488
0.289408
0.308877
0.340912
0.341914
0.335455
0.323884
0.321825
0.303726
0.254954
0.246640
0.250178
0.292302
0.230370
0.184072
0.166230
0.189337
0.198837
0.209446
0.139706
0.168593
0.124618
0.136190
0.138631
0.189192
0.148537
0.227486
0.083809
0.190350
0.223634
0.241596
0.175297
0.211060
0.302218
0.452003
0.988494
0.943904
0.291725
0.215018
0.210245
0.195999
0.194268
0.163919
0.185515
0.223009
0.263598
0.303236
0.259083
0.305714
0.325218
0.248068
0.224219
0.212702
0.220151
0.214046
0.233500
0.303254
0.361221
0.325742
0.287353
0.233107
0.211998
0.237294
0.190666
0.185728
0.218283
0.199839
0.168234
0.157835
0.163429
0.153497
0.172635
0.179009
0.129830
0.160053
0.102356
0.155632
0.110889
0.175357
0.156782
0.168001
0.110555
0.180252
0.238562
0.249077
0.204743
0.252129
0.315609
0.884625
0.985874
0.672909
0.294420
0.235920
0.240321
0.272047
0.262217
0.219461
0.169662
0.206848
0.205271
0.216927
0.164025
0.246781
0.180499
0.174017
0.155082
0.219802
0.169070
0.212369
0.202048
0.229960
0.210986
0.183404
0.229832
0.196541
0.290370
0.255470
0.239277
0.337087
0.370959
0.357928
0.354379
0.366395
0.374349
0.405213
0.495396
0.559952
0.594130
0.555061
0.549700
0.456379
0.368182
0.320677
0.315255
0.316281
0.293093
0.254949
0.257181
0.279379
0.271640
0.240524
0.251113
0.269478
0.233123
0.245888
0.272146
0.264084
0.262299
0.292726
0.197141
0.227290
0.165244
0.288287
0.209113
0.239846
0.151610
0.183390
0.122883
0.179960
0.178223
0.173192
0.181601
0.256944
0.317349
0.896109
0.976612
0.702442
0.235172
0.233485
0.221244
0.284724
0.234336
0.235252
0.179008
0.227144
0.171878
0.204515
0.200461
0.238136
0.154576
0.234223
0.232637
0.305234
0.233456
0.279484
0.239928
0.223235
0.218564
0.214893
0.275792
0.253870
0.310213
0.280213
0.305982
0.312025
0.307304
0.303169
0.274630
0.299518
0.308221
0.314663
0.357891
0.445931
0.426520
0.435813
0.410806
0.381139
0.290860
0.290872
0.291002
0.301725
0.301958
0.301572
0.293036
0.297720
0.281111
0.271065
0.274811
0.302764
0.315686
0.310590
0.290731
0.302415
0.278323
0.279739
0.275471
0.276386
0.276261
0.302699
0.314376
0.333186
0.341958
0.316050
0.340435
0.365261
0.396641
0.417907
0.419227
0.373708
0.336090
0.292276
0.286815
0.265263
0.269733
0.271641
0.257417
0.242772
0.242536
0.240167
0.242950
0.248715
0.248932
0.247586
0.246635
0.260955
0.259692
0.266857
0.267380
0.288187
0.295496
0.299578
0.295149
0.307488
0.324917
0.327488
0.331596
0.310221
0.306501
0.310139
0.332501
0.309003
0.299678
0.308366
0.337904
0.391603
0.413569
0.449842
0.451559
0.457508
0.433430
0.397111
0.272064
0.264307
0.255730
0.270259
0.210531
0.261720
0.237975
0.256424
0.226522
0.231401
0.196787
0.295416
0.224287
0.238660
0.217275
0.350018
0.258548
0.206683
0.236532
0.304265
0.259323
0.264136
0.237549
0.316070
0.480945
0.938590
0.855293
0.494296
0.602530
0.844842
0.831664
0.680024
0.331246
0.294799
0.238656
0.301929
0.347788
0.271169
0.320338
0.364973
0.371563
0.342924
0.367025
0.370724
0.348077
0.381577
0.369961
0.391334
0.268656
0.319606
0.248188
0.256495
0.236106
0.305675
0.276931
0.262964
0.263349
0.275303
0.314918
0.324449
0.315722
0.320087
0.321389
0.328617
0.318344
0.302589
0.300819
0.287412
0.280651
0.267486
0.265896
0.271275
0.283419
0.292345
0.298116
0.293661
0.296530
0.299570
0.309189
0.362095
0.399939
0.425227
0.423304
0.406831
0.359398
0.307409
0.311747
0.354809
0.364989
0.397677
0.377743
0.354032
0.311348
0.278507
0.252772
0.256178
0.256833
0.260045
0.277394
0.262335
0.273704
0.263618
0.266164
0.274206
0.273408
0.277262
0.276733
0.267124
0.270354
0.271557
0.248433
0.266186
0.262146
0.273276
0.271252
0.278390
0.280679
0.292282
0.298074
0.319951
0.342824
0.445018
0.503936
0.510651
0.506654
0.503824
0.449673
0.443654
0.443960
0.420880
0.393353
0.336387
0.323360
0.301092
0.294299
0.291440
0.297255
0.296564
0.331207
0.344221
0.354792
0.319704
0.291516
0.289845
0.269761
0.276084
0.268052
0.287628
0.309796
0.312190
0.299238
0.290348
0.284277
0.279803
0.269845
0.271212
0.258319
0.274041
0.289401
0.239918
0.173282
0.170733
0.235428
0.219679
0.270808
0.208686
0.219539
0.252858
0.259738
0.234933
0.146934
0.267803
0.127648
0.223639
0.251531
0.204592
0.211292
0.151219
0.206944
0.224286
0.187560
0.229144
0.167693
0.258141
0.303265
0.985933
0.973218
0.506384
0.280135
0.233211
0.261376
0.256123
0.252128
0.206263
0.208320
0.250386
0.319913
0.279646
0.179900
0.295674
0.381292
0.958792
0.863524
0.340684
0.260604
0.309564
0.319411
0.280734
0.252430
0.287549
0.283291
0.291521
0.341729
0.301586
0.337085
0.317793
0.263186
0.208749
0.243062
0.243881
0.246821
0.252995
0.347312
0.411048
0.376963
0.320279
0.310297
0.324269
0.334892
0.235041
0.230232
0.265279
0.265589
0.247209
0.228337
0.242741
0.253345
0.311077
0.355012
0.365165
0.324933
0.288575
0.299854
0.298549
0.291054
0.293135
0.316878
0.321228
0.315164
0.343743
0.395214
0.381387
0.377066
0.341125
0.327248
0.284316
0.291913
0.313732
0.316189
0.289220
0.271416
0.254229
0.247259
0.251074
0.243329
0.235255
0.243232
0.275323
0.294979
0.355315
0.408656
0.410925
0.394032
0.427183
0.385628
0.363475
0.333570
0.344351
0.330492
0.329328
0.281516
0.302271
0.303989
0.273717
0.202233
0.284512
0.279730
0.278676
0.259048
0.211481
0.196109
0.209865
0.030121
0.018698
0.205936
0.211200
0.172110
0.214236
0.291228
0.208518
0.120109
0.211718
0.495395
0.627083
0.821278
0.831722
0.529414
0.574879
0.994896
0.962494
0.427219
0.229160
0.180489
0.154528
0.286476
0.295822
0.226604
0.249725
0.328906
0.363429
0.363989
0.341418
0.253838
0.258770
0.239713
0.227180
0.224610
0.218943
0.284299
0.248189
0.269257
0.231616
0.307221
0.247893
0.199324
0.233712
0.275787
0.277611
0.348145
0.346168
0.325082
0.361925
0.332848
0.321012
0.295664
0.288081
0.274537
0.256251
0.264885
0.276984
0.315449
0.354181
0.354869
0.356590
0.338841
0.342828
0.352965
0.367477
0.380408
0.375380
0.324044
0.287247
0.286967
0.310943
0.320843
0.336515
0.334791
0.304342
0.267658
0.252423
0.270459
0.299746
0.317106
0.307284
0.277479
0.249000
0.249329
0.244733
0.246894
0.247276
0.245398
0.250407
0.261289
0.295382
0.326337
0.351617
0.346628
0.347107
0.328579
0.328273
0.303889
0.323886
0.360269
0.360972
0.369095
0.360828
0.323156
0.286415
0.257668
0.232905
0.233230
0.229127
0.235522
0.232571
0.238342
0.233980
0.253376
0.281305
0.295525
0.306620
0.307879
0.296097
0.328188
0.315933
0.317974
0.317364
0.298498
0.308471
0.326413
0.331394
0.379079
0.441178
0.420464
0.339301
0.288751
0.332314
0.289184
0.349071
0.416100
0.427647
0.458682
0.326079
0.260823
0.220037
0.258114
0.239093
0.191142
0.180231
0.132907
0.222218
0.081499
0.204538
0.211311
0.268189
0.332223
0.234811
0.281869
0.630451
0.958096
0.860708
0.388227
0.357090
0.416537
0.330252
0.375246
0.429289
0.611442
0.977067
0.879965
0.363972
0.283557
0.213192
0.300433
0.322319
0.322508
0.299106
0.333170
0.372721
0.348001
0.364321
0.397493
0.397029
0.371684
0.288121
0.353455
0.419555
0.376698
0.291158
0.341426
0.352644
0.280197
0.281815
0.209669
0.181052
0.256794
0.222713
0.222957
0.276073
0.302807
0.324250
0.321613
0.321562
0.331534
0.288262
0.307779
0.342842
0.357728
0.355906
0.357037
0.358349
0.335593
0.299789
0.277471
0.281615
0.293129
0.283967
0.260279
0.277971
0.298055
0.317051
0.338750
0.352456
0.363501
0.344675
0.345033
0.340076
0.305847
0.294791
0.273546
0.260266
0.277768
0.279166
0.253879
0.279251
0.315658
0.307934
0.226119
0.203676
0.217617
0.222908
0.218541
0.250802
0.226207
0.234909
0.205423
0.213108
0.166737
0.309316
0.253462
0.283744
0.200899
0.206941
0.214564
0.256200
0.260984
0.287549
0.331386
0.860373
0.943425
0.654062
0.401040
0.315396
0.322913
0.342637
0.395793
0.384283
0.326695
0.317565
0.313598
0.327824
0.317650
0.450168
0.426965
0.415295
0.390821
0.381712
0.269491
0.275877
0.289129
0.259729
0.230722
0.226710
0.253212
0.231915
0.241330
0.292405
0.288281
0.304544
0.357230
0.351534
0.363973
0.330554
0.374964
0.277135
0.290060
0.284139
0.298750
0.258301
0.331034
0.366875
0.714459
0.876315
0.894168
0.599686
0.334010
0.270347
0.286138
0.287438
0.310875
0.302232
0.272450
0.264301
0.282414
0.247437
0.258611
0.269786
0.282520
0.264869
0.303389
0.293764
0.380737
0.336350
0.327054
0.268180
0.366143
0.319226
0.343567
0.269093
0.294943
0.291225
0.374978
0.317374
0.331930
0.352749
0.857445
0.904480
0.654835
0.313054
0.271500
0.265818
0.291081
0.255042
0.252986
0.255472
0.274300
0.248689
0.331217
0.361488
0.373992
0.304779
0.353682
0.298717
0.301697
0.279250
0.357012
0.318199
0.342193
0.474699
0.788792
0.863639
0.735979
0.405190
0.282612
0.261998
0.298724
0.316453
0.298434
0.278417
0.271769
0.282539
0.260736
0.269068
0.330172
0.333834
0.339409
0.298789
0.303673
0.274259
0.295914
0.310402
0.304314
0.280648
0.281670
0.288122
0.269471
0.269845
0.308723
0.314263
0.324414
0.346075
0.351030
0.355659
0.347421
0.352751
0.329951
0.351018
0.358915
0.358490
0.350660
0.313914
0.286221
0.280339
0.279876
0.283038
0.276744
0.282007
0.275694
0.288185
0.315222
0.327740
0.329218
0.331898
0.334287
0.330928
0.320400
0.287190
0.276968
0.264735
0.270533
0.262571
0.268208
0.256206
0.258606
0.257086
0.272237
0.266940
0.264283
0.280814
0.297098
0.323230
0.325056
0.327275
0.332560
0.313745
0.309148
0.294867
0.258994
0.275742
0.276695
0.278509
0.274461
0.278161
0.282888
0.306898
0.327435
0.363393
0.399058
0.468558
0.481431
0.477639
0.494806
0.487940
0.389761
0.340578
0.302500
0.317498
0.292905
0.260167
0.259271
0.273051
0.262614
0.298458
0.325404
0.359818
0.352514
0.281675
0.240558
0.256271
0.264522
0.271516
0.263451
0.278354
0.278414
0.277665
0.309452
0.319603
0.325797
0.456076
0.893257
0.880323
0.627500
0.447089
0.321000
0.306880
0.317155
0.311643
0.273662
0.298374
0.303916
0.343466
0.303368
0.417070
0.588988
0.884862
0.834665
0.616784
0.412963
0.331999
0.357411
0.350381
0.316355
0.303234
0.322960
0.334246
0.387941
0.365502
0.336979
0.326014
0.330524
0.333789
0.371416
0.377199
0.401201
0.377132
0.463820
0.361960
0.485170
0.692476
0.897831
0.861087
0.575056
0.362812
0.305130
0.327250
0.337010
0.321421
0.284986
0.320994
0.343130
0.366431
0.311825
0.298782
0.328800
0.296498
0.308127
0.306228
0.392689
0.410160
0.444057
0.468018
0.459114
0.392214
0.319779
0.319970
0.312708
0.326953
0.320975
0.284335
0.335699
0.305605
0.300192
0.288278
0.290366
0.229206
0.210523
0.224825
0.246470
0.251125
0.238956
0.244616
0.218462
0.232109
0.239893
0.282792
0.252087
0.269679
0.278573
0.292849
0.302706
0.313012
0.378995
0.818845
0.895277
0.673218
0.411774
0.357419
0.319022
0.334907
0.299757
0.289856
0.253977
0.280555
0.286253
0.361246
0.427896
0.441141
0.441690
0.381955
0.346077
0.302836
0.293834
0.326101
0.339472
0.421316
0.711305
0.883594
0.850927
0.454827
0.307462
0.258792
0.254404
0.281799
0.274552
0.258796
0.241099
0.276595
0.261144
0.240443
0.248383
0.272475
0.266086
0.267143
0.275136
0.282087
0.291379
0.296239
0.282863
0.321285
0.290510
0.282909
0.310738
0.311793
0.341141
0.324166
0.342117
0.336345
0.325795
0.318197
0.346709
0.346393
0.330612
0.332492
0.302220
0.284373
0.283482
0.273659
0.273313
0.264346
0.285246
0.320498
0.327750
0.340309
0.317094
0.280654
0.257106
0.255351
0.253838
0.261972
0.265822
0.277625
0.263033
0.272709
0.277654
0.270940
0.270760
0.260262
0.270937
0.288047
0.306255
0.310446
0.301025
0.328148
0.325962
0.359352
0.353184
0.383296
0.369105
0.325314
0.349964
0.338364
0.318927
0.344937
0.314140
0.321054
0.325954
0.337542
0.270469
0.275764
0.318573
0.317627
0.267012
0.284270
0.357490
0.704043
0.936631
0.878610
0.726032
0.740980
0.758072
0.681164
0.405664
0.347294
0.327619
0.355144
0.417852
0.528111
0.607971
0.599011
0.545313
0.498641
0.392747
0.359826
0.324534
0.342502
0.346540
0.371378
0.336280
0.312225
0.398073
0.409085
0.401826
0.423661
0.403753
0.308308
0.339853
0.310868
0.318623
0.302972
0.360774
0.487470
0.793951
0.922535
0.735519
0.424806
0.352744
0.310666
0.294600
0.286291
0.282695
0.289106
0.283675
0.306578
0.295936
0.271169
0.313330
0.329074
0.382856
0.379737
0.446041
0.419070
0.383557
0.349699
0.327321
0.307742
0.325569
0.316566
0.342202
0.335625
0.362106
0.355594
0.378735
0.353718
0.390145
0.384873
0.400146
0.329418
0.366504
0.394934
0.400345
0.355798
0.365051
0.513858
0.765930
0.846104
0.844264
0.670705
0.443569
0.331637
0.308826
0.313855
0.328110
0.347409
0.453852
0.427655
0.419394
0.344116
0.346351
0.362893
0.347653
0.317372
0.377457
0.332917
0.346425
0.310309
0.292758
0.290424
0.305420
0.309990
0.348710
0.313429
0.357218
0.259734
0.365824
0.289563
0.382816
0.273143
0.395033
0.332944
0.379306
0.330053
0.344977
0.404309
0.923165
0.943083
0.556928
0.489284
0.344540
0.369540
0.439558
0.392176
0.396930
0.408066
0.561614
0.461020
0.423942
0.300854
0.285348
0.270558
0.288334
0.268108
0.267585
0.221410
0.309109
0.292986
0.260552
0.251806
0.278031
0.291960
0.263325
0.275955
0.343637
0.334448
0.357276
0.343477
0.345389
0.335132
0.353735
0.338833
0.322073
0.323131
0.319215
0.325033
0.383137
0.412368
0.464050
0.457338
0.457100
0.384589
0.386940
0.404682
0.432330
0.412462
0.417746
0.345629
0.300334
0.335572
0.351178
0.362426
0.353147
0.373516
0.309294
0.289692
0.290030
0.294332
0.297137
0.278417
0.265499
0.254683
0.251877
0.251842
0.267915
0.274113
0.272695
0.255364
0.251952
0.237908
0.246529
0.264131
0.272142
0.258285
0.257529
0.269649
0.295019
0.322886
0.349518
0.371084
0.372440
0.369301
0.318107
0.287606
0.270129
0.295299
0.293279
0.281754
0.269698
0.284914
0.288942
0.334968
0.348187
0.363863
0.349032
0.321761
0.281802
0.238250
0.245544
0.247471
0.263113
0.273387
0.258487
0.274508
0.302864
0.323079
0.319692
0.323540
0.330045
0.371105
0.364547
0.419764
0.437132
0.446598
0.424079
0.400224
0.336531
0.298947
0.297329
0.303785
0.320327
0.270669
0.285423
0.237868
0.227061
0.237866
0.225361
0.227558
0.249144
0.340666
0.321004
0.403267
0.340632
0.340257
0.357715
0.363836
0.380607
0.295608
0.319243
0.338656
0.306292
0.288692
0.310802
0.341825
0.663226
0.923349
0.836053
0.541363
0.581117
0.433867
0.322556
0.302043
0.325857
0.314177
0.306849
0.277386
0.327160
0.312895
0.318411
0.414989
0.717267
0.882457
0.744649
0.551736
0.449749
0.376637
0.360206
0.332127
0.331782
0.325697
0.320936
0.346704
0.353151
0.342358
0.388066
0.434268
0.435437
0.410676
0.377447
0.298474
0.372935
0.365310
0.344644
0.313189
0.370863
0.362385
0.362187
0.346343
0.372365
0.505378
0.921077
0.868836
0.509211
0.468894
0.408250
0.387792
0.471408
0.531609
0.532074
0.549658
0.615538
0.432217
0.293483
0.268914
0.267067
0.300962
0.289166
0.272978
0.262635
0.287050
0.340982
0.318042
0.306785
0.352666
0.410376
0.394344
0.372173
0.386240
0.359602
0.326068
0.304256
0.302162
0.298736
0.346649
0.332228
0.318273
0.304403
0.283550
0.261203
0.259512
0.254541
0.246742
0.299041
0.292807
0.339789
0.345653
0.363430
0.390695
0.333786
0.283709
0.272896
0.282168
0.342783
0.280289
0.277415
0.320274
0.298905
0.314566
0.301802
0.308093
0.392731
0.924455
0.916569
0.527839
0.431662
0.354021
0.368026
0.347027
0.372021
0.336183
0.407594
0.416137
0.362485
0.288847
0.261429
0.286788
0.271582
0.287831
0.287230
0.268986
0.253543
0.343379
0.331833
0.350027
0.333490
0.328608
0.309113
0.286072
0.299067
0.317110
0.328438
0.318312
0.330280
0.300121
0.340555
0.299563
0.338023
0.324454
0.321746
0.302053
0.288298
0.284323
0.289159
0.289791
0.285311
0.294087
0.330362
0.341824
0.342605
0.328867
0.304301
0.296447
0.287124
0.294059
0.311138
0.313256
0.304477
0.296304
0.281850
0.281503
0.289583
0.293525
0.281851
0.282157
0.294881
0.329574
0.347340
0.340106
0.336568
0.350365
0.353893
0.349860
0.330988
0.366470
0.410255
0.428423
0.462113
0.455832
0.635912
0.899556
0.865718
0.696362
0.541199
0.452441
0.433737
0.411230
0.427182
0.521340
0.778601
0.819643
0.753970
0.604215
0.504499
0.414597
0.385602
0.385675
0.382264
0.388657
0.356541
0.429446
0.539141
0.654456
0.701638
0.749599
0.668546
0.532007
0.455013
0.419649
0.381505
0.395326
0.366845
0.374137
0.374459
0.375980
0.353267
0.444415
0.689872
0.875285
0.860704
0.591672
0.521664
0.413086
0.413007
0.413060
0.388517
0.373387
0.375208
0.390724
0.385376
0.359480
0.355027
0.363691
0.384399
0.417481
0.442795
0.457290
0.495197
0.459072
0.410249
0.354071
0.336879
0.346886
0.337909
0.368474
0.369983
0.355721
0.343625
0.349335
0.382837
0.555176
0.866837
0.917472
0.689543
0.432810
0.369600
0.338437
0.342240
0.325090
0.300769
0.305274
0.319294
0.314803
0.287860
0.284582
0.322642
0.322920
0.326045
0.325366
0.344804
0.343648
0.353673
0.351471
0.387042
0.365978
0.378899
0.361658
0.416939
0.436983
0.501458
0.441850
0.420603
0.381333
0.451223
0.365384
0.333725
0.335030
0.502660
0.682964
0.862083
0.798009
0.527948
0.513319
0.472867
0.424051
0.393420
0.399994
0.355587
0.354159
0.362123
0.413541
0.453925
0.430772
0.475255
0.431558
0.392822
0.362785
0.434130
0.532689
0.804029
0.855970
0.620690
0.516744
0.426969
0.367344
0.408045
0.430354
0.376933
0.370391
0.367379
0.408555
0.356332
0.395169
0.418498
0.637805
0.913691
0.802538
0.552333
0.505026
0.480480
0.438243
0.438723
0.433692
0.625828
0.808847
0.825166
0.709051
0.555768
0.382463
0.350730
0.325937
0.326696
0.332375
0.306670
0.332674
0.348448
0.353220
0.408136
0.460192
0.464137
0.450352
0.431486
0.447959
0.476287
0.435269
0.452999
0.414393
0.410744
0.376875
0.342620
0.329912
0.321376
0.312406
0.283249
0.283637
0.308494
0.304753
0.301340
0.261983
0.257227
0.245062
0.228365
0.234173
0.247655
0.256771
0.274323
0.280403
0.305179
0.327888
0.354400
0.355158
0.385155
0.430688
0.469981
0.429082
0.418263
0.371859
0.328012
0.312464
0.293965
0.300443
0.282613
0.273038
0.257898
0.259386
0.259644
0.265953
0.264150
0.258836
0.256156
0.249645
0.295355
0.349454
0.356923
0.361417
0.359543
0.346769
0.355670
0.348736
0.355523
0.361497
0.377656
0.388541
0.477397
0.498403
0.493385
0.508803
0.508731
0.497541
0.694650
0.851565
0.851601
0.606344
0.467097
0.438578
0.410724
0.571479
0.706688
0.843908
0.773730
0.688477
0.549402
0.532732
0.509018
0.499864
0.469629
0.378972
0.361275
0.370999
0.363318
0.364227
0.410929
0.432252
0.416750
0.391314
0.364965
0.347228
0.352318
0.347356
0.309582
0.365762
0.381422
0.386265
0.360422
0.327348
0.320076
0.304641
0.299954
0.286309
0.284207
0.280877
0.307970
0.393783
0.374774
0.379178
0.366442
0.359108
0.352655
0.320893
0.315756
0.333971
0.318899
0.306644
0.314526
0.309731
0.326689
0.360853
0.375852
0.360746
0.360127
0.330445
0.317426
0.318337
0.340096
0.336391
0.340501
0.350344
0.383994
0.437119
0.470334
0.537736
0.733086
0.792874
0.721780
0.590046
0.470778
0.412166
0.442190
0.482677
0.449160
0.554445
0.738453
0.836384
0.796058
0.566134
0.446432
0.367345
0.454506
0.447436
0.473699
0.449186
0.555046
0.703709
0.804675
0.770224
0.671472
0.478591
0.413170
0.363966
0.365285
0.378675
0.374677
0.362950
0.372354
0.386804
0.358828
0.415514
0.404713
0.423885
0.398218
0.404906
0.418761
0.390043
0.395757
0.432780
0.567561
0.878206
0.911617
0.751403
0.554677
0.583297
0.442784
0.380578
0.360678
0.345059
0.438656
0.460581
0.497222
0.469575
0.389937
0.361049
0.331706
0.315017
0.310547
0.320941
0.330216
0.366032
0.365022
0.330754
0.281779
0.326284
0.343113
0.344543
0.388137
0.389297
0.404107
0.395680
0.417007
0.375445
0.341894
0.332829
0.312102
0.335629
0.305075
0.299938
0.281322
0.361378
0.351519
0.444352
0.407483
0.442036
0.374928
0.374524
0.324994
0.384143
0.358697
0.384898
0.375346
0.427542
0.444990
0.720299
0.836670
0.876106
0.706693
0.492861
0.477152
0.434548
0.415239
0.431751
0.343217
0.356367
0.354676
0.369086
0.358953
0.416083
0.376513
0.398401
0.374791
0.442391
0.547572
0.731474
0.921938
0.837466
0.604540
0.495967
0.448184
0.457334
0.467316
0.531808
0.484386
0.489264
0.451068
0.428455
0.448163
0.421739
0.416388
0.361322
0.338087
0.391635
0.386325
0.394520
0.357480
0.360166
0.323672
0.322491
0.316200
0.341946
0.379397
0.383949
0.368277
0.339477
0.300779
0.291909
0.289131
0.286255
0.288457
0.310049
0.300100
0.263643
0.254256
0.241649
0.246207
0.249904
0.256746
0.245128
0.248694
0.241277
0.257165
0.273970
0.271523
0.307702
0.351055
0.374246
0.368130
0.374603
0.339632
0.318409
0.313326
0.312853
0.322963
0.337730
0.384022
0.401807
0.401871
0.368997
0.401882
0.342416
0.347247
0.312734
0.344134
0.309016
0.318590
0.344500
0.317380
0.320088
0.369473
0.483193
0.750310
0.920980
0.821205
0.549620
0.524460
0.454893
0.376817
0.325984
0.344037
0.312673
0.402977
0.403720
0.361591
0.335273
0.360748
0.427663
0.388032
0.356172
0.397754
0.713889
0.858282
0.804176
0.658867
0.496941
0.455290
0.607621
0.641177
0.836383
0.808088
0.619439
0.569218
0.522308
0.415670
0.394829
0.442022
0.490373
0.602414
0.723074
0.605662
0.525315
0.511061
0.553742
0.631115
0.756608
0.786943
0.610727
0.521070
0.456764
0.462846
0.447958
0.467699
0.504416
0.456435
0.448781
0.392245
0.371134
0.347246
0.333809
0.327921
0.351624
0.354241
0.376972
0.393502
0.392227
0.419119
0.411865
0.435417
0.453750
0.456027
0.455651
0.449146
0.496527
0.511153
0.508186
0.447131
0.396336
0.319555
0.299169
0.295767
0.282267
0.275555
0.276430
0.298667
0.335169
0.356638
0.359520
0.348448
0.335932
0.295872
0.301990
0.295787
0.303992
0.333226
0.325887
0.331979
0.308753
0.287945
0.299826
0.316109
0.322918
0.355511
0.360777
0.350005
0.338611
0.289987
0.262177
0.244155
0.245622
0.238897
0.234999
0.231092
0.230007
0.250911
0.250740
0.258786
0.259073
0.261242
0.268162
0.281164
0.285192
0.313504
0.329882
0.362537
0.402194
0.451367
0.472841
0.492690
0.519613
0.522385
0.490280
0.584831
0.623869
0.620788
0.532740
0.477657
0.354016
0.319907
0.305122
0.313580
0.315938
0.295700
0.291952
0.323974
0.333879
0.341808
0.350205
0.346174
0.330781
0.354453
0.358672
0.418771
0.445270
0.458766
0.430614
0.425403
0.415531
0.370301
0.360472
0.399857
0.445302
0.738268
0.911447
0.848572
0.642679
0.569845
0.644286
0.660860
0.643166
0.567934
0.374536
0.382692
0.386649
0.362972
0.387410
0.436630
0.488053
0.469238
0.441547
0.372793
0.362090
0.343775
0.362452
0.355060
0.416894
0.419771
0.505355
0.459183
0.491619
0.461011
0.458213
0.418030
0.471725
0.578436
0.814270
0.882368
0.778557
0.597583
0.617421
0.634676
0.641970
0.790130
0.783754
0.726651
0.691867
0.645917
0.531405
0.501707
0.487694
0.485702
0.410992
0.380120
0.463832
0.661892
0.843260
0.865004
0.655808
0.530493
0.505072
0.434902
0.416264
0.426844
0.439058
0.497096
0.540893
0.506646
0.438139
0.382041
0.400210
0.396353
0.401219
0.453569
0.452008
0.483151
0.575782
0.578133
0.770610
0.857921
0.785151
0.615998
0.565906
0.422487
0.412222
0.388674
0.390889
0.401044
0.392997
0.383781
0.412561
0.453869
0.437616
0.443367
0.452473
0.398010
0.404204
0.388714
0.423561
0.482012
0.562421
0.544314
0.511773
0.433529
0.380283
0.347574
0.366207
0.359089
0.327471
0.281986
0.340201
0.345651
0.400441
0.377835
0.419082
0.357703
0.370391
0.383627
0.417794
0.398808
0.442819
0.499186
0.768517
0.917764
0.839295
0.527778
0.533776
0.528092
0.447172
0.559204
0.629707
0.790061
0.787980
0.679819
0.635468
0.543858
0.493793
0.452113
0.450909
0.411509
0.415246
0.378420
0.414397
0.430392
0.494208
0.454939
0.583889
0.749771
0.819586
0.723075
0.578047
0.530892
0.492432
0.475590
0.456124
0.467370
0.470100
0.551072
0.694423
0.861305
0.836744
0.751340
0.739153
0.840334
0.839125
0.586792
0.490069
0.524635
0.468585
0.444594
0.390181
0.380078
0.392451
0.423488
0.432853
0.432931
0.444055
0.369597
0.359925
0.362678
0.365902
0.378707
0.372704
0.400918
0.400142
0.360747
0.353740
0.357328
0.336498
0.343139
0.332449
0.320335
0.364578
0.430993
0.448857
0.436668
0.424329
0.383108
0.329291
0.287356
0.296745
0.310484
0.318697
0.343716
0.341725
0.308628
0.324462
0.380736
0.369465
0.331400
0.333804
0.354083
0.404058
0.403557
0.484963
0.779924
0.847891
0.813060
0.729097
0.587867
0.463258
0.391325
0.406721
0.393551
0.441589
0.468566
0.435046
0.441560
0.390955
0.349076
0.332963
0.354574
0.357474
0.356151
0.361101
0.377494
0.382961
0.404062
0.446241
0.412526
0.380158
0.424883
0.477065
0.461968
0.463476
0.460893
0.437804
0.416036
0.392500
0.389616
0.384597
0.366158
0.372852
0.368626
0.348408
0.340848
0.368065
0.409124
0.430099
0.469722
0.752875
0.857099
0.831930
0.728548
0.574025
0.461802
0.403230
0.388117
0.430465
0.408001
0.520185
0.592063
0.617998
0.634672
0.675458
0.557310
0.494271
0.441345
0.386435
0.391393
0.407178
0.389806
0.382608
0.365786
0.391401
0.376173
0.373450
0.355392
0.329120
0.307025
0.263096
0.248483
0.263832
0.272993
0.288146
0.298572
0.279146
0.271408
0.303624
0.348821
0.403617
0.481857
0.499094
0.538498
0.552774
0.523412
0.551137
0.584656
0.531565
0.480331
0.344355
0.291356
0.287758
0.266646
0.277792
0.268152
0.265753
0.251924
0.279063
0.302766
0.326208
0.339557
0.335512
0.326146
0.316312
0.275309
0.289798
0.319289
0.323866
0.316488
0.324254
0.329254
0.347474
0.338486
0.350710
0.408546
0.385837
0.407426
0.418605
0.489812
0.453607
0.446784
0.362912
0.351471
0.355884
0.358033
0.357355
0.423913
0.579016
0.788065
0.860552
0.737096
0.569802
0.509544
0.452094
0.455536
0.398977
0.404093
0.398933
0.447865
0.426011
0.438196
0.440602
0.504563
0.577194
0.692776
0.811383
0.878405
0.830733
0.671296
0.602608
0.528235
0.439314
0.387561
0.395589
0.388672
0.398524
0.409250
0.406079
0.389980
0.349999
0.360118
0.358436
0.380527
0.396666
0.407364
0.416716
0.442904
0.444837
0.471060
0.455461
0.454146
0.454774
0.447478
0.521020
0.679067
0.698639
0.597608
0.540701
0.473792
0.365581
0.302376
0.287611
0.300438
0.314447
0.290652
0.277325
0.296118
0.307831
0.364498
0.382619
0.396306
0.389488
0.358964
0.314704
0.322593
0.298456
0.307998
0.328472
0.348669
0.340855
0.324383
0.319225
0.334090
0.330781
0.421424
0.437891
0.474897
0.404146
0.440164
0.357041
0.359974
0.324387
0.340866
0.320584
0.365528
0.301520
0.286308
0.302934
0.360912
0.315310
0.375083
0.389515
0.656740
0.813076
0.899147
0.722166
0.549682
0.589821
0.554895
0.513730
0.405886
0.354183
0.354899
0.378812
0.395105
0.364138
0.371135
0.391391
0.442489
0.476958
0.500622
0.477481
0.459792
0.459777
0.462804
0.468428
0.474033
0.609126
0.802274
0.887539
0.750533
0.612363
0.529902
0.477547
0.494919
0.438090
0.391817
0.398286
0.406472
0.382154
0.395283
0.349179
0.416157
0.382647
0.409497
0.374772
0.381847
0.372558
0.389334
0.574885
0.679982
0.791261
0.810565
0.663289
0.363914
