# True Peaks (Indices)
28
29
65
66
328
329
440
441
448
449
502
503
562
563
620
621
635
636
673
674
703
704
714
715
743
744
790
791
815
816
826
827
828
842
843
921
922
923
924
926
927
957
958
968
969
1037
1038
1044
1045
1053
1054
1084
1085
1093
1094
1105
1106
1107
1108
1124
1125
1134
1135
1156
1157
1174
1175
1203
1204
1218
1219
1222
1223
1281
1282
1289
1290
1296
1297
1317
1318
1327
1328
1389
1390
1410
1411
1423
1424
1429
1430
1452
1453
1458
1459
1466
1467
1477
1478
1487
1488
1507
1508
1533
1534
1535
1536
1537
1538
1550
1551
1581
1582
1593
1594
1598
1599
1610
1611
1612
1626
1627
1629
1630
1632
1633
1634
1650
1651
1663
1664
1683
1684
1703
1704
1706
1707
1741
1742
1749
1750
1765
1766
1786
1787
1789
1790
1815
1816
1819
1820
1823
1824
1825
1826
1859
1860
1887
1888
1899
1900
1901
1905
1906
1907
1915
1916
1917
1918
1933
1934
1952
1953
1964
1965
1981
1982
1987
1988
1990
1991
2000
2001
2003
2004
2007
2008
2011
2012
2032
2033
2034
2035
2036
2037
2043
2044
2049
2050
2051
2059
2060
2061
2067
2068
2075
2076
2089
2090
2094
2095
2106
2107
2128
2129
2152
2153
2159
2160
2168
2169
2174
2175
2182
2183
2201
2202
2207
2208
2216
2217
2218
2219
2220
2222
2223
2230
2231
2233
2234
2235
2236
2244
2245
2251
2252
2263
2264
2271
2272
2273
2286
2287
2293
2294
2301
2302
2303
2316
2317
2324
2325
2340
2341
2360
2361
2366
2367
2373
2374
2389
2390
2392
2393
2395
2396
2404
2405
2408
2409
2417
2418
2432
2433
2434
2435
2441
2442
2445
2446
2447
2449
2450
2451
2452
2453
2454
2461
2462
2467
2468
2477
2478
2481
2482
2489
2490
2508
2509
2517
2518
2522
2523
2524
2525
2526
2530
2531
2544
2545
2546
2547
2567
2568
2572
2573
2593
2594
2595
2596
2603
2604
2614
2615
2618
2619
2627
2628
2642
2643
2647
2648
2655
2656
2667
2668
2674
2675
2688
2689
2690
2701
2702
2718
2719
2720
2721
2723
2724
2731
2732
2733
2734
2737
2738
2739
2740
2749
2750
2751
2764
2765
2768
2769
2771
2772
2774
2775
2779
2780
2803
2804
2805
2809
2810
2811
2812
2822
2823
2829
2830
2832
2833
2838
2839
2840
2841
2843
2844
2847
2848
2849
2858
2859
2862
2863
2864
2870
2871
2876
2877
2883
2884
2891
2892
2901
2902
2915
2916
2925
2926
2927
2928
2930
2931
2932
2933
2938
2939
2942
2943
2947
2948
2954
2955
2962
2963
2972
2973
2974
2975
2976
2977
2978
2980
2981
3015
3016
3018
3019
3028
3029
3042
3043
3044
3045
3047
3048
3049
3050
3051
3052
3053
3065
3066
3071
3072
3078
3079
3080
3081
3086
3087
3094
3095
3107
3108
3110
3111
3121
3122
3123
3128
3129
3131
3132
3134
3135
3145
3146
3166
3167
3173
3174
3186
3187
3188
3190
3191
3195
3196
3209
3210
3211
3212
3218
3219
3224
3225
3226
3227
3236
3237
3243
3244
3246
3247
3259
3260
3261
3265
3266
3271
3272
3273
3274
3275
3291
3292
3297
3298
3301
3302
3306
3307
3308
3309
3310
3311
3312
3324
3325
3330
3331
3335
3336
3337
3338
3346
3347
3351
3352
3353
3354
3360
3361
3365
3366
3367
3368
3371
3372
3380
3381
3382
3383
3384
3405
3406
3409
3410
3412
3413
3421
3422
3424
3425
3426
3430
3431
3435
3436
3442
3443
3456
3457
3458
3459
3461
3462
3468
3469
3473
3474
3486
3487
3497
3498
3499
