# Predicted Peaks (Indices)
244
245
447
448
572
573
655
656
892
893
1002
1003
1045
1046
1049
1050
1195
1196
1227
1228
1234
1235
1314
1315
1329
1450
1451
1480
1481
1685
1717
1718
1788
1789
1860
1861
1922
1923
1991
2006
2065
2066
2137
2161
2162
2194
2195
2315
2316
2350
2351
2376
2377
2459
2460
2504
2505
2559
2563
2623
2624
2664
2665
2720
2730
2731
2737
2738
2832
2833
2877
2893
2899
2900
2916
2917
2951
2952
2980
3002
3003
3012
3013
3067
3068
3115
3116
3144
3159
3160
3167
3192
3321
3322
3352
3353
3450
3451
