# Predictions (Probabilities)
0.319956
0.317555
0.319427
0.323261
0.328230
0.331326
0.338822
0.344929
0.346033
0.369688
0.348459
0.399987
0.445234
0.479286
0.472482
0.427949
0.394025
0.332883
0.327306
0.315863
0.315395
0.310024
0.300057
0.292071
0.284954
0.277515
0.302290
0.293174
0.285136
0.273441
0.266512
0.268277
0.265748
0.261722
0.264000
0.274497
0.278678
0.277856
0.275203
0.272046
0.272961
0.277939
0.272237
0.279965
0.285260
0.290560
0.298854
0.315969
0.336526
0.359414
0.408390
0.439373
0.427186
0.394101
0.339306
0.286629
0.282003
0.279629
0.275654
0.261507
0.263063
0.253486
0.255044
0.259665
0.268623
0.274572
0.278069
0.268640
0.258719
0.268474
0.265606
0.273803
0.281274
0.294752
0.293911
0.309861
0.315549
0.326962
0.329167
0.325496
0.382835
0.432264
0.451394
0.435798
0.396007
0.323982
0.308949
0.307373
0.318419
0.311595
0.307083
0.307104
0.306396
0.300622
0.313618
0.299356
0.303379
0.316785
0.357831
0.357702
0.377580
0.388961
0.390597
0.335292
0.298904
0.248839
0.239816
0.249487
0.254352
0.240724
0.234674
0.247597
0.263661
0.321875
0.353636
0.365311
0.340848
0.308189
0.296811
0.279444
0.289469
0.276580
0.289907
0.277634
0.271336
0.282454
0.308463
0.299468
0.289559
0.314277
0.314634
0.339427
0.402860
0.505774
0.475186
0.463418
0.419742
0.374269
0.323651
0.314515
0.312885
0.359086
0.389134
0.358390
0.328561
0.302977
0.253134
0.233374
0.237622
0.239999
0.245368
0.251401
0.253619
0.260139
0.262348
0.282602
0.270351
0.287242
0.290714
0.319346
0.350901
0.392337
0.428015
0.483268
0.483090
0.468158
0.432141
0.386632
0.339108
0.323677
0.313999
0.300055
0.301438
0.283294
0.279554
0.279303
0.273464
0.263821
0.277105
0.284327
0.283391
0.279237
0.273766
0.276974
0.277925
0.277601
0.271968
0.278432
0.284129
0.300243
0.331505
0.334665
0.339179
0.325654
0.307347
0.290941
0.287736
0.292588
0.291574
0.289815
0.283508
0.274976
0.272649
0.278349
0.277228
0.278461
0.301684
0.305700
0.332080
0.341744
0.335227
0.313936
0.297714
0.301874
0.283169
0.282452
0.285067
0.299982
0.315086
0.398864
0.419098
0.472108
0.424603
0.408052
0.334935
0.330199
0.311521
0.319952
0.371922
0.402150
0.398460
0.376960
0.369149
0.304810
0.279148
0.254835
0.243099
0.258899
0.259569
0.262824
0.255910
0.254126
0.256174
0.272366
0.284361
0.292490
0.279642
0.275229
0.286246
0.289387
0.311287
0.310111
0.332493
0.306787
0.297863
0.283890
0.279619
0.273708
0.267989
0.269579
0.273760
0.281726
0.298917
0.293203
0.291972
0.283846
0.238708
0.237777
0.225218
0.239033
0.187514
0.206515
0.200140
0.207991
0.173061
0.228761
0.138286
0.141901
0.121553
0.191538
0.091380
0.219675
0.153347
0.170464
0.098375
0.157321
0.169998
0.207081
0.163640
0.251288
0.309130
0.862192
0.987454
0.647945
0.221264
0.173387
0.163891
0.218578
0.185496
0.190736
0.142214
0.214542
0.129159
0.244303
0.211467
0.258384
0.185871
0.255270
0.200934
0.232413
0.199520
0.257112
0.167022
0.285604
0.295196
0.279574
0.302446
0.245834
0.286641
0.272685
0.312509
0.311756
0.294848
0.306824
0.317736
0.331921
0.333092
0.309654
0.305054
0.281899
0.278060
0.280729
0.275903
0.282850
0.311088
0.318021
0.305808
0.278103
0.260406
0.249255
0.254466
0.256830
0.262436
0.259666
0.266686
0.266660
0.278500
0.288016
0.290235
0.309209
0.316353
0.319628
0.330812
0.299785
0.295447
0.296087
0.295326
0.300923
0.308761
0.303164
0.305421
0.326317
0.350744
0.403010
0.526887
0.549052
0.591489
0.549651
0.500929
0.403615
0.325929
0.293919
0.293490
0.290194
0.275133
0.263735
0.276998
0.275157
0.278821
0.276722
0.286901
0.277197
0.291247
0.287257
0.312806
0.304759
0.314870
0.323384
0.332959
0.327034
0.328151
0.338099
0.332752
0.328452
0.313549
0.310201
0.304184
0.299776
0.294367
0.286329
0.278493
0.268432
0.250037
0.238802
0.247846
0.252342
0.255049
0.250634
0.251595
0.263855
0.288248
0.309224
0.319587
0.332748
0.357117
0.377645
0.339175
0.345439
0.381121
0.421333
0.426788
0.426329
0.382735
0.371430
0.347308
0.307691
0.305838
0.299770
0.339483
0.362365
0.357500
0.322310
0.290405
0.267228
0.265681
0.265364
0.268711
0.260930
0.266488
0.270296
0.289620
0.310732
0.315693
0.313440
0.290912
0.283309
0.280191
0.279703
0.281102
0.309714
0.326653
0.326688
0.296115
0.287815
0.266159
0.261183
0.266798
0.268100
0.270278
0.273099
0.283333
0.280799
0.278029
0.277472
0.274366
0.277328
0.284213
0.289454
0.288505
0.290125
0.300419
0.312735
0.343256
0.353170
0.363778
0.362109
0.323057
0.302192
0.294175
0.297799
0.306388
0.312690
0.323343
0.311642
0.302818
0.292186
0.300276
0.303686
0.311159
0.296174
0.292087
0.291333
0.291967
0.293324
0.293203
0.307029
0.306370
0.310766
0.291524
0.292350
0.287746
0.273690
0.274137
0.262455
0.264584
0.266457
0.267504
0.279323
0.279244
0.278425
0.281055
0.280448
0.285153
0.283888
0.291585
0.306147
0.344430
0.390759
0.491288
0.544329
0.531026
0.529115
0.492864
0.359917
0.320259
0.313945
0.320282
0.315702
0.298453
0.292440
0.336169
0.348400
0.358806
0.360502
0.342131
0.303464
0.286184
0.267216
0.246320
0.261269
0.261544
0.260854
0.255485
0.255412
0.270063
0.298986
0.314145
0.352074
0.398741
0.415573
0.415227
0.384047
0.357732
0.279088
0.280293
0.273993
0.272997
0.269569
0.274591
0.277881
0.278051
0.292864
0.291787
0.292038
0.287136
0.297318
0.293128
0.298156
0.313685
0.339319
0.356802
0.362459
0.348954
0.313773
0.295234
0.291582
0.303339
0.295466
0.298273
0.305640
0.324134
0.320727
0.339446
0.320818
0.314932
0.299302
0.298824
0.295998
0.289173
0.299825
0.292767
0.289633
0.272615
0.275110
0.272907
0.274557
0.277119
0.266363
0.258532
0.253437
0.276314
0.282967
0.326613
0.342677
0.334536
0.297960
0.287104
0.285360
0.290475
0.288259
0.301706
0.339367
0.344023
0.342626
0.309494
0.301729
0.287119
0.289108
0.301828
0.316317
0.321724
0.302281
0.300085
0.294602
0.284842
0.279489
0.277916
0.304048
0.298934
0.287118
0.290631
0.283885
0.283053
0.291846
0.284526
0.284529
0.314961
0.333827
0.343533
0.325939
0.304813
0.283690
0.271114
0.272338
0.269595
0.269853
0.269898
0.276108
0.267715
0.272683
0.273713
0.277015
0.281954
0.278812
0.281822
0.281502
0.283519
0.283861
0.295870
0.290582
0.301156
0.294312
0.299033
0.301008
0.303853
0.326047
0.346232
0.362556
0.356672
0.337388
0.308509
0.291938
0.279055
0.280729
0.278214
0.274113
0.274506
0.273295
0.274666
0.265802
0.271208
0.263405
0.255662
0.265567
0.274611
0.270455
0.269449
0.298530
0.302583
0.323861
0.367855
0.379391
0.390150
0.392726
0.359170
0.330959
0.305591
0.304730
0.308644
0.329593
0.313468
0.309855
0.305185
0.292614
0.274166
0.277043
0.282527
0.313797
0.330955
0.340184
0.324832
0.292829
0.279251
0.280594
0.280051
0.275283
0.279625
0.279394
0.282815
0.285509
0.294635
0.305494
0.311983
0.290657
0.291779
0.288031
0.289316
0.284238
0.291437
0.281747
0.277681
0.273520
0.275204
0.276163
0.281721
0.289095
0.285328
0.280227
0.275096
0.269232
0.268068
0.274943
0.271304
0.266459
0.268776
0.282350
0.284637
0.301848
0.325914
0.326052
0.304471
0.310381
0.290532
0.287653
0.294255
0.300574
0.300618
0.301264
0.313777
0.351468
0.387314
0.407036
0.398628
0.383717
0.391709
0.385139
0.352761
0.327207
0.304425
0.279323
0.265187
0.253446
0.261836
0.265737
0.231569
0.194434
0.208312
0.234827
0.206812
0.193151
0.208551
0.210610
0.208056
0.239208
0.233433
0.244321
0.231501
0.209628
0.204331
0.214320
0.195030
0.198415
0.119413
0.157854
0.175943
0.221694
0.189195
0.213829
0.308673
0.411581
0.978874
0.945416
0.377066
0.179476
0.203305
0.200562
0.226702
0.182514
0.253519
0.224225
0.218456
0.208369
0.223426
0.218558
0.227988
0.167275
0.224797
0.216802
0.209279
0.196214
0.278249
0.269606
0.320437
0.314307
0.289609
0.293092
0.311199
0.330496
0.297348
0.307134
0.300649
0.286699
0.275158
0.265881
0.254746
0.253060
0.260883
0.269681
0.267059
0.261085
0.263375
0.267878
0.272754
0.273410
0.277364
0.285022
0.282363
0.277869
0.284718
0.292987
0.299913
0.342279
0.340298
0.365786
0.355753
0.360138
0.340952
0.312066
0.294916
0.292162
0.293598
0.306433
0.301170
0.286979
0.281075
0.260811
0.263507
0.270246
0.271741
0.262418
0.266486
0.272951
0.322440
0.330958
0.325181
0.323258
0.292203
0.288796
0.279975
0.276674
0.276748
0.281761
0.292415
0.283357
0.281206
0.284694
0.275534
0.263657
0.274270
0.277050
0.294324
0.342638
0.389230
0.373980
0.379875
0.326041
0.281733
0.274471
0.280758
0.291799
0.285030
0.292484
0.298606
0.337185
0.413231
0.464825
0.468251
0.469381
0.423323
0.378753
0.357956
0.331978
0.347593
0.316492
0.302347
0.290737
0.295239
0.285579
0.267793
0.268393
0.276627
0.308978
0.315363
0.315417
0.285234
0.280030
0.265250
0.254008
0.257130
0.261353
0.259928
0.255329
0.270626
0.277608
0.289634
0.321673
0.317499
0.307860
0.309367
0.310747
0.300219
0.289308
0.294924
0.298548
0.300061
0.312076
0.301083
0.292286
0.279939
0.268519
0.271086
0.274508
0.281985
0.278654
0.277975
0.273871
0.267910
0.273089
0.275015
0.289233
0.287661
0.289774
0.304266
0.315053
0.315159
0.303480
0.310430
0.313757
0.297962
0.302089
0.287836
0.278468
0.277142
0.279544
0.271945
0.270212
0.271116
0.275287
0.272722
0.285530
0.280728
0.283640
0.285459
0.295250
0.316732
0.369627
0.371825
0.362364
0.331449
0.321158
0.288866
0.278714
0.294006
0.302416
0.301404
0.302133
0.293910
0.267543
0.276269
0.295428
0.298456
0.312831
0.365062
0.345717
0.195613
0.155535
0.215983
0.184837
0.179224
0.152852
0.172187
0.180422
0.223318
0.194817
0.150645
0.201576
0.114113
0.044207
0.131158
0.175564
0.149032
0.183562
0.127790
0.222822
0.243187
0.238439
0.269819
0.266174
0.278618
0.938707
0.987918
0.620715
0.284408
0.239742
0.207631
0.328886
0.329901
0.370717
0.297426
0.312971
0.354087
0.261672
0.210771
0.269532
0.313389
0.193566
0.193363
0.189336
0.275354
0.258406
0.281124
0.349368
0.362626
0.326610
0.302784
0.252480
0.272403
0.284610
0.279713
0.321560
0.306174
0.308867
0.270625
0.258181
0.254834
0.249690
0.233177
0.230998
0.246909
0.298563
0.299749
0.325627
0.292907
0.270996
0.205726
0.193607
0.233251
0.221627
0.276758
0.272244
0.247415
0.256484
0.221302
0.187452
0.206784
0.197231
0.181640
0.152356
0.170920
0.156866
0.177879
0.155205
0.181780
0.258805
0.295871
0.278024
0.274607
0.317638
0.326947
0.976208
0.978835
0.458369
0.296238
0.256662
0.235181
0.323116
0.325835
0.288887
0.256053
0.290256
0.317784
0.248973
0.223363
0.262165
0.245041
0.243868
0.269993
0.269006
0.239611
0.236845
0.238282
0.195548
0.205384
0.223755
0.223980
0.202142
0.262239
0.282667
0.345188
0.393459
0.400897
0.385941
0.364269
0.347539
0.304165
0.321668
0.336969
0.352019
0.340096
0.325523
0.290008
0.260490
0.238747
0.211301
0.228902
0.232219
0.234063
0.239358
0.253462
0.248868
0.259169
0.283754
0.298631
0.316148
0.331527
0.354194
0.329794
0.327355
0.333109
0.370820
0.391052
0.386895
0.373863
0.330794
0.316371
0.302702
0.294232
0.290013
0.301582
0.309569
0.313046
0.341043
0.343499
0.333575
0.346338
0.333491
0.333402
0.295397
0.281042
0.268391
0.273202
0.275377
0.276249
0.268458
0.276496
0.303273
0.295451
0.282889
0.304439
0.281851
0.287423
0.286823
0.277809
0.272842
0.281043
0.285782
0.303004
0.320148
0.300547
0.295329
0.271758
0.270820
0.266603
0.261919
0.263547
0.269895
0.259468
0.267559
0.279849
0.295432
0.320581
0.318857
0.304063
0.298562
0.302795
0.300130
0.306669
0.310096
0.323812
0.368781
0.388370
0.413793
0.392138
0.357094
0.313001
0.279310
0.276497
0.278187
0.280537
0.279634
0.278682
0.272366
0.272068
0.280522
0.298168
0.303659
0.297966
0.282003
0.269611
0.273455
0.268921
0.276117
0.272629
0.273703
0.273460
0.275183
0.284599
0.286016
0.276691
0.277015
0.270811
0.276280
0.276043
0.275648
0.276296
0.277116
0.282360
0.278190
0.286466
0.288970
0.300168
0.299007
0.306988
0.302805
0.306230
0.309014
0.316570
0.315569
0.308232
0.310806
0.321831
0.309559
0.330053
0.329311
0.354114
0.352003
0.338129
0.301097
0.280670
0.263303
0.272728
0.269874
0.276218
0.270032
0.268502
0.276725
0.326266
0.380802
0.409902
0.396555
0.364888
0.349351
0.318288
0.317293
0.319392
0.330918
0.306896
0.288549
0.275143
0.264929
0.253946
0.257251
0.258177
0.252949
0.251842
0.259175
0.264641
0.289403
0.290675
0.281297
0.286013
0.291371
0.288315
0.301730
0.301328
0.327087
0.354818
0.364214
0.366959
0.351874
0.315704
0.305499
0.273885
0.250686
0.245851
0.254073
0.251898
0.257425
0.278489
0.288346
0.276646
0.272839
0.291510
0.303337
0.302741
0.352124
0.359034
0.327909
0.333316
0.334228
0.319516
0.354891
0.278436
0.267786
0.240428
0.264603
0.291902
0.257868
0.219600
0.239007
0.257852
0.257162
0.263881
0.306565
0.589221
0.909891
0.910640
0.528609
0.331528
0.294631
0.274315
0.304153
0.270181
0.295649
0.276212
0.297390
0.294814
0.276158
0.270305
0.300690
0.282330
0.278400
0.275749
0.263457
0.279735
0.341794
0.363284
0.401543
0.409137
0.406110
0.397551
0.351674
0.335711
0.313067
0.311384
0.296446
0.276679
0.251858
0.238839
0.245566
0.241513
0.239450
0.233952
0.261997
0.259628
0.286379
0.335492
0.391032
0.388152
0.381339
0.348943
0.327077
0.302624
0.296322
0.293341
0.316635
0.327969
0.342091
0.315489
0.311105
0.305738
0.318438
0.365640
0.395586
0.399025
0.371835
0.347815
0.294381
0.290076
0.273170
0.281052
0.267664
0.271066
0.280130
0.280737
0.278250
0.276300
0.270333
0.265660
0.268606
0.273620
0.278999
0.276322
0.281214
0.284377
0.283549
0.277994
0.283540
0.308476
0.314424
0.298188
0.294709
0.270962
0.260584
0.263059
0.263190
0.266496
0.268969
0.269477
0.266548
0.293710
0.304756
0.315118
0.363182
0.361134
0.396322
0.372308
0.334786
0.303803
0.298408
0.289276
0.297347
0.287709
0.283051
0.293740
0.327634
0.364893
0.348205
0.314000
0.302760
0.313539
0.309724
0.310103
0.361407
0.386255
0.393652
0.379177
0.346180
0.297951
0.284549
0.277921
0.275580
0.270571
0.260689
0.260702
0.258154
0.256545
0.258744
0.270223
0.269285
0.272807
0.280144
0.274579
0.289185
0.294723
0.305824
0.303327
0.304102
0.288421
0.295878
0.291579
0.300760
0.289276
0.344999
0.317826
0.337368
0.327326
0.317915
0.320666
0.329289
0.316849
0.275945
0.288270
0.312376
0.313378
0.331338
0.354596
0.302654
0.318148
0.283735
0.281397
0.212512
0.242338
0.264362
0.295242
0.264229
0.356296
0.489924
0.808401
0.895861
0.803085
0.525334
0.319538
0.248719
0.256942
0.283033
0.262162
0.248548
0.291693
0.371150
0.359348
0.343908
0.307797
0.317646
0.289436
0.278356
0.302218
0.367945
0.384281
0.379525
0.399330
0.398375
0.321246
0.285053
0.288451
0.286727
0.303601
0.281635
0.272155
0.254389
0.259103
0.266282
0.263760
0.272711
0.269379
0.297962
0.292785
0.320562
0.326153
0.339164
0.354375
0.367672
0.366927
0.431220
0.446753
0.487596
0.429570
0.386441
0.280697
0.264506
0.252014
0.260411
0.252841
0.256156
0.248239
0.249314
0.263458
0.284070
0.276896
0.295809
0.319696
0.336803
0.336231
0.329023
0.328439
0.321556
0.310780
0.314559
0.304165
0.335133
0.359206
0.371959
0.350042
0.339663
0.344289
0.333961
0.314383
0.301703
0.286902
0.285879
0.279964
0.284769
0.279543
0.280165
0.270642
0.269145
0.255795
0.249405
0.253961
0.263836
0.265415
0.267335
0.267228
0.276799
0.289061
0.294689
0.304653
0.334026
0.318965
0.333068
0.332021
0.324498
0.319925
0.330654
0.366861
0.433524
0.472226
0.439809
0.450644
0.375860
0.328053
0.292974
0.290854
0.288179
0.291326
0.338522
0.355821
0.348559
0.342895
0.293601
0.241875
0.212804
0.219287
0.224254
0.239547
0.241960
0.249218
0.248643
0.284349
0.300504
0.315009
0.358140
0.382949
0.439555
0.417057
0.394017
0.352445
0.320599
0.320961
0.312302
0.303277
0.311415
0.350783
0.397540
0.416350
0.431720
0.400307
0.374502
0.341447
0.309710
0.298745
0.293274
0.292844
0.285669
0.271982
0.259724
0.255588
0.255524
0.262821
0.272228
0.311900
0.326684
0.354146
0.342485
0.312166
0.303979
0.326305
0.352649
0.359946
0.356219
0.309835
0.302057
0.267467
0.256036
0.250910
0.255548
0.261243
0.260013
0.262556
0.259208
0.259616
0.256192
0.253177
0.251098
0.254893
0.258237
0.274359
0.287781
0.276132
0.313139
0.312094
0.312168
0.331209
0.393189
0.398437
0.386269
0.343549
0.320122
0.312207
0.311762
0.318159
0.311388
0.350872
0.358255
0.368043
0.353181
0.366559
0.366018
0.361219
0.322863
0.306384
0.283983
0.270314
0.273391
0.269977
0.277769
0.271436
0.278069
0.263658
0.262519
0.261124
0.270766
0.274701
0.285465
0.302183
0.297701
0.298840
0.317133
0.349312
0.362578
0.382335
0.381695
0.361059
0.320555
0.303173
0.303259
0.307719
0.315112
0.307081
0.290695
0.297993
0.321012
0.314337
0.272903
0.257623
0.232746
0.223666
0.255161
0.265970
0.270187
0.288556
0.264338
0.261602
0.301290
0.321873
0.259517
0.243574
0.295865
0.286128
0.287691
0.297890
0.358379
0.576706
0.918545
0.913177
0.579083
0.419607
0.323073
0.292470
0.313524
0.270942
0.256217
0.254506
0.265950
0.281785
0.267837
0.267462
0.304508
0.288927
0.275911
0.282023
0.302241
0.312986
0.338542
0.361147
0.378436
0.369044
0.334754
0.310563
0.314377
0.302730
0.316859
0.311837
0.306825
0.301012
0.282853
0.263629
0.257174
0.267996
0.277429
0.290180
0.314121
0.320858
0.310412
0.307141
0.310320
0.321376
0.329445
0.367356
0.407707
0.421168
0.411716
0.403603
0.349429
0.301963
0.291839
0.274433
0.271982
0.276533
0.264548
0.254503
0.259125
0.250804
0.251889
0.261780
0.260095
0.259991
0.281735
0.298749
0.341942
0.428622
0.441936
0.437093
0.443967
0.380124
0.347831
0.325204
0.322652
0.337624
0.386556
0.414580
0.438083
0.431873
0.438767
0.397271
0.354121
0.305649
0.275677
0.265993
0.253019
0.256948
0.242228
0.239800
0.235580
0.244411
0.258775
0.297418
0.323443
0.315590
0.308160
0.291216
0.286786
0.280023
0.281487
0.279308
0.272838
0.268187
0.269958
0.279013
0.291575
0.293173
0.294173
0.287475
0.289360
0.279446
0.294133
0.296059
0.305891
0.296339
0.301869
0.305089
0.299415
0.310621
0.294075
0.281719
0.309987
0.308358
0.264187
0.279114
0.275922
0.262481
0.264424
0.242068
0.246675
0.258866
0.286749
0.325352
0.448426
0.392907
0.386040
0.329304
0.339646
0.299115
0.290826
0.216704
0.236790
0.257330
0.295186
0.293356
0.269539
0.338633
0.910535
0.967968
0.610884
0.397889
0.360915
0.363265
0.549454
0.441115
0.381674
0.319979
0.397754
0.422201
0.555530
0.526470
0.487806
0.402054
0.331057
0.302209
0.283558
0.261758
0.339557
0.337769
0.341128
0.312549
0.290124
0.259222
0.259522
0.258769
0.247367
0.242349
0.311273
0.325679
0.325183
0.286316
0.303145
0.291328
0.286988
0.282231
0.276840
0.270984
0.272439
0.269323
0.269818
0.290685
0.280228
0.290643
0.293405
0.300214
0.306935
0.310567
0.320521
0.362229
0.363556
0.403905
0.403083
0.402366
0.377925
0.316439
0.302899
0.306559
0.293064
0.294934
0.308537
0.323990
0.317125
0.312728
0.325962
0.320016
0.326052
0.331827
0.305029
0.291934
0.281023
0.270178
0.274018
0.267167
0.281309
0.271865
0.267390
0.268435
0.270790
0.276373
0.283040
0.348489
0.347282
0.357323
0.321641
0.310748
0.279505
0.286623
0.278029
0.284855
0.302776
0.329293
0.316376
0.311429
0.281460
0.264999
0.266762
0.254537
0.253830
0.258411
0.260428
0.268350
0.267252
0.277958
0.278827
0.291097
0.304944
0.307588
0.335428
0.346873
0.375525
0.364868
0.362246
0.322301
0.310933
0.291302
0.286750
0.276366
0.276541
0.280033
0.280220
0.280034
0.274404
0.277025
0.279190
0.281089
0.285645
0.288895
0.294489
0.295514
0.313984
0.313377
0.331517
0.337542
0.336558
0.333487
0.315396
0.309080
0.342817
0.331227
0.330303
0.323992
0.304105
0.289610
0.293482
0.291541
0.285707
0.286652
0.282575
0.282743
0.281863
0.283209
0.275452
0.280945
0.284471
0.311565
0.338481
0.354324
0.339862
0.304149
0.277979
0.241893
0.244503
0.247442
0.259134
0.256047
0.265176
0.266310
0.286584
0.299548
0.306847
0.342607
0.362064
0.391627
0.394529
0.351295
0.331361
0.326652
0.317780
0.316050
0.339464
0.339997
0.333308
0.311751
0.283816
0.298160
0.288896
0.287522
0.269512
0.252500
0.236019
0.243017
0.247684
0.244503
0.251090
0.251227
0.263819
0.275535
0.309588
0.330542
0.416452
0.416662
0.443279
0.430595
0.372345
0.321417
0.282602
0.258776
0.265093
0.279244
0.237765
0.261322
0.243154
0.253007
0.244927
0.285169
0.292089
0.368201
0.340115
0.374437
0.339098
0.377182
0.371181
0.407448
0.301352
0.332242
0.319220
0.401479
0.337260
0.334036
0.473798
0.939437
0.934172
0.543802
0.387275
0.293818
0.332124
0.312771
0.300124
0.290819
0.305560
0.303486
0.305542
0.310601
0.333212
0.347633
0.351325
0.353603
0.360747
0.374805
0.375048
0.360529
0.369766
0.374011
0.385069
0.396007
0.355398
0.298327
0.265890
0.288575
0.295524
0.315367
0.329180
0.313346
0.281168
0.243821
0.222704
0.214382
0.219923
0.215895
0.213975
0.212611
0.230538
0.234204
0.251059
0.267036
0.286441
0.302908
0.321251
0.337693
0.327497
0.337591
0.332820
0.321366
0.309465
0.309660
0.321270
0.324735
0.344984
0.347616
0.357756
0.345600
0.300677
0.291212
0.283201
0.281802
0.289545
0.293805
0.285716
0.285394
0.293732
0.332157
0.361920
0.367601
0.366731
0.360125
0.336344
0.302455
0.323272
0.306386
0.311629
0.285700
0.275928
0.247220
0.251516
0.246878
0.244535
0.244383
0.250759
0.249801
0.254000
0.266607
0.265539
0.273038
0.274335
0.278496
0.278961
0.284218
0.295895
0.297752
0.300477
0.293160
0.299503
0.293748
0.302595
0.291779
0.307429
0.305439
0.314767
0.343993
0.382836
0.395412
0.396871
0.367403
0.376139
0.416119
0.389575
0.346761
0.308784
0.321004
0.319575
0.313631
0.314836
0.328394
0.364555
0.384299
0.349923
0.273130
0.280864
0.300438
0.301409
0.286084
0.361541
0.600570
0.789448
0.877949
0.787307
0.546096
0.391525
0.384780
0.358508
0.348170
0.330556
0.350343
0.364792
0.464545
0.441546
0.450612
0.446619
0.397059
0.349756
0.312929
0.322220
0.325779
0.328377
0.310202
0.318102
0.312713
0.353855
0.334204
0.330234
0.332921
0.316419
0.298244
0.280086
0.259511
0.253810
0.291520
0.327681
0.374328
0.402789
0.436965
0.430890
0.408686
0.388270
0.330589
0.259623
0.260885
0.264046
0.265809
0.258446
0.262694
0.268365
0.279632
0.319583
0.353142
0.424041
0.468581
0.444936
0.410363
0.388282
0.354994
0.314257
0.308264
0.323772
0.325207
0.337604
0.309160
0.296673
0.258369
0.235414
0.233874
0.247541
0.254442
0.243622
0.253048
0.260764
0.282315
0.288010
0.314893
0.319152
0.372185
0.382191
0.391112
0.369112
0.360999
0.338683
0.325390
0.329644
0.333937
0.410244
0.469690
0.493656
0.462576
0.443163
0.348101
0.314627
0.296070
0.286326
0.296895
0.290655
0.280683
0.278008
0.293642
0.281872
0.267850
0.257948
0.246818
0.242019
0.248732
0.265248
0.270642
0.269395
0.275941
0.282990
0.282654
0.294375
0.303429
0.314069
0.352959
0.343540
0.370775
0.364640
0.357739
0.346210
0.320661
0.288509
0.272033
0.271251
0.267089
0.277365
0.272815
0.266627
0.268408
0.278828
0.285458
0.305303
0.292507
0.301208
0.309060
0.306508
0.314098
0.354677
0.362361
0.384195
0.376316
0.331449
0.297160
0.270764
0.274529
0.260397
0.278611
0.277207
0.274732
0.270744
0.275186
0.274573
0.274595
0.304478
0.337894
0.350741
0.351577
0.341183
0.322768
0.326024
0.309098
0.309092
0.293686
0.279474
0.271125
0.265533
0.253958
0.254659
0.256741
0.260479
0.266624
0.275527
0.280480
0.287000
0.302714
0.307154
0.312691
0.315591
0.342844
0.352815
0.349633
0.316260
0.311438
0.288979
0.284544
0.265369
0.263503
0.271787
0.294088
0.294264
0.293065
0.304370
0.311615
0.334187
0.338674
0.356935
0.329174
0.405266
0.423069
0.415527
0.462914
0.396099
0.325843
0.341158
0.340698
0.351256
0.305428
0.375007
0.322738
0.303730
0.308439
0.454678
0.685844
0.875382
0.870435
0.597497
0.371124
0.314162
0.304989
0.319277
0.324202
0.315604
0.330274
0.340462
0.332286
0.305607
0.304387
0.341701
0.318548
0.328205
0.371462
0.408277
0.398359
0.377498
0.354225
0.329234
0.338410
0.307224
0.308127
0.390539
0.344282
0.315301
0.305800
0.285913
0.256986
0.248149
0.270238
0.289885
0.346018
0.365695
0.360382
0.347316
0.318202
0.294311
0.266083
0.254033
0.270271
0.268626
0.261600
0.270780
0.271147
0.278091
0.267842
0.261415
0.260937
0.284786
0.278660
0.293662
0.296163
0.328145
0.339230
0.373517
0.429630
0.502778
0.487782
0.472391
0.448143
0.418767
0.324494
0.301372
0.291741
0.290081
0.276183
0.251676
0.237485
0.241098
0.238314
0.249563
0.253573
0.267953
0.264074
0.275180
0.294801
0.330809
0.347473
0.370979
0.379117
0.383673
0.331740
0.308631
0.300687
0.286750
0.283913
0.276045
0.272051
0.276628
0.283158
0.298055
0.301615
0.323996
0.325495
0.334816
0.338438
0.358568
0.374980
0.402171
0.398980
0.417382
0.372984
0.329272
0.297861
0.301966
0.287108
0.319858
0.296547
0.318805
0.339967
0.370691
0.310121
0.320652
0.316991
0.340580
0.354221
0.394526
0.459598
0.803310
0.917327
0.833735
0.614100
0.532876
0.384078
0.320329
0.323935
0.335741
0.337490
0.394860
0.347062
0.325735
0.288220
0.315836
0.329322
0.351287
0.333877
0.309558
0.295871
0.332691
0.313925
0.320069
0.287830
0.355815
0.375096
0.317409
0.314710
0.367425
0.370086
0.345227
0.371435
0.357646
0.385307
0.323091
0.326899
0.324571
0.324107
0.322024
0.335068
0.379862
0.862894
0.935698
0.815691
0.482671
0.477908
0.352869
0.367851
0.342158
0.370601
0.418039
0.434057
0.390148
0.331597
0.266260
0.302938
0.284268
0.327388
0.293383
0.312003
0.289725
0.376615
0.363304
0.376621
0.362730
0.457685
0.449095
0.416270
0.395335
0.384567
0.326420
0.333165
0.314218
0.334799
0.328801
0.311636
0.307561
0.281072
0.271039
0.261592
0.274554
0.303537
0.327053
0.342890
0.331130
0.347084
0.340751
0.345992
0.330931
0.304372
0.276496
0.279541
0.280100
0.273526
0.257772
0.251092
0.256416
0.261812
0.272006
0.270355
0.265459
0.268547
0.262422
0.257570
0.261623
0.264066
0.266427
0.268062
0.263309
0.266278
0.267514
0.277873
0.284525
0.280549
0.285486
0.284171
0.277678
0.279154
0.280642
0.273803
0.281396
0.281105
0.282006
0.283892
0.298233
0.315189
0.329769
0.353075
0.316406
0.349910
0.352747
0.350619
0.344278
0.362601
0.357776
0.396946
0.394714
0.406082
0.371212
0.339897
0.291751
0.257439
0.255617
0.255707
0.262670
0.247538
0.241495
0.244390
0.274651
0.311125
0.338218
0.315759
0.302111
0.281106
0.252881
0.252686
0.255185
0.276274
0.278514
0.286019
0.285173
0.320067
0.337705
0.345903
0.359851
0.418254
0.474581
0.470493
0.457659
0.444122
0.379663
0.344236
0.319127
0.301541
0.285303
0.276828
0.261179
0.281528
0.290609
0.289566
0.281577
0.289793
0.294564
0.286995
0.284998
0.291033
0.368249
0.403467
0.407445
0.391876
0.408813
0.360652
0.368208
0.332049
0.327350
0.324739
0.348009
0.344679
0.370757
0.427681
0.675986
0.855888
0.884111
0.749870
0.570477
0.482546
0.457087
0.375308
0.362935
0.344788
0.337507
0.320900
0.341982
0.322570
0.323252
0.315600
0.345599
0.329948
0.340426
0.346955
0.356912
0.365019
0.345606
0.363739
0.346324
0.372884
0.377277
0.373806
0.386040
0.406959
0.412844
0.406995
0.374295
0.349598
0.349010
0.358063
0.383003
0.356425
0.316798
0.304382
0.286504
0.292529
0.285984
0.279310
0.285314
0.273871
0.272782
0.263550
0.274897
0.275473
0.310072
0.358488
0.370691
0.373432
0.363345
0.333661
0.311711
0.300807
0.287144
0.284869
0.284618
0.279756
0.276931
0.276920
0.313950
0.318506
0.325089
0.286911
0.289459
0.281182
0.288017
0.306894
0.292506
0.300152
0.312110
0.322316
0.354305
0.388005
0.402508
0.391448
0.348671
0.306008
0.245284
0.240679
0.253829
0.254903
0.249767
0.248186
0.249996
0.247514
0.265019
0.264742
0.266938
0.281640
0.293028
0.315014
0.314792
0.324844
0.314411
0.323315
0.309434
0.304163
0.305294
0.316389
0.316883
0.360621
0.365051
0.348422
0.376312
0.389881
0.396758
0.345559
0.326382
0.343449
0.351901
0.367284
0.408423
0.621208
0.842291
0.876993
0.803586
0.619997
0.532688
0.506476
0.521008
0.383516
0.389717
0.377021
0.373374
0.368900
0.357250
0.348054
0.350003
0.359544
0.372845
0.360917
0.361898
0.363588
0.373760
0.367560
0.366616
0.374533
0.400009
0.435003
0.417702
0.365792
0.359664
0.371672
0.352548
0.330408
0.342710
0.295604
0.302588
0.301721
0.293127
0.286973
0.294117
0.318194
0.332121
0.355562
0.359345
0.352081
0.328797
0.300149
0.253481
0.247230
0.244471
0.249424
0.247586
0.245927
0.249464
0.253343
0.267408
0.269964
0.272332
0.276908
0.289303
0.287415
0.322081
0.340526
0.373940
0.363948
0.342454
0.319529
0.303497
0.292540
0.288279
0.279842
0.280553
0.280338
0.282145
0.279442
0.279986
0.276304
0.287081
0.298199
0.308273
0.289081
0.298586
0.290455
0.277825
0.275182
0.274886
0.286111
0.290210
0.299710
0.306701
0.307394
0.292995
0.288642
0.281969
0.279015
0.285323
0.294743
0.297721
0.292684
0.298228
0.304309
0.305105
0.342824
0.377529
0.424075
0.411900
0.409967
0.356753
0.323670
0.309156
0.306313
0.309217
0.313115
0.336004
0.337468
0.327667
0.299220
0.283142
0.275088
0.264278
0.302637
0.281341
0.289262
0.272170
0.259964
0.249012
0.255686
0.255906
0.257481
0.267193
0.299549
0.327892
0.371282
0.375959
0.370898
0.383811
0.383939
0.376036
0.348899
0.364845
0.367651
0.358300
0.315977
0.291470
0.270530
0.273175
0.270674
0.265127
0.260357
0.265245
0.271404
0.273516
0.286231
0.291596
0.282571
0.277667
0.279195
0.275010
0.273385
0.270101
0.276103
0.275548
0.269158
0.266554
0.260454
0.263497
0.264264
0.279101
0.288052
0.301916
0.299398
0.301307
0.305261
0.315836
0.331060
0.343428
0.346949
0.364383
0.421672
0.399772
0.382042
0.368136
0.445728
0.409269
0.464217
0.341653
0.426158
0.436809
0.447796
0.403316
0.485841
0.523419
0.770454
0.892815
0.882161
0.658562
0.506089
0.450256
0.352588
0.337149
0.354437
0.341755
0.345377
0.356528
0.431581
0.471031
0.474836
0.412713
0.386160
0.326870
0.341502
0.339911
0.354391
0.339379
0.334457
0.328647
0.358488
0.393081
0.410954
0.403344
0.396086
0.359262
0.320263
0.281823
0.277156
0.279087
0.271649
0.259112
0.266340
0.279311
0.304333
0.333176
0.356143
0.369897
0.376030
0.422403
0.442205
0.434457
0.414701
0.355061
0.324696
0.312059
0.304376
0.318813
0.329379
0.311916
0.310075
0.295501
0.279690
0.280694
0.277392
0.278300
0.277877
0.270580
0.266672
0.267159
0.264475
0.260751
0.263346
0.257152
0.257725
0.256322
0.256838
0.260450
0.273453
0.278027
0.278693
0.278677
0.279081
0.276874
0.276358
0.275774
0.276102
0.283612
0.281129
0.284327
0.284485
0.293303
0.297583
0.298282
0.305681
0.296680
0.291142
0.297646
0.297145
0.279093
0.285604
0.305062
0.315610
0.324402
0.317936
0.332102
0.357484
0.400048
0.447799
0.463163
0.453274
0.455031
0.423448
0.529056
0.455130
0.488419
0.410338
0.492753
0.543418
0.638224
0.896384
0.886432
0.780811
0.513916
0.395145
0.367995
0.373490
0.348294
0.281040
0.295639
0.301770
0.335404
0.324449
0.344547
0.375630
0.392700
0.384917
0.386749
0.407633
0.438157
0.423617
0.427679
0.407928
0.330182
0.303942
0.308857
0.295049
0.285348
0.265410
0.278499
0.263809
0.265146
0.269942
0.283686
0.289096
0.290655
0.310668
0.313174
0.344519
0.300332
0.300268
0.270756
0.294649
0.278310
0.295717
0.276740
0.294410
0.295979
0.347905
0.403582
0.445877
0.444202
0.423439
0.418136
0.359169
0.363495
0.340456
0.349512
0.318315
0.295625
0.248878
0.257928
0.249763
0.249155
0.234292
0.245406
0.242207
0.236978
0.249725
0.241878
0.267157
0.266764
0.285058
0.275370
0.281179
0.286191
0.300473
0.290375
0.292432
0.317563
0.349237
0.422902
0.426042
0.431345
0.431931
0.402736
0.384834
0.376844
0.363269
0.360384
0.332585
0.314694
0.293976
0.293531
0.273979
0.272721
0.262345
0.266954
0.269602
0.262372
0.266701
0.276321
0.295116
0.329985
0.354430
0.362853
0.355139
0.329034
0.297326
0.267695
0.271732
0.270064
0.275538
0.270646
0.272587
0.270982
0.276809
0.283181
0.286545
0.289151
0.282935
0.288921
0.288252
0.298466
0.322520
0.329711
0.330027
0.311263
0.295560
0.273281
0.271050
0.266646
0.274040
0.274545
0.276695
0.276021
0.273710
0.277018
0.278831
0.285567
0.281100
0.287251
0.286551
0.293776
0.291603
0.302900
0.318834
0.347621
0.397307
0.401146
0.390247
0.373806
0.323804
0.318642
0.298006
0.287408
0.285617
0.286443
0.313278
0.337528
0.345529
0.330384
0.305661
0.263985
0.260333
0.265384
0.276915
0.294670
0.301039
0.291418
0.317212
0.373276
0.400310
0.404587
0.410047
0.469845
0.415127
0.417853
0.374814
0.425211
0.496706
0.399474
0.500851
0.605932
0.649693
0.804040
0.892946
0.868685
0.715235
0.575694
0.476581
0.370145
0.374131
0.407174
0.457599
0.524558
0.488597
0.492083
0.378522
0.359171
0.368122
0.358268
0.349535
0.342344
0.337716
0.345234
0.346691
0.347664
0.333338
0.357754
0.383112
0.415955
0.450408
0.463428
0.456831
0.447482
0.426610
0.401996
0.352433
0.329029
0.350093
0.339885
0.322717
0.297817
0.321844
0.351884
0.397629
0.423633
0.420518
0.394292
0.348642
0.334095
0.311122
0.283149
0.263426
