# Predictions (Probabilities)
0.295702
0.301339
0.302227
0.304542
0.299701
0.309931
0.312569
0.311501
0.314748
0.310168
0.302696
0.305582
0.312719
0.310683
0.353772
0.421622
0.437025
0.425783
0.389817
0.345972
0.323039
0.295174
0.299109
0.297183
0.299826
0.311886
0.315836
0.303806
0.310969
0.318025
0.323296
0.309908
0.292150
0.285806
0.283461
0.291172
0.288163
0.281661
0.283006
0.296270
0.310800
0.321994
0.325070
0.304636
0.293253
0.317363
0.329386
0.333852
0.324492
0.294542
0.268188
0.259766
0.252683
0.253915
0.257269
0.263707
0.258754
0.260923
0.262013
0.269379
0.269468
0.286712
0.282361
0.305629
0.290180
0.297311
0.315371
0.322847
0.366895
0.430248
0.458999
0.457124
0.453288
0.393019
0.331343
0.305949
0.303412
0.311779
0.316426
0.295500
0.290666
0.289706
0.254580
0.248883
0.248479
0.248002
0.258491
0.263009
0.274557
0.279493
0.305272
0.316309
0.313940
0.319766
0.316301
0.327738
0.331213
0.339382
0.411813
0.494926
0.542463
0.582095
0.661997
0.633392
0.589124
0.553059
0.412283
0.314530
0.306605
0.309820
0.305249
0.279852
0.273676
0.287506
0.299157
0.307494
0.288133
0.296159
0.279107
0.267442
0.272959
0.288531
0.289376
0.283729
0.289406
0.301987
0.300252
0.299391
0.299377
0.327380
0.318873
0.311413
0.316727
0.314181
0.318014
0.318755
0.311410
0.314308
0.341155
0.338313
0.322200
0.285501
0.276153
0.248296
0.248570
0.246174
0.250449
0.272573
0.280211
0.277442
0.283588
0.314348
0.326833
0.327946
0.353892
0.433210
0.511977
0.518731
0.593917
0.666328
0.671232
0.598168
0.570132
0.480428
0.414322
0.369612
0.346028
0.310760
0.294941
0.279623
0.288712
0.282742
0.277542
0.259030
0.279158
0.281287
0.274995
0.260861
0.280817
0.289870
0.288277
0.285029
0.285775
0.288584
0.290490
0.291272
0.291723
0.302483
0.308251
0.311817
0.318667
0.311486
0.333468
0.401233
0.425335
0.434112
0.371663
0.327301
0.317192
0.319966
0.326754
0.365329
0.432244
0.470015
0.430127
0.390585
0.334755
0.269305
0.273207
0.256028
0.260082
0.253776
0.250019
0.240368
0.239534
0.254737
0.266312
0.292673
0.260497
0.234475
0.249396
0.230607
0.219803
0.190408
0.239109
0.216720
0.241033
0.255771
0.271261
0.241353
0.189500
0.193173
0.167807
0.139795
0.279139
0.264539
0.214559
0.170898
0.215405
0.215455
0.231454
0.201266
0.278531
0.372972
0.966797
0.972439
0.428752
0.187848
0.213819
0.214081
0.270533
0.211811
0.228302
0.168831
0.228426
0.193323
0.284235
0.288607
0.383749
0.224918
0.247507
0.210178
0.213230
0.179050
0.237927
0.152036
0.219771
0.176412
0.185218
0.209494
0.244022
0.318362
0.295092
0.321312
0.311044
0.289807
0.268091
0.279912
0.291890
0.277663
0.267331
0.280855
0.294948
0.314160
0.338647
0.331157
0.331127
0.308359
0.309085
0.289794
0.293965
0.298696
0.285699
0.278755
0.275003
0.289073
0.345443
0.403403
0.404338
0.407787
0.376242
0.330691
0.288620
0.283851
0.270783
0.271361
0.272464
0.264734
0.260438
0.258472
0.254811
0.251432
0.277995
0.279483
0.291637
0.320841
0.348552
0.372467
0.336368
0.337151
0.330344
0.340820
0.347435
0.441518
0.502804
0.544533
0.522774
0.566740
0.470391
0.378337
0.331131
0.310817
0.300448
0.294623
0.305721
0.281397
0.270463
0.268239
0.242723
0.235912
0.232838
0.245888
0.236231
0.239576
0.263849
0.278803
0.297168
0.317686
0.297854
0.291431
0.293858
0.316124
0.334207
0.362624
0.372736
0.363700
0.360928
0.323763
0.311943
0.301565
0.310946
0.318777
0.326602
0.309143
0.297886
0.295964
0.280607
0.271333
0.271288
0.268796
0.268010
0.268779
0.270387
0.275548
0.282998
0.287095
0.291643
0.307724
0.333371
0.355272
0.364433
0.347116
0.327992
0.313392
0.297429
0.298515
0.287960
0.294923
0.291590
0.295366
0.293276
0.340740
0.301807
0.334240
0.291698
0.281776
0.269801
0.263821
0.275773
0.281792
0.283734
0.271216
0.265998
0.248614
0.259771
0.248749
0.254471
0.254113
0.267681
0.264428
0.279481
0.288506
0.292335
0.316210
0.323779
0.325143
0.322808
0.359709
0.372049
0.395116
0.351159
0.300744
0.241185
0.239089
0.258660
0.216544
0.178051
0.169513
0.187273
0.166596
0.186384
0.186606
0.185590
0.122231
0.077317
0.079465
0.100083
0.146116
0.112719
0.060562
0.085200
0.178451
0.205584
0.146897
0.163387
0.288263
0.295868
0.983385
0.987677
0.390136
0.210979
0.161604
0.156352
0.202637
0.181420
0.196804
0.172577
0.285027
0.305229
0.257163
0.234565
0.298935
0.226845
0.248021
0.218183
0.313434
0.279309
0.276411
0.199845
0.277130
0.216111
0.164560
0.187493
0.176735
0.291589
0.334326
0.430219
0.499417
0.531754
0.461098
0.483635
0.404227
0.321048
0.257921
0.289523
0.287212
0.301337
0.273702
0.276775
0.288810
0.324403
0.334691
0.358023
0.373702
0.410525
0.423414
0.444430
0.435657
0.439929
0.379004
0.333737
0.303264
0.277967
0.284602
0.280748
0.283319
0.284254
0.294245
0.291494
0.298732
0.306320
0.301029
0.331801
0.356064
0.358397
0.361872
0.335803
0.317135
0.276748
0.275347
0.276483
0.277291
0.328094
0.352325
0.349093
0.333248
0.289447
0.295150
0.321407
0.308404
0.309772
0.269731
0.253364
0.248732
0.251463
0.241340
0.234071
0.244890
0.250273
0.271404
0.314434
0.341777
0.354180
0.354929
0.343732
0.319891
0.267720
0.216874
0.219064
0.252087
0.238665
0.239770
0.246841
0.239591
0.256157
0.251317
0.252747
0.232613
0.209691
0.148413
0.213683
0.158059
0.175653
0.158469
0.122564
0.114912
0.201629
0.235666
0.233998
0.191510
0.314586
0.289978
0.964949
0.977681
0.527496
0.233063
0.244696
0.185675
0.286373
0.220494
0.252373
0.171055
0.220943
0.191190
0.196031
0.189576
0.306696
0.260826
0.296726
0.241204
0.271507
0.199836
0.252090
0.224128
0.327959
0.265967
0.193765
0.215474
0.233604
0.279189
0.272383
0.299787
0.357654
0.367431
0.366293
0.348013
0.320078
0.324308
0.327663
0.312691
0.272311
0.262461
0.232252
0.234440
0.235599
0.233938
0.227456
0.229182
0.239557
0.237272
0.247249
0.252098
0.266692
0.269544
0.277381
0.287498
0.312079
0.318232
0.329296
0.314576
0.274685
0.315554
0.320296
0.286736
0.276760
0.333000
0.282122
0.344118
0.311194
0.316308
0.271953
0.179812
0.211519
0.186513
0.208433
0.208160
0.190603
0.167747
0.179084
0.211006
0.226914
0.232076
0.220657
0.287227
0.584139
0.969711
0.921538
0.290892
0.160167
0.177730
0.196454
0.204732
0.172569
0.202730
0.186777
0.211423
0.196547
0.202470
0.220602
0.202580
0.172814
0.217471
0.225627
0.209632
0.215099
0.296697
0.267811
0.362632
0.442031
0.451581
0.468925
0.463596
0.450173
0.421106
0.412663
0.322727
0.298327
0.297910
0.307305
0.268184
0.260274
0.259421
0.255901
0.259383
0.279699
0.300606
0.299756
0.285324
0.286441
0.297821
0.324920
0.330594
0.358614
0.357250
0.359368
0.314124
0.306293
0.297179
0.290674
0.275877
0.275029
0.273450
0.296139
0.275624
0.275323
0.265362
0.258564
0.245103
0.247454
0.243827
0.254713
0.267891
0.275556
0.270337
0.269493
0.285900
0.292235
0.323411
0.369798
0.418626
0.419663
0.459582
0.415234
0.373763
0.361983
0.365774
0.388074
0.447506
0.440689
0.417318
0.413279
0.364079
0.345509
0.331611
0.315074
0.301396
0.268539
0.231793
0.230154
0.232457
0.232575
0.229122
0.232092
0.230838
0.240291
0.259055
0.280236
0.300645
0.307583
0.317097
0.331246
0.325890
0.326758
0.334493
0.349281
0.351522
0.453712
0.503492
0.544820
0.524705
0.498226
0.366679
0.322587
0.320544
0.312546
0.300378
0.314852
0.309139
0.323163
0.321901
0.327236
0.311568
0.289668
0.271660
0.260538
0.247207
0.251925
0.259171
0.256491
0.256851
0.250001
0.245673
0.251984
0.260329
0.263810
0.279173
0.283108
0.287502
0.296906
0.296234
0.312099
0.317196
0.331700
0.331821
0.333839
0.326513
0.309135
0.308914
0.315714
0.319070
0.312938
0.314008
0.316851
0.344551
0.349700
0.357705
0.348784
0.383942
0.400594
0.417720
0.412006
0.399066
0.361910
0.312203
0.281185
0.281022
0.287465
0.283159
0.308303
0.328546
0.332861
0.326384
0.281184
0.277998
0.264778
0.270695
0.286340
0.314236
0.286443
0.266721
0.251028
0.250050
0.246008
0.244754
0.252342
0.249450
0.273014
0.281847
0.325293
0.385122
0.462385
0.445391
0.441666
0.445199
0.407248
0.375165
0.327923
0.316803
0.304330
0.277224
0.259776
0.256915
0.257803
0.260685
0.270659
0.290981
0.264442
0.155596
0.138809
0.207095
0.189973
0.191442
0.181689
0.188077
0.214904
0.241581
0.232686
0.196991
0.221103
0.114040
0.095992
0.188941
0.196937
0.169509
0.163645
0.138448
0.202314
0.223541
0.208163
0.211174
0.254888
0.285417
0.953742
0.983289
0.600807
0.315618
0.246545
0.238704
0.307978
0.271709
0.251587
0.203907
0.220182
0.270866
0.264492
0.281905
0.384070
0.338174
0.260971
0.273954
0.271486
0.285351
0.235324
0.264922
0.252272
0.248743
0.229401
0.237085
0.186448
0.190436
0.250318
0.270678
0.318196
0.329988
0.327265
0.290578
0.298866
0.300080
0.329759
0.346899
0.298503
0.290152
0.293852
0.278930
0.271523
0.264099
0.284079
0.312681
0.323167
0.327608
0.297057
0.280727
0.267577
0.265347
0.277216
0.301041
0.313881
0.319090
0.284095
0.259898
0.244460
0.242163
0.243486
0.254034
0.254567
0.258895
0.264796
0.282384
0.328429
0.408948
0.408075
0.416661
0.443554
0.401598
0.352515
0.354739
0.327673
0.317905
0.337849
0.355443
0.366707
0.379250
0.368143
0.345106
0.266581
0.296488
0.283561
0.232747
0.219865
0.212881
0.210294
0.193005
0.217611
0.198563
0.203922
0.212303
0.283188
0.340126
0.403323
0.369839
0.372233
0.350795
0.337733
0.321087
0.265935
0.216318
0.289483
0.296815
0.273695
0.253519
0.328089
0.669717
0.943960
0.897172
0.427424
0.291770
0.245401
0.225939
0.272172
0.266406
0.266282
0.271593
0.335682
0.353017
0.364850
0.368688
0.384931
0.352318
0.338713
0.309931
0.260055
0.265606
0.297959
0.210374
0.201562
0.217640
0.225347
0.241493
0.248013
0.220499
0.221390
0.232387
0.133749
0.074950
0.086171
0.079701
0.271319
0.217410
0.281229
0.284590
0.256687
0.221217
0.246790
0.296836
0.773222
0.962937
0.922988
0.619241
0.570094
0.918759
0.950388
0.612761
0.320648
0.190472
0.161751
0.293047
0.310277
0.179627
0.245140
0.298085
0.344201
0.290911
0.314964
0.282946
0.339455
0.267673
0.277124
0.296922
0.316498
0.265134
0.277417
0.297394
0.284626
0.301251
0.247222
0.222369
0.297744
0.298417
0.315315
0.330907
0.330053
0.317119
0.318633
0.331606
0.338771
0.333378
0.335025
0.330249
0.327539
0.324078
0.323513
0.300938
0.265848
0.248416
0.223068
0.227373
0.230141
0.227365
0.231706
0.249734
0.275834
0.293752
0.291997
0.293706
0.310516
0.305377
0.338922
0.332092
0.314364
0.309035
0.324483
0.349250
0.365279
0.370035
0.381523
0.361846
0.334397
0.326352
0.289932
0.287804
0.279573
0.262751
0.253720
0.248307
0.251550
0.250339
0.265730
0.275342
0.269418
0.265459
0.253147
0.281830
0.289832
0.305090
0.307330
0.319673
0.324137
0.346443
0.353909
0.432227
0.400594
0.420905
0.368670
0.362703
0.270358
0.268583
0.277567
0.296188
0.269303
0.279898
0.316079
0.378450
0.391670
0.388083
0.388029
0.370398
0.358468
0.344846
0.343863
0.333227
0.343328
0.339541
0.323112
0.290055
0.274393
0.256436
0.250086
0.242901
0.239521
0.223189
0.183467
0.162456
0.214074
0.195953
0.182489
0.169279
0.175242
0.204691
0.225203
0.199120
0.209438
0.273688
0.210269
0.276283
0.241184
0.281050
0.233804
0.192385
0.190085
0.267352
0.288548
0.267333
0.274984
0.291223
0.325808
0.969381
0.974790
0.522717
0.269901
0.242033
0.245436
0.261679
0.217330
0.226099
0.227991
0.227837
0.253391
0.244503
0.266994
0.225926
0.280022
0.284736
0.327646
0.226186
0.217565
0.227736
0.299419
0.173809
0.043197
0.208214
0.268554
0.243236
0.251876
0.276542
0.339035
0.260569
0.709686
0.951461
0.862025
0.617859
0.351346
0.362306
0.490968
0.516905
0.994110
0.950303
0.354083
0.233686
0.165350
0.147299
0.292136
0.282122
0.241328
0.185977
0.307434
0.273669
0.247453
0.322948
0.355453
0.285447
0.230203
0.333927
0.225999
0.331795
0.233575
0.306259
0.250653
0.251968
0.287973
0.268004
0.226738
0.344643
0.285784
0.284234
0.289090
0.294033
0.262670
0.284045
0.270025
0.286187
0.268485
0.286912
0.308329
0.349715
0.366491
0.372579
0.340620
0.352877
0.331126
0.306087
0.273779
0.276626
0.275195
0.272791
0.261621
0.255657
0.261219
0.256314
0.257665
0.225944
0.207060
0.221612
0.234424
0.227206
0.253282
0.249162
0.254012
0.265004
0.277368
0.299335
0.357399
0.299809
0.330185
0.301974
0.290377
0.207060
0.250745
0.170185
0.180156
0.203822
0.255082
0.222417
0.255716
0.280048
0.923089
0.921153
0.617826
0.264829
0.252901
0.233377
0.308202
0.239161
0.235320
0.232623
0.305677
0.228660
0.274202
0.264747
0.698730
0.919342
0.724954
0.500626
0.313519
0.285375
0.344118
0.356299
0.388390
0.389016
0.424787
0.415450
0.351577
0.321452
0.283148
0.289774
0.273175
0.269058
0.268043
0.246655
0.290012
0.291745
0.267096
0.259544
0.255854
0.282116
0.276225
0.320050
0.356460
0.357151
0.359325
0.357393
0.335835
0.286927
0.300976
0.283216
0.293087
0.269794
0.258219
0.251289
0.253336
0.276175
0.289541
0.308422
0.291189
0.280598
0.270879
0.282836
0.288896
0.291866
0.290078
0.320190
0.315534
0.337641
0.315186
0.320017
0.346045
0.355500
0.351637
0.337985
0.313458
0.307320
0.306385
0.316398
0.312975
0.305565
0.308733
0.293954
0.272523
0.267557
0.266027
0.265377
0.256372
0.250811
0.257159
0.260305
0.283994
0.305451
0.277294
0.272736
0.263900
0.265435
0.276723
0.278333
0.277044
0.284942
0.299486
0.315626
0.360056
0.367901
0.376966
0.363728
0.319640
0.295575
0.281707
0.283131
0.285070
0.253529
0.234352
0.230398
0.244954
0.215391
0.230803
0.216113
0.239756
0.249987
0.281052
0.305036
0.360865
0.321076
0.327057
0.310375
0.310817
0.275095
0.252674
0.235473
0.259108
0.266209
0.300964
0.282590
0.306687
0.502547
0.942971
0.890237
0.447469
0.338686
0.302856
0.276097
0.322207
0.289957
0.290180
0.291815
0.302244
0.321174
0.372064
0.348088
0.384146
0.381399
0.404433
0.402333
0.412337
0.390971
0.421694
0.406069
0.359116
0.290879
0.321413
0.321052
0.330024
0.362542
0.512568
0.717391
0.830692
0.832153
0.650388
0.559300
0.382878
0.358801
0.370218
0.358935
0.364295
0.362429
0.398663
0.400924
0.356889
0.332749
0.337217
0.348544
0.346200
0.339511
0.373916
0.395644
0.372259
0.362126
0.390436
0.385086
0.411712
0.396507
0.390373
0.366221
0.333694
0.313606
0.300753
0.292106
0.291366
0.292836
0.287138
0.292672
0.317731
0.337833
0.346977
0.340359
0.306145
0.308678
0.332814
0.346780
0.350427
0.334536
0.304530
0.279130
0.268549
0.259121
0.259859
0.266029
0.260865
0.257176
0.262639
0.274949
0.280767
0.305028
0.301693
0.310914
0.326722
0.341341
0.349837
0.355835
0.348344
0.319181
0.298886
0.283749
0.281418
0.277799
0.285099
0.282239
0.311423
0.314088
0.312409
0.295089
0.280803
0.271590
0.270497
0.271977
0.265792
0.299908
0.353243
0.375298
0.380868
0.363912
0.315861
0.257230
0.262971
0.258111
0.276724
0.263034
0.271629
0.267870
0.276707
0.311774
0.324613
0.341257
0.342912
0.331048
0.302018
0.288911
0.269270
0.284869
0.277558
0.270768
0.253658
0.275690
0.286402
0.298731
0.313182
0.286662
0.289610
0.288431
0.302268
0.289377
0.295199
0.303669
0.301365
0.296909
0.302900
0.308743
0.354025
0.411697
0.424909
0.426693
0.426893
0.377033
0.328568
0.298221
0.298685
0.315921
0.348117
0.365566
0.356442
0.328935
0.283897
0.249165
0.243064
0.244473
0.246843
0.257576
0.265465
0.272909
0.277156
0.319220
0.343802
0.355399
0.380502
0.419756
0.448235
0.424383
0.417752
0.375835
0.331397
0.314506
0.289293
0.270291
0.251928
0.245203
0.251501
0.249879
0.248658
0.248582
0.257847
0.286011
0.299306
0.286096
0.281321
0.293888
0.298160
0.305930
0.288869
0.303581
0.308628
0.331944
0.328117
0.314736
0.299160
0.286340
0.274038
0.266131
0.284819
0.301518
0.297808
0.301144
0.321651
0.346602
0.350027
0.347568
0.331982
0.361901
0.358852
0.365927
0.338932
0.369992
0.382716
0.392539
0.317746
0.332484
0.350656
0.381321
0.388316
0.656390
0.722949
0.815700
0.730159
0.669303
0.456547
0.359622
0.347932
0.369786
0.348219
0.371755
0.357632
0.356312
0.332720
0.364182
0.325449
0.347243
0.337771
0.368563
0.363059
0.425709
0.410650
0.440729
0.399478
0.394152
0.365201
0.322607
0.304231
0.302875
0.318325
0.288533
0.275945
0.342581
0.761531
0.941142
0.831831
0.421532
0.324756
0.283167
0.274873
0.309694
0.307219
0.320234
0.301117
0.350395
0.351898
0.329865
0.335869
0.357689
0.372781
0.372777
0.369468
0.333528
0.318807
0.307104
0.254671
0.224098
0.226779
0.253012
0.259496
0.249638
0.259229
0.261223
0.268869
0.267742
0.280489
0.284805
0.290857
0.310162
0.335015
0.355593
0.343133
0.319086
0.343664
0.365668
0.403730
0.415170
0.484187
0.441034
0.418581
0.460742
0.469659
0.507662
0.503539
0.374704
0.282986
0.234519
0.213162
0.206075
0.231915
0.217508
0.231218
0.235674
0.251777
0.255586
0.285874
0.261198
0.249881
0.235706
0.287095
0.265239
0.287791
0.298687
0.366449
0.677018
0.956034
0.854503
0.542441
0.509901
0.447397
0.419513
0.333323
0.352892
0.336597
0.384099
0.353267
0.338616
0.373741
0.381054
0.421487
0.379858
0.361944
0.302869
0.283129
0.313442
0.311992
0.298014
0.246591
0.272195
0.307560
0.293806
0.265467
0.282334
0.282879
0.294435
0.287977
0.285896
0.293239
0.291220
0.309609
0.325885
0.373974
0.358466
0.369649
0.364475
0.315144
0.256544
0.257514
0.270248
0.271281
0.260046
0.250001
0.289412
0.296825
0.347371
0.399003
0.423996
0.423260
0.428501
0.375718
0.302992
0.316927
0.340496
0.356906
0.324858
0.391211
0.345716
0.452439
0.358456
0.366199
0.297751
0.407617
0.316001
0.351422
0.329133
0.518169
0.718777
0.895161
0.862652
0.597647
0.420628
0.341036
0.307974
0.332580
0.305400
0.315180
0.301028
0.356035
0.327802
0.324670
0.325452
0.392165
0.358147
0.348274
0.319584
0.366227
0.352451
0.374369
0.378041
0.404286
0.373913
0.367258
0.350284
0.382363
0.393447
0.408203
0.355918
0.348977
0.307502
0.306920
0.331036
0.335030
0.303339
0.316303
0.340529
0.319757
0.296095
0.324096
0.364342
0.435463
0.406330
0.434472
0.683835
0.767637
0.786407
0.726026
0.561769
0.423412
0.359113
0.339941
0.361291
0.363074
0.330191
0.395128
0.336166
0.361340
0.305917
0.344027
0.523377
0.855575
0.910637
0.710118
0.551113
0.493749
0.504868
0.414263
0.380943
0.377654
0.361197
0.354670
0.366335
0.337064
0.310193
0.330401
0.378323
0.429209
0.455651
0.540243
0.495553
0.484041
0.414230
0.361658
0.294831
0.317804
0.314559
0.325661
0.310812
0.289572
0.284428
0.333415
0.354921
0.390318
0.381071
0.377355
0.357647
0.353204
0.310802
0.270467
0.261822
0.276109
0.283606
0.263941
0.253283
0.281411
0.283726
0.301039
0.313286
0.368788
0.396739
0.382567
0.336973
0.301125
0.315788
0.294606
0.323193
0.293258
0.319263
0.325717
0.338524
0.329656
0.362201
0.368932
0.363655
0.341349
0.337834
0.375577
0.451965
0.660403
0.831435
0.734179
0.548185
0.471886
0.549563
0.759500
0.799820
0.717985
0.565075
0.438393
0.370538
0.352925
0.446746
0.535144
0.799653
0.858795
0.706060
0.600876
0.603178
0.599789
0.549070
0.462155
0.491229
0.460543
0.528374
0.449059
0.388066
0.308717
0.335206
0.333067
0.336192
0.407896
0.401477
0.417234
0.425739
0.404086
0.362907
0.363460
0.370213
0.357803
0.343682
0.352294
0.332960
0.320426
0.330190
0.317170
0.305120
0.327017
0.379711
0.404930
0.377978
0.345795
0.338150
0.296488
0.287759
0.273078
0.270670
0.264883
0.268985
0.270809
0.322630
0.352696
0.341137
0.328424
0.301079
0.289909
0.287563
0.296691
0.314368
0.334082
0.341761
0.335492
0.423905
0.592980
0.858754
0.899678
0.709033
0.418585
0.350283
0.306962
0.340510
0.321382
0.272304
0.284682
0.311638
0.314599
0.308820
0.298881
0.360472
0.375641
0.372562
0.414461
0.595724
0.583145
0.507259
0.452797
0.456342
0.367425
0.325532
0.299805
0.314868
0.317859
0.324424
0.292892
0.296113
0.285025
0.269848
0.292491
0.313614
0.308584
0.299704
0.310661
0.315140
0.291250
0.289852
0.306553
0.300058
0.298132
0.297718
0.298102
0.279551
0.256285
0.238024
0.248798
0.247217
0.236881
0.262296
0.256698
0.276708
0.295722
0.341331
0.341322
0.357537
0.336879
0.352798
0.346687
0.362952
0.337883
0.323067
0.277538
0.290935
0.301191
0.325412
0.326179
0.335091
0.764075
0.918500
0.762316
0.514808
0.376538
0.302979
0.286371
0.274883
0.297145
0.292090
0.276506
0.344278
0.405212
0.393571
0.352683
0.333748
0.343472
0.310986
0.317873
0.289485
0.358258
0.336349
0.338056
0.330065
0.462858
0.903871
0.902255
0.619868
0.537893
0.404312
0.358431
0.363335
0.364183
0.346731
0.350501
0.364120
0.372457
0.317062
0.289077
0.299828
0.324881
0.318524
0.331700
0.302112
0.317738
0.421358
0.429475
0.422344
0.418808
0.499908
0.411945
0.392020
0.388531
0.382285
0.373257
0.364154
0.422282
0.714599
0.922970
0.845799
0.548428
0.397161
0.361729
0.400667
0.367022
0.363432
0.318322
0.314694
0.307614
0.309105
0.286478
0.299672
0.336412
0.333560
0.351567
0.397344
0.434547
0.486850
0.493432
0.465072
0.414302
0.388368
0.340479
0.310593
0.312997
0.339472
0.303786
0.287179
0.281814
0.298416
0.293034
0.285312
0.270593
0.255427
0.264212
0.288356
0.312843
0.368029
0.343730
0.381136
0.395376
0.437609
0.386045
0.373630
0.353250
0.338064
0.307358
0.291901
0.278831
0.270747
0.257762
0.261726
0.276876
0.262423
0.250269
0.238513
0.234914
0.232490
0.233242
0.243798
0.253078
0.258366
0.259626
0.271651
0.264288
0.292640
0.298895
0.322567
0.356475
0.401212
0.415739
0.431297
0.403268
0.361267
0.329515
0.313772
0.295603
0.287072
0.279012
0.284013
0.306847
0.343016
0.359951
0.366520
0.353996
0.324671
0.313102
0.282428
0.274293
0.326571
0.334951
0.346181
0.354043
0.402363
0.348494
0.354745
0.349502
0.331579
0.354627
0.391782
0.481453
0.658918
0.714491
0.586724
0.454205
0.392099
0.320056
0.299623
0.286113
0.303601
0.327081
0.273183
0.280344
0.311156
0.302103
0.327901
0.298464
0.348742
0.569615
0.955951
0.898432
0.590404
0.539341
0.365534
0.390936
0.331745
0.327045
0.339065
0.340783
0.308417
0.291376
0.290046
0.286377
0.303316
0.318028
0.287223
0.306380
0.305422
0.375274
0.403052
0.389825
0.327396
0.328943
0.345218
0.359266
0.357030
0.417019
0.411869
0.397568
0.382594
0.389542
0.367208
0.374617
0.468859
0.835530
0.888592
0.747217
0.486826
0.422474
0.340282
0.300398
0.307624
0.355017
0.362193
0.365828
0.323932
0.319367
0.341678
0.313160
0.264666
0.365267
0.331347
0.369901
0.282743
0.398742
0.362260
0.372058
0.372761
0.404347
0.433058
0.871195
0.928305
0.740470
0.414227
0.375692
0.368137
0.370576
0.374829
0.334850
0.348691
0.339734
0.324335
0.287647
0.289228
0.348830
0.332430
0.355787
0.317930
0.344049
0.273898
0.316093
0.308663
0.300131
0.282889
0.301892
0.385725
0.360672
0.351476
0.369792
0.389592
0.347413
0.354399
0.341050
0.327077
0.318460
0.329643
0.314016
0.328681
0.307361
0.275515
0.261905
0.255810
0.249747
0.255232
0.246533
0.255111
0.247446
0.249546
0.259754
0.264922
0.261417
0.275199
0.300588
0.317481
0.353348
0.413468
0.470135
0.533393
0.539889
0.533097
0.466453
0.395312
0.358676
0.334459
0.324210
0.296459
0.280018
0.295247
0.310518
0.351095
0.355951
0.320855
0.299397
0.297548
0.295299
0.301656
0.311993
0.328520
0.330483
0.322571
0.340693
0.391074
0.554741
0.864096
0.910408
0.705603
0.440017
0.354586
0.344004
0.343190
0.332202
0.305041
0.297713
0.297309
0.303031
0.278771
0.277716
0.314186
0.360838
0.360717
0.357914
0.338632
0.364762
0.376750
0.387339
0.402664
0.397811
0.408707
0.417538
0.429130
0.440425
0.432779
0.374157
0.347963
0.335512
0.334789
0.335524
0.298813
0.300288
0.283574
0.290247
0.280855
0.332143
0.402763
0.458733
0.514660
0.459340
0.615830
0.850203
0.932312
0.784437
0.525704
0.410287
0.360307
0.382066
0.384187
0.352452
0.324688
0.346127
0.342934
0.316795
0.294251
0.296442
0.335880
0.309220
0.296514
0.321414
0.335116
0.346966
0.365767
0.443550
0.455097
0.452453
0.448578
0.376887
0.354874
0.383475
0.339186
0.332134
0.319281
0.308495
0.313148
0.291523
0.315533
0.284133
0.287436
0.310271
0.389200
0.415931
0.386367
0.454102
0.421538
0.481714
0.619139
0.582760
0.459944
0.432608
0.388888
0.392781
0.359582
0.412784
0.509156
0.763451
0.850199
0.624947
0.568952
0.666187
0.862755
0.771620
0.610883
0.489549
0.384814
0.356029
0.322302
0.352048
0.315830
0.349573
0.339712
0.370059
0.376037
0.360213
0.353429
0.389036
0.382922
0.398077
0.448879
0.447190
0.454440
0.423422
0.407566
0.398960
0.387294
0.397108
0.370279
0.400537
0.345600
0.307652
0.275428
0.266010
0.241752
0.231300
0.229139
0.217692
0.221035
0.216076
0.238632
0.264684
0.274019
0.282276
0.309758
0.327985
0.351916
0.339963
0.360859
0.367717
0.380732
0.377154
0.382932
0.384613
0.406238
0.415616
0.399779
0.397608
0.482698
0.492537
0.594274
0.711366
0.821593
0.845192
0.777849
0.722580
0.649266
0.472254
0.375089
0.370160
0.356723
0.369932
0.357042
0.348275
0.333099
0.323675
0.328125
0.344349
0.376325
0.374025
0.376732
0.367962
0.384171
0.390998
0.374321
0.367813
0.363212
0.363039
0.376377
0.401872
0.414174
0.446745
0.415075
0.427287
0.407484
0.383467
0.341322
0.422067
0.338947
0.379237
0.355930
0.491234
0.735872
0.865199
0.851754
0.675344
0.453079
0.376616
0.342554
0.361481
0.382093
0.369782
0.368704
0.417595
0.426084
0.496520
0.595066
0.683416
0.701471
0.660316
0.570306
0.534392
0.410737
0.366600
0.312995
0.334456
0.326369
0.358878
0.298054
0.309635
0.326644
0.332610
0.334061
0.319117
0.311169
0.353766
0.370599
0.397459
0.379043
0.404882
0.398118
0.389628
0.343284
0.329380
0.336589
0.366510
0.353595
0.344897
0.320897
0.343389
0.369076
0.356113
0.305627
0.346775
0.369548
0.393240
0.386447
0.539176
0.657092
0.872304
0.783993
0.616718
0.479583
0.432872
0.441420
0.460430
0.449595
0.506151
0.647665
0.859376
0.805568
0.610162
0.494132
0.406542
0.428577
0.590734
0.808042
0.814350
0.730329
0.627956
0.432182
0.389688
0.346990
0.406662
0.363157
0.354281
0.359116
0.404249
0.393240
0.419867
0.376484
0.399617
0.372409
0.359210
0.354837
0.405288
0.415018
0.376258
0.354276
0.379201
0.439165
0.463824
0.461362
0.442059
0.416768
0.372164
0.342680
0.318631
0.331561
0.340629
0.323774
0.311854
0.281209
0.253948
0.251457
0.242776
0.242093
0.264801
0.284102
0.264196
0.249701
0.242988
0.237378
0.245602
0.243474
0.249689
0.252337
0.259574
0.263115
0.272925
0.263175
0.272289
0.275714
0.286647
0.300923
0.298201
0.305083
0.308348
0.312900
0.318251
0.342691
0.352505
0.336195
0.314757
0.300520
0.297818
0.293359
0.292822
0.299351
0.304233
0.319344
0.325252
0.312965
0.319647
0.301240
0.343604
0.383437
0.421252
0.500271
0.490191
0.413330
0.365833
0.315207
0.318654
0.284737
0.309188
0.337978
0.331389
0.334159
0.418070
0.531086
0.882982
0.931108
0.736555
0.550289
0.510186
0.505139
0.547724
0.403960
0.360163
0.344797
0.488246
0.613055
0.637573
0.599033
0.543193
0.426742
0.388548
0.405300
0.433032
0.414193
0.386583
0.365537
0.367515
0.296753
0.325604
0.324616
0.339784
0.325544
0.324332
0.313040
0.357554
0.372510
0.394831
0.396970
0.391224
0.381134
0.408514
0.416408
0.386229
0.365520
0.360132
0.371397
0.431620
0.559148
0.741370
0.803665
0.751522
0.663666
0.565326
0.461659
0.413923
0.402634
0.415588
0.429131
0.396598
0.407671
0.404016
0.387134
0.464571
0.587180
0.737502
0.810232
0.761088
0.662237
0.594591
0.513286
0.608013
0.800131
0.837175
0.773452
0.636329
0.535540
0.469845
0.433031
0.385509
0.374164
0.383833
0.378228
0.397536
0.420845
0.471602
0.473893
0.512286
0.758731
0.889721
0.884080
0.650175
0.471778
0.415706
0.404726
0.412640
0.391066
0.384747
0.380452
0.397236
0.412865
0.414493
0.384877
0.362289
0.420724
0.440944
0.461148
0.439939
0.422464
0.418962
0.456767
0.460426
0.454773
0.438951
0.454181
0.452849
0.469756
0.447587
0.487696
0.473924
0.427946
0.388865
0.511357
0.772129
0.889014
0.807073
0.659972
0.548712
0.449688
0.525300
0.398973
0.398279
0.347293
0.352190
0.372821
0.372306
0.358273
0.361142
0.405819
0.397863
0.420942
0.402955
0.437462
0.442387
0.491942
0.465457
0.408364
0.400681
0.420683
0.407112
0.427930
0.564339
0.760620
0.825162
0.741342
0.589533
0.481611
0.456001
0.458271
0.468260
0.445743
0.447608
0.443096
0.418610
0.401061
0.395815
0.388380
0.436421
0.450650
0.497532
0.478369
0.616771
0.788519
0.796495
0.786786
0.824297
0.859775
0.792405
0.554302
0.529247
0.496897
0.473290
0.431329
0.506588
0.716904
0.844893
0.849725
0.663527
0.474484
0.481928
0.404926
0.378081
0.387341
0.446190
0.507757
0.537030
0.552921
0.549917
0.399905
0.359720
0.359125
0.332742
0.310837
0.335405
0.328643
0.346526
0.335867
0.308699
0.333474
0.343635
0.344733
0.335364
0.344980
0.339279
0.346271
0.379572
0.385628
0.394850
0.388876
0.421590
0.402302
0.438238
0.458542
0.507760
0.555552
0.545004
0.515757
0.423701
0.349583
0.323470
0.316067
0.316609
0.315651
0.385307
0.375979
0.418871
0.449696
0.460716
0.422068
0.679310
0.874167
0.895647
0.709709
0.507875
0.365284
0.367829
0.375714
0.379564
0.383180
0.419572
0.431650
0.473417
0.460311
0.597435
0.533546
0.548736
0.421696
0.407012
0.330470
0.339234
0.342616
0.355469
0.348493
0.357655
0.325670
0.315928
0.312289
0.335893
0.312458
0.329634
0.326838
0.304410
0.293161
0.331819
0.335860
0.389289
0.401862
0.427706
0.428794
0.443604
0.399852
0.402212
0.408800
0.425651
0.368440
0.361534
0.401762
0.598331
0.835365
0.924458
0.782301
0.536714
0.509717
0.358173
0.412174
0.377582
0.348664
0.347657
0.373992
0.383235
0.403413
0.386276
0.429551
0.419825
0.400177
0.398218
0.387414
0.393293
0.403363
0.407722
0.398091
0.391409
0.415772
0.498260
0.507092
0.654031
0.787598
0.813656
0.685270
0.555493
0.483627
0.469946
0.482748
0.441908
0.436564
0.406369
0.452807
0.458702
0.453401
0.500754
0.532192
0.697007
0.809119
0.892211
0.787617
0.533578
0.561675
0.521280
0.626569
0.778159
0.802329
0.770845
0.562967
0.549814
0.489520
0.422699
0.445285
0.463630
0.409914
0.412334
0.419687
0.420345
0.460884
0.454353
0.435808
0.408266
0.449793
0.493135
0.594689
0.622034
0.606160
0.631471
0.528965
0.643838
0.783187
0.881284
0.789135
0.611726
0.526418
0.485471
0.411178
0.385704
0.375829
0.351343
0.350755
0.354582
0.376174
0.394779
0.438571
0.406302
0.396080
0.371720
0.355370
0.380401
0.391852
0.422744
0.396520
0.406672
0.398804
0.425814
0.398403
0.375121
0.369461
0.351386
0.322818
0.328966
0.302131
0.282259
0.257215
0.276944
0.307851
0.354022
0.378171
0.367127
0.362428
0.341544
0.314211
0.283570
0.280401
0.282597
0.288694
0.274934
0.267155
0.273235
0.277706
0.266828
0.267501
0.269360
0.267819
0.290442
0.292090
0.323383
0.330968
0.324579
0.313736
0.307550
0.284795
0.289995
0.301289
0.308115
0.344425
0.427154
0.418816
0.414388
0.385579
0.338007
0.281308
0.282688
0.290996
0.289502
0.281996
0.316918
0.324071
0.318797
0.337055
0.320792
0.309506
0.277178
0.289335
0.267727
0.271650
0.284516
0.276237
0.278903
0.273127
0.274357
0.296164
0.312799
0.327502
0.349169
0.363805
0.348160
0.381611
0.393519
0.399098
0.388563
0.419217
0.439782
0.537518
0.595715
0.700474
0.750254
0.760148
0.742175
0.676063
0.599464
0.487672
0.386700
0.379627
0.396497
0.429197
0.446361
0.449871
0.428334
0.356636
0.359202
0.346128
0.360275
0.380206
0.394605
0.400389
0.422591
0.492317
0.787168
0.919494
0.817085
0.614371
0.546910
0.487676
0.502138
0.420379
0.398031
0.368549
0.398043
0.416289
0.441472
0.467192
0.449762
0.409170
0.374483
0.371609
0.385070
0.396025
0.413503
0.436509
0.449112
0.435928
0.433577
0.422880
0.391246
0.384079
0.455359
0.462729
0.581667
0.683948
0.862595
0.844413
0.751994
0.669715
0.565496
0.447445
0.398266
0.359575
0.370667
0.373436
0.385413
0.362342
0.385752
0.432202
0.481501
0.500717
0.487662
0.438404
0.398975
0.400638
0.398053
0.410326
0.385973
0.374697
0.410402
0.431826
0.423739
0.399418
0.379144
0.317096
0.289302
0.266225
0.255162
0.261052
0.257215
0.257725
0.257716
0.255646
0.258744
0.285166
0.302850
0.308931
0.349153
0.364721
0.373725
0.369140
0.356501
0.333475
0.290885
0.291988
0.293115
0.289433
0.263554
0.276638
0.308882
0.331665
0.341889
0.327394
0.289190
0.281552
0.277201
0.267294
0.269409
0.314523
0.319492
0.309948
0.287086
0.272920
0.265013
0.272243
0.279899
0.293773
0.342205
0.367270
0.370251
0.363144
0.325340
0.295033
0.298846
0.298988
0.300599
0.300872
0.313884
0.313802
0.346553
0.354951
0.325662
0.355583
0.391597
0.396730
0.374157
0.351861
0.377503
0.370122
0.387808
0.414886
0.680064
0.795787
0.859835
0.802497
0.620374
0.498291
0.375044
0.360548
0.364177
0.370044
0.363910
0.348664
0.366019
0.355881
0.340210
0.326255
0.354746
0.354912
0.367557
0.371213
0.408845
0.418325
0.380990
0.358207
0.356009
0.356252
0.416941
0.380812
0.385127
0.368076
0.351264
0.325157
0.294793
0.296580
0.295074
0.314361
0.339714
0.352999
0.341269
0.327805
0.299026
0.291846
0.293594
0.322889
0.352888
0.353344
0.353933
0.332800
0.300089
0.272421
0.271215
0.267934
0.265406
