# Predictions (Probabilities)
0.415108
0.407927
0.344508
0.327311
0.294671
0.297270
0.302702
0.302662
0.294989
0.287790
0.291708
0.281493
0.294487
0.292649
0.313333
0.327162
0.332161
0.329719
0.324199
0.300906
0.304127
0.296191
0.282605
0.278729
0.275271
0.260876
0.266881
0.276301
0.287862
0.308698
0.339443
0.334111
0.334232
0.314754
0.320323
0.334142
0.356428
0.389909
0.398508
0.413608
0.393465
0.422345
0.438739
0.419678
0.407239
0.360826
0.315116
0.295652
0.306565
0.319094
0.325236
0.306492
0.291702
0.305423
0.321400
0.334882
0.333172
0.325869
0.294287
0.272478
0.234924
0.247130
0.258334
0.271064
0.254868
0.253260
0.261427
0.252427
0.249033
0.263660
0.277194
0.310319
0.334239
0.348287
0.349700
0.340151
0.341454
0.306514
0.268457
0.276581
0.273821
0.266631
0.254932
0.256267
0.261759
0.289278
0.296686
0.290887
0.268422
0.258796
0.274150
0.269528
0.286137
0.295685
0.304508
0.293642
0.296927
0.296693
0.304099
0.328151
0.334733
0.349568
0.348101
0.334205
0.316610
0.331176
0.338776
0.350059
0.346382
0.316947
0.300232
0.289389
0.284601
0.268175
0.270879
0.283720
0.295686
0.366187
0.378414
0.370333
0.357336
0.358407
0.352436
0.339761
0.344052
0.370060
0.356472
0.347757
0.323668
0.306355
0.302856
0.281272
0.290778
0.283738
0.271284
0.264706
0.263548
0.287232
0.305547
0.281690
0.286430
0.256279
0.247171
0.254446
0.293042
0.302873
0.292114
0.300317
0.283147
0.284955
0.291454
0.289599
0.279923
0.300288
0.325523
0.382740
0.483921
0.515729
0.518063
0.518204
0.515047
0.521814
0.483747
0.447020
0.365582
0.355624
0.323791
0.324697
0.338254
0.347527
0.376304
0.386206
0.404488
0.421966
0.402766
0.384543
0.349264
0.331922
0.316053
0.288561
0.293507
0.255585
0.243413
0.203195
0.204976
0.211573
0.210081
0.214640
0.217516
0.230777
0.257620
0.293367
0.302947
0.302417
0.321274
0.343290
0.332954
0.374222
0.428519
0.457073
0.459995
0.460818
0.471952
0.417269
0.432650
0.400946
0.341486
0.347075
0.315349
0.384072
0.420378
0.369035
0.352454
0.363915
0.289543
0.284979
0.278220
0.274404
0.249334
0.276176
0.285419
0.254652
0.227879
0.267957
0.287114
0.284766
0.295415
0.446782
0.613014
0.817013
0.885822
0.652182
0.351390
0.280345
0.277711
0.289537
0.299697
0.302746
0.256685
0.295106
0.314382
0.351285
0.449982
0.505742
0.497608
0.456699
0.434267
0.381841
0.390214
0.365076
0.377797
0.359637
0.355033
0.270243
0.281550
0.298205
0.262690
0.249006
0.238337
0.242961
0.251915
0.267377
0.305398
0.323902
0.356180
0.327664
0.342982
0.311931
0.321437
0.313878
0.323455
0.327664
0.347141
0.366214
0.441534
0.459582
0.486294
0.453175
0.459563
0.359575
0.315253
0.297840
0.296218
0.296177
0.289461
0.320353
0.311567
0.323158
0.322566
0.337544
0.349594
0.361242
0.374322
0.383725
0.373155
0.360493
0.359000
0.346216
0.321400
0.291961
0.274192
0.270170
0.261296
0.253425
0.279458
0.308126
0.303791
0.294948
0.267058
0.246953
0.241689
0.244614
0.235783
0.242569
0.247624
0.278876
0.318039
0.344244
0.337487
0.331078
0.304486
0.293635
0.296771
0.307860
0.333377
0.372743
0.375023
0.393031
0.409964
0.399542
0.394751
0.378569
0.364377
0.314476
0.284408
0.277309
0.277726
0.286296
0.303685
0.303410
0.279569
0.269195
0.245277
0.244459
0.268792
0.304304
0.336797
0.353655
0.353645
0.338051
0.345012
0.321808
0.332934
0.365076
0.411198
0.469597
0.597581
0.600385
0.649111
0.647105
0.606717
0.546473
0.463127
0.375844
0.316576
0.296348
0.291693
0.275763
0.257252
0.260757
0.267619
0.319729
0.365970
0.385197
0.369759
0.332933
0.298934
0.296854
0.327871
0.315041
0.297103
0.305316
0.354972
0.389033
0.460848
0.524560
0.581636
0.574843
0.535266
0.516693
0.408148
0.331323
0.310628
0.317556
0.279981
0.261838
0.255745
0.272642
0.276741
0.268317
0.284661
0.321202
0.363172
0.379541
0.364303
0.371914
0.358421
0.336939
0.297657
0.315573
0.315002
0.319355
0.341639
0.397129
0.431160
0.424097
0.376474
0.351279
0.338150
0.343802
0.355958
0.373573
0.356102
0.327016
0.338054
0.322084
0.290260
0.270155
0.260107
0.231615
0.230147
0.231306
0.236801
0.238858
0.245307
0.262948
0.296456
0.304322
0.317580
0.299473
0.292134
0.301261
0.305358
0.327393
0.394397
0.412770
0.423523
0.436424
0.458379
0.375905
0.333000
0.329618
0.346720
0.317337
0.325293
0.328310
0.337774
0.341027
0.347055
0.354758
0.355891
0.345378
0.352861
0.337057
0.324038
0.278481
0.258276
0.233646
0.230484
0.225241
0.223118
0.245054
0.288144
0.339805
0.352082
0.356810
0.295900
0.280113
0.273354
0.303337
0.310076
0.344755
0.373608
0.375070
0.387709
0.401839
0.389904
0.389083
0.406497
0.374410
0.360852
0.285568
0.267759
0.245982
0.248093
0.233343
0.245204
0.257558
0.257733
0.276824
0.306865
0.337537
0.370648
0.350980
0.202906
0.086829
0.031773
0.204552
0.170034
0.112515
0.106161
0.169150
0.172840
0.187527
0.180482
0.166704
0.147225
0.024010
0.134431
0.131169
0.152260
0.200387
0.114168
0.054167
0.130380
0.055773
0.083849
0.138889
0.241539
0.262003
0.981495
0.993749
0.349007
0.281255
0.254793
0.211297
0.251657
0.244543
0.270527
0.330131
0.918055
0.910048
0.782696
0.270702
0.278359
0.263268
0.204238
0.177174
0.180289
0.161356
0.175603
0.196959
0.154573
0.152543
0.175596
0.156964
0.208952
0.267736
0.234472
0.312955
0.365457
0.380171
0.365673
0.313387
0.295278
0.289813
0.276066
0.272595
0.305573
0.330495
0.323821
0.299742
0.259042
0.217338
0.223867
0.238018
0.258267
0.243021
0.264597
0.290464
0.321356
0.394985
0.394063
0.405031
0.401481
0.407236
0.379921
0.372306
0.349234
0.341839
0.323195
0.337531
0.356599
0.346297
0.335769
0.338303
0.307415
0.256929
0.202462
0.203007
0.200302
0.180557
0.234257
0.229516
0.248567
0.212111
0.247531
0.256317
0.319272
0.332963
0.322013
0.304790
0.270088
0.303204
0.322119
0.288748
0.298826
0.381750
0.779701
0.937599
0.704940
0.258584
0.209531
0.196876
0.243320
0.225509
0.237482
0.235303
0.305767
0.323858
0.349810
0.346815
0.387259
0.360532
0.365128
0.294563
0.247491
0.227431
0.175801
0.256459
0.160710
0.190473
0.120990
0.199251
0.148873
0.169007
0.033164
0.062571
0.097718
0.227700
0.232206
0.198344
0.227398
0.303074
0.464805
0.954360
0.937199
0.559005
0.369966
0.330282
0.288042
0.442371
0.741379
0.978469
0.903844
0.319645
0.234279
0.221339
0.275748
0.323563
0.193313
0.242281
0.243251
0.268913
0.265162
0.223863
0.199233
0.214602
0.181952
0.202649
0.190885
0.257059
0.189753
0.228771
0.284310
0.286846
0.274700
0.327378
0.255540
0.271468
0.270582
0.246580
0.302804
0.314896
0.320557
0.330772
0.330393
0.326234
0.309205
0.279586
0.272540
0.243140
0.265898
0.253576
0.258643
0.254692
0.255576
0.261833
0.247945
0.256540
0.250380
0.283605
0.295656
0.313384
0.310522
0.282934
0.282645
0.284155
0.286740
0.295253
0.307014
0.315331
0.304857
0.310994
0.358704
0.422275
0.456989
0.451706
0.443270
0.365518
0.330314
0.303027
0.292233
0.334470
0.336087
0.329989
0.315781
0.286334
0.254435
0.245551
0.254796
0.261870
0.246570
0.259495
0.266614
0.293102
0.285590
0.283953
0.287466
0.298834
0.329418
0.348824
0.356307
0.345027
0.331997
0.342622
0.331235
0.335329
0.341143
0.308028
0.295085
0.278792
0.282848
0.277914
0.299706
0.326216
0.373051
0.358031
0.325031
0.300610
0.299799
0.303581
0.308322
0.321812
0.340782
0.355115
0.371098
0.382992
0.391824
0.382057
0.341034
0.299797
0.233614
0.219092
0.225673
0.233594
0.234627
0.224784
0.219097
0.225987
0.247257
0.252060
0.248264
0.277837
0.316259
0.334324
0.344395
0.373885
0.389086
0.379872
0.343555
0.337496
0.295023
0.297140
0.312326
0.328139
0.329280
0.385600
0.375719
0.378372
0.346393
0.331249
0.321252
0.348787
0.427363
0.422801
0.460377
0.407398
0.426579
0.345506
0.207834
0.098575
0.276615
0.220613
0.233088
0.167410
0.142441
0.149228
0.215078
0.181332
0.166010
0.161771
0.063442
0.189309
0.193155
0.302330
0.707056
0.389351
0.381258
0.335201
0.344790
0.304691
0.266227
0.345331
0.345469
0.937108
0.987584
0.421555
0.312954
0.238817
0.176628
0.333702
0.288413
0.297397
0.231101
0.350910
0.384023
0.313332
0.275789
0.302489
0.336959
0.246718
0.282800
0.294050
0.284513
0.228701
0.240930
0.250937
0.220134
0.207113
0.199087
0.176784
0.253424
0.228545
0.280223
0.371181
0.453560
0.480580
0.443282
0.416614
0.408388
0.402756
0.333669
0.295126
0.292146
0.306496
0.290461
0.264871
0.271158
0.268651
0.301338
0.354302
0.383026
0.413101
0.373492
0.373023
0.372118
0.360891
0.304009
0.281812
0.293422
0.292089
0.311322
0.315206
0.321325
0.317316
0.296187
0.279416
0.250164
0.252564
0.260374
0.273529
0.227388
0.229115
0.241032
0.297922
0.291085
0.352119
0.257318
0.280574
0.240473
0.261631
0.256097
0.308114
0.237034
0.243200
0.243542
0.373773
0.393415
0.337137
0.243502
0.280081
0.296966
0.362910
0.268413
0.299004
0.417925
0.897218
0.926478
0.594053
0.393663
0.363826
0.715586
0.831269
0.823748
0.625976
0.243408
0.225758
0.295218
0.285081
0.311545
0.364865
0.379176
0.355156
0.320383
0.275666
0.335867
0.337105
0.240971
0.308658
0.403313
0.401301
0.359489
0.313843
0.310076
0.258175
0.308390
0.304294
0.297729
0.303040
0.452890
0.659774
0.846628
0.846682
0.587858
0.428073
0.347669
0.356225
0.355051
0.358370
0.351428
0.354412
0.361587
0.335256
0.316560
0.332951
0.418766
0.458063
0.474972
0.530863
0.469977
0.413961
0.340370
0.341526
0.287274
0.328176
0.304161
0.351395
0.363999
0.287359
0.267495
0.249704
0.231617
0.231976
0.221287
0.237207
0.246548
0.295801
0.314934
0.342770
0.325057
0.355959
0.335003
0.369032
0.323998
0.334600
0.376690
0.415260
0.436096
0.464532
0.499820
0.471645
0.469352
0.429252
0.351157
0.317066
0.308609
0.304489
0.291408
0.300188
0.315617
0.322817
0.310036
0.312959
0.308079
0.274164
0.273070
0.269608
0.259481
0.264141
0.264279
0.274844
0.287374
0.306921
0.307587
0.316146
0.283304
0.258373
0.247484
0.240830
0.241800
0.253212
0.259838
0.271583
0.263930
0.275236
0.298793
0.334076
0.338817
0.347177
0.371709
0.372924
0.374238
0.396261
0.473956
0.428909
0.441014
0.365677
0.336693
0.310948
0.305131
0.332493
0.360020
0.375016
0.360201
0.351765
0.327294
0.303926
0.266272
0.263617
0.274127
0.265408
0.251719
0.248877
0.267397
0.296616
0.322596
0.332856
0.332636
0.307805
0.289327
0.264447
0.264758
0.289719
0.295072
0.313096
0.290422
0.284368
0.279667
0.290160
0.283900
0.299348
0.283574
0.319305
0.313431
0.331715
0.350710
0.336869
0.344473
0.322195
0.341783
0.321150
0.307436
0.279671
0.273424
0.230269
0.228778
0.233270
0.261430
0.273692
0.263857
0.275194
0.292039
0.308897
0.367154
0.380938
0.386065
0.397264
0.505231
0.484486
0.474599
0.496057
0.427187
0.355118
0.311616
0.339119
0.339965
0.274415
0.340142
0.346239
0.302630
0.306837
0.469831
0.727140
0.871242
0.869690
0.583343
0.342515
0.296949
0.280750
0.287277
0.277720
0.293465
0.305691
0.366362
0.359332
0.353327
0.351002
0.327017
0.296530
0.267183
0.277315
0.300784
0.318018
0.302529
0.306309
0.313860
0.334820
0.305092
0.321517
0.361445
0.379806
0.357255
0.365541
0.306564
0.276549
0.335799
0.343633
0.355929
0.309090
0.250301
0.219172
0.255585
0.217860
0.232806
0.234973
0.273705
0.381558
0.417990
0.404201
0.313859
0.219702
0.189484
0.104017
0.241415
0.206488
0.235899
0.157299
0.197640
0.222271
0.270369
0.298326
0.284448
0.337421
0.471425
0.971567
0.954581
0.801685
0.493938
0.273275
0.308534
0.258120
0.308505
0.256044
0.250160
0.216215
0.284914
0.261579
0.292784
0.336006
0.365221
0.326101
0.361406
0.352658
0.353328
0.267195
0.277851
0.272772
0.311822
0.308696
0.306276
0.270845
0.255620
0.258448
0.244186
0.242321
0.271689
0.273568
0.268704
0.301071
0.322574
0.356578
0.320607
0.327534
0.295653
0.291118
0.276156
0.274661
0.254257
0.271264
0.297449
0.313866
0.318658
0.316054
0.304286
0.302917
0.341152
0.388993
0.439835
0.434314
0.424407
0.379520
0.365877
0.401467
0.381765
0.377466
0.346752
0.330453
0.243449
0.235247
0.219364
0.229576
0.228505
0.227514
0.213748
0.227037
0.262253
0.270726
0.288324
0.281988
0.280841
0.267561
0.268782
0.288412
0.311103
0.331091
0.329100
0.328171
0.306451
0.296356
0.297727
0.346077
0.351793
0.345115
0.307684
0.292327
0.257791
0.257560
0.255705
0.274861
0.304569
0.322620
0.290969
0.290102
0.311900
0.313349
0.311234
0.311153
0.328975
0.364933
0.384433
0.419293
0.450903
0.469851
0.438337
0.434041
0.362961
0.300768
0.276889
0.274022
0.268214
0.255540
0.254360
0.260431
0.256828
0.275865
0.283140
0.320940
0.361629
0.372697
0.361885
0.343048
0.326990
0.314371
0.280816
0.267249
0.261616
0.253055
0.241705
0.281744
0.262591
0.321152
0.360313
0.356685
0.394208
0.296378
0.283509
0.226993
0.325595
0.374192
0.311192
0.252676
0.301753
0.317826
0.269342
0.316320
0.286885
0.327995
0.711137
0.909553
0.770739
0.402577
0.551818
0.820275
0.797292
0.649242
0.353765
0.397676
0.322068
0.423384
0.503710
0.504049
0.474568
0.439421
0.403825
0.391253
0.358811
0.371946
0.378116
0.354321
0.340098
0.337304
0.350716
0.367927
0.395329
0.555399
0.719750
0.780231
0.692905
0.545639
0.484604
0.405889
0.482354
0.534111
0.809236
0.748041
0.662921
0.508140
0.350772
0.316606
0.362350
0.357293
0.362755
0.326871
0.373594
0.363968
0.422176
0.423673
0.489701
0.445280
0.397533
0.352601
0.370584
0.419053
0.416877
0.431777
0.445565
0.466669
0.399939
0.352337
0.329672
0.317488
0.310277
0.318864
0.332646
0.323347
0.312267
0.271513
0.248762
0.216933
0.217292
0.222676
0.218803
0.221710
0.237404
0.257547
0.274279
0.278358
0.271241
0.275261
0.297008
0.297760
0.321211
0.371780
0.424736
0.436335
0.434220
0.448447
0.382900
0.398677
0.433817
0.480821
0.467617
0.444242
0.338524
0.306779
0.258207
0.241213
0.255185
0.259127
0.262373
0.245670
0.261922
0.270998
0.278901
0.296999
0.334274
0.327600
0.318904
0.308023
0.290234
0.273611
0.282803
0.281508
0.277514
0.302130
0.312547
0.327929
0.292511
0.302884
0.301751
0.320583
0.322279
0.339184
0.318075
0.282230
0.299729
0.238820
0.246805
0.293567
0.325493
0.345301
0.343337
0.255268
0.338052
0.302940
0.270616
0.270439
0.327096
0.298438
0.327328
0.227653
0.258548
0.255326
0.292422
0.288095
0.280040
0.300457
0.804399
0.896745
0.761670
0.351374
0.350230
0.466871
0.794845
0.898983
0.673461
0.427992
0.310575
0.275671
0.273679
0.259257
0.315743
0.295899
0.250208
0.272864
0.366680
0.338229
0.373422
0.363169
0.390588
0.298469
0.312911
0.314638
0.329363
0.345779
0.382103
0.380783
0.463609
0.426111
0.364550
0.313030
0.283619
0.276711
0.297585
0.345288
0.356744
0.366769
0.332240
0.301692
0.257131
0.259106
0.272782
0.277909
0.319410
0.322220
0.295858
0.284326
0.268032
0.264581
0.254633
0.255596
0.248673
0.262915
0.256765
0.294223
0.339401
0.368566
0.351554
0.367512
0.442105
0.419362
0.342457
0.365404
0.399058
0.391844
0.337224
0.420760
0.681568
0.859548
0.893919
0.707000
0.618817
0.698354
0.824201
0.714420
0.611605
0.371323
0.346692
0.339201
0.365149
0.428655
0.440679
0.443982
0.411653
0.363073
0.350814
0.361205
0.369309
0.346854
0.362275
0.369793
0.391497
0.337733
0.342298
0.339101
0.347706
0.378679
0.405283
0.402135
0.374788
0.343447
0.313037
0.302025
0.287537
0.295230
0.303995
0.340775
0.357378
0.365335
0.353116
0.309936
0.284312
0.271651
0.263580
0.292096
0.310182
0.311864
0.277134
0.271803
0.240120
0.224825
0.232048
0.237683
0.240535
0.237997
0.243574
0.257488
0.300054
0.312806
0.333405
0.359512
0.401116
0.426161
0.432359
0.387728
0.348375
0.329203
0.304360
0.338698
0.321324
0.325597
0.344784
0.301890
0.278000
0.299366
0.337395
0.327492
0.295878
0.347019
0.339789
0.314143
0.347387
0.447961
0.697396
0.854192
0.822976
0.506820
0.374553
0.366078
0.361403
0.354373
0.349238
0.329268
0.388139
0.395476
0.418384
0.378034
0.377351
0.377433
0.328831
0.347922
0.345878
0.415725
0.631564
0.808014
0.840714
0.738143
0.455075
0.347910
0.363724
0.408946
0.414400
0.351934
0.370366
0.329204
0.347410
0.292212
0.322085
0.334192
0.374477
0.346485
0.391793
0.428092
0.412259
0.382361
0.377392
0.350486
0.324820
0.328264
0.320189
0.344607
0.335678
0.299384
0.292727
0.320071
0.342778
0.336562
0.329396
0.299501
0.278993
0.259904
0.260663
0.258811
0.261807
0.266518
0.276405
0.300856
0.307381
0.314333
0.300724
0.289492
0.280803
0.310910
0.339405
0.362345
0.359212
0.350601
0.310487
0.282077
0.265788
0.255467
0.260308
0.264664
0.270094
0.265162
0.269380
0.278035
0.288943
0.292717
0.307049
0.333716
0.335683
0.314223
0.307524
0.296148
0.279442
0.300074
0.311319
0.316477
0.370229
0.397278
0.375417
0.430977
0.530443
0.557419
0.492266
0.450430
0.419957
0.472244
0.446974
0.547924
0.754256
0.816348
0.689225
0.541618
0.408551
0.373531
0.411608
0.417043
0.363652
0.424083
0.485185
0.803562
0.842553
0.728231
0.564556
0.375520
0.368850
0.371226
0.357302
0.365433
0.355343
0.380098
0.373038
0.930380
0.893079
0.527177
0.432776
0.344092
0.382033
0.384625
0.402230
0.363632
0.369597
0.380026
0.343170
0.392420
0.371792
0.366405
0.305772
0.308938
0.264064
0.260773
0.237498
0.301233
0.307135
0.268774
0.245923
0.259559
0.266463
0.277183
0.296195
0.318411
0.318765
0.343580
0.268158
0.278193
0.306572
0.352371
0.339911
0.351629
0.263831
0.300377
0.289981
0.316553
0.295470
0.304623
0.405477
0.940718
0.897604
0.541518
0.384460
0.345621
0.339311
0.358186
0.319092
0.283292
0.295098
0.340213
0.336007
0.381161
0.377691
0.344371
0.320042
0.321699
0.395268
0.666407
0.900466
0.829946
0.552984
0.453688
0.373480
0.372620
0.371572
0.348812
0.360143
0.353628
0.454377
0.565194
0.607323
0.622487
0.505301
0.422035
0.394657
0.386701
0.372160
0.369510
0.358913
0.346363
0.307230
0.265182
0.313223
0.295683
0.320012
0.273136
0.290270
0.267324
0.297450
0.315533
0.334110
0.328248
0.274558
0.286471
0.306303
0.311422
0.325464
0.288247
0.276458
0.346275
0.391039
0.316992
0.337671
0.330036
0.493895
0.929259
0.875543
0.549709
0.432741
0.386692
0.430693
0.657180
0.584226
0.633095
0.601356
0.616688
0.542761
0.570109
0.416198
0.381564
0.338584
0.304061
0.317378
0.299925
0.275649
0.322289
0.298851
0.303187
0.265496
0.301745
0.326895
0.356542
0.355569
0.363475
0.355047
0.388207
0.350153
0.369799
0.330238
0.324512
0.297700
0.303065
0.294364
0.306507
0.331379
0.336757
0.345275
0.325780
0.313487
0.296406
0.337916
0.374780
0.415803
0.420916
0.361611
0.310015
0.278130
0.262059
0.264416
0.296778
0.330805
0.307232
0.266704
0.260044
0.262146
0.263633
0.258420
0.237871
0.251450
0.285696
0.314448
0.325172
0.333760
0.329221
0.289763
0.255058
0.222924
0.223327
0.238185
0.262412
0.265664
0.255387
0.259846
0.307656
0.327918
0.385226
0.382870
0.404501
0.418960
0.407522
0.380925
0.357225
0.331572
0.317812
0.310261
0.294705
0.284943
0.288829
0.323733
0.327650
0.327057
0.306504
0.270713
0.271295
0.252966
0.259292
0.241445
0.258030
0.299951
0.315780
0.318621
0.308854
0.300244
0.293608
0.292004
0.291141
0.278062
0.322318
0.343023
0.324355
0.275502
0.280259
0.241657
0.254404
0.327257
0.360408
0.384630
0.391056
0.327583
0.325633
0.278167
0.260199
0.273072
0.244031
0.261024
0.272341
0.294661
0.308261
0.297648
0.334770
0.864776
0.927564
0.704368
0.386259
0.352859
0.332469
0.364748
0.333056
0.339150
0.316098
0.331492
0.319775
0.321235
0.324477
0.373237
0.348050
0.348946
0.347075
0.357042
0.284191
0.349846
0.346943
0.338427
0.320163
0.308262
0.317834
0.312423
0.301821
0.299823
0.325340
0.381607
0.342200
0.369156
0.357265
0.343565
0.285885
0.311383
0.348719
0.352121
0.326764
0.325062
0.310573
0.307096
0.325327
0.310337
0.311939
0.362512
0.411108
0.763699
0.855252
0.713247
0.458670
0.417034
0.589425
0.781410
0.824584
0.629050
0.451286
0.451166
0.336257
0.335005
0.330795
0.358865
0.331582
0.300327
0.344318
0.386174
0.407412
0.428059
0.409369
0.408504
0.368800
0.397881
0.388364
0.387925
0.342064
0.321118
0.321646
0.310734
0.282248
0.276330
0.281272
0.271363
0.271971
0.284362
0.290033
0.289184
0.288076
0.305854
0.336456
0.348488
0.355271
0.361515
0.345684
0.332719
0.351689
0.354180
0.354785
0.355394
0.340069
0.344690
0.347990
0.283911
0.258471
0.244884
0.228990
0.211368
0.241121
0.238955
0.239804
0.274239
0.282539
0.293435
0.317952
0.344905
0.373553
0.349597
0.338433
0.308322
0.295601
0.280234
0.321979
0.349943
0.337904
0.302236
0.459916
0.805081
0.916267
0.725956
0.535003
0.413885
0.411127
0.424644
0.503822
0.779739
0.766952
0.710471
0.616222
0.423807
0.360526
0.325395
0.351220
0.324987
0.336205
0.358417
0.432541
0.405211
0.426457
0.381466
0.384034
0.376370
0.382241
0.379914
0.378473
0.404390
0.424640
0.423533
0.413251
0.495212
0.406618
0.375416
0.361576
0.348061
0.412856
0.383671
0.368404
0.339146
0.349988
0.357918
0.356983
0.377268
0.395509
0.575941
0.759171
0.905852
0.751646
0.508013
0.415817
0.358581
0.385351
0.389187
0.423897
0.479530
0.747679
0.763807
0.835076
0.729255
0.617677
0.453187
0.379945
0.342307
0.371330
0.371654
0.377076
0.368717
0.377876
0.390839
0.400835
0.403831
0.414785
0.418793
0.410827
0.436244
0.497312
0.430822
0.442174
0.422519
0.465990
0.461522
0.480244
0.502387
0.496274
0.445527
0.552750
0.754248
0.788197
0.773070
0.627516
0.423110
0.374864
0.364820
0.371810
0.362658
0.361341
0.374200
0.407834
0.404416
0.384249
0.394805
0.403194
0.376814
0.410215
0.691003
0.803530
0.844475
0.791007
0.621480
0.481113
0.381888
0.382618
0.362296
0.362981
0.369805
0.364782
0.369134
0.357000
0.329960
0.348029
0.397232
0.391949
0.393433
0.395027
0.408114
0.470467
0.436057
0.442311
0.440681
0.430718
0.418865
0.420822
0.410679
0.416793
0.390004
0.400570
0.385698
0.403421
0.417373
0.457874
0.421946
0.520685
0.679757
0.844187
0.802956
0.630674
0.543269
0.543468
0.486075
0.484501
0.452024
0.490196
0.475295
0.474496
0.432453
0.538985
0.672398
0.848137
0.802156
0.625205
0.587462
0.483336
0.474896
0.458647
0.438974
0.455223
0.408205
0.415958
0.395204
0.484569
0.697499
0.864033
0.852507
0.588675
0.523692
0.417362
0.403805
0.387040
0.369537
0.353957
0.360186
0.388859
0.372773
0.411639
0.418509
0.444362
0.451893
0.471357
0.407971
0.452238
0.399532
0.471110
0.374040
0.461835
0.608226
0.849637
0.847067
0.595088
0.398327
0.344485
0.337859
0.362667
0.372678
0.426626
0.423448
0.461828
0.465644
0.488645
0.472156
0.468639
0.408758
0.391361
0.373810
0.385548
0.350339
0.394452
0.400310
0.399711
0.369523
0.423979
0.465182
0.711302
0.896362
0.858442
0.669927
0.651592
0.646172
0.686726
0.583522
0.524735
0.455382
0.439605
0.426040
0.417394
0.396318
0.422603
0.528067
0.706363
0.780589
0.817289
0.705337
0.582808
0.505438
0.397074
0.391105
0.385745
0.382051
0.379441
0.355411
0.352615
0.355320
0.372449
0.399876
0.456919
0.508110
0.537823
0.509379
0.513096
0.444533
0.396261
0.365635
0.355555
0.361773
0.375902
0.312061
0.292833
0.316669
0.308565
0.279332
0.296030
0.293627
0.299695
0.285255
0.282804
0.318645
0.309518
0.315635
0.300608
0.297722
0.260227
0.281133
0.298849
0.340119
0.347276
0.354238
0.305164
0.285134
0.268288
0.274431
0.281319
0.276163
0.276985
0.279618
0.291463
0.334967
0.380463
0.405006
0.436360
0.406079
0.371518
0.391039
0.395022
0.383851
0.344233
0.359799
0.409990
0.455320
0.551254
0.697992
0.742170
0.714054
0.643213
0.508366
0.385105
0.357608
0.335600
0.317667
0.318902
0.301819
0.302827
0.327180
0.337908
0.339414
0.357663
0.378538
0.398830
0.387616
0.411999
0.425778
0.420883
0.394522
0.365113
0.322593
0.301533
0.293288
0.293003
0.310113
0.348419
0.355049
0.354270
0.352033
0.362202
0.319858
0.332182
0.340564
0.337782
0.349335
0.357050
0.346553
0.389384
0.425617
0.409058
0.377692
0.335587
0.351834
0.364874
0.394281
0.512384
0.722566
0.789446
0.705678
0.644758
0.522449
0.427747
0.440289
0.445469
0.464859
0.540787
0.517277
0.469068
0.428035
0.395844
0.363664
0.365541
0.369520
0.356601
0.384264
0.381711
0.411897
0.424575
0.562454
0.724956
0.870705
0.812976
0.768690
0.809765
0.811155
0.682052
0.499265
0.391195
0.403144
0.371842
0.385298
0.374255
0.429844
0.441014
0.463331
0.433666
0.424986
0.437963
0.383380
0.380864
0.398478
0.398149
0.384578
0.351975
0.354097
0.322763
0.347860
0.329941
0.334579
0.314793
0.339864
0.316492
0.311936
0.315925
0.318927
0.327014
0.321506
0.342787
0.342734
0.367999
0.365915
0.375244
0.379007
0.415206
0.406413
0.432667
0.393288
0.380497
0.323312
0.335460
0.328095
0.324093
0.306167
0.272903
0.266768
0.253672
0.247347
0.241546
0.252709
0.262080
0.303055
0.312028
0.313899
0.327307
0.317561
0.298797
0.294359
0.294586
0.289500
0.293414
0.275828
0.288392
0.276998
0.285794
0.276123
0.286477
0.271553
0.282026
0.329888
0.423773
0.458188
0.451228
0.434494
0.428765
0.349561
0.335401
0.318885
0.328619
0.386977
0.430694
0.485766
0.435239
0.441983
0.401564
0.382610
0.326215
0.341573
0.365192
0.432394
0.358505
0.458172
0.429247
0.570639
0.796735
0.891503
0.776285
0.563768
0.486158
0.423968
0.463702
0.441042
0.460742
0.394307
0.415793
0.392088
0.442363
0.474947
0.604421
0.822994
0.871340
0.820321
0.635262
0.552552
0.493251
0.404430
0.379552
0.377089
0.379303
0.400779
0.384589
0.379804
0.384738
0.388340
0.391817
0.390097
0.382889
0.412452
0.418355
0.443430
0.445418
0.413355
0.431286
0.437160
0.505375
0.588291
0.627061
0.564585
0.512356
0.448446
0.353025
0.307312
0.295411
0.320883
0.301971
0.286912
0.306469
0.341672
0.367396
0.357487
0.354523
0.370345
0.359400
0.347432
0.322548
0.305387
0.303040
0.293071
0.292341
0.271438
0.298887
0.303761
0.275527
0.254756
0.329096
0.316840
0.343753
0.327070
0.306323
0.286627
0.296724
0.277600
0.349956
0.375263
0.455173
0.381853
0.491692
0.424787
0.446407
0.376608
0.436780
0.519971
0.803221
0.905204
0.797118
0.587693
0.580235
0.688843
0.676602
0.684128
0.740222
0.689944
0.606668
0.545360
0.392303
0.341403
0.338907
0.395211
0.429734
0.401293
0.375266
0.353646
0.388887
0.415971
0.474287
0.490102
0.471339
0.466122
0.464319
0.419880
0.390507
0.406490
0.372455
0.376733
0.372617
0.399108
0.362458
0.387522
0.373887
0.392935
0.346020
0.404246
0.473090
0.858557
0.915726
0.815372
0.624163
0.680332
0.644203
0.651859
0.665685
0.585860
0.603991
0.522177
0.522109
0.546289
0.540686
0.560427
0.547474
0.504342
0.498910
0.483311
0.485135
0.477378
0.524833
0.652273
0.787385
0.859552
0.814552
0.729398
0.727313
0.706560
0.686473
0.574696
0.502680
0.427657
0.406510
0.424409
0.395077
0.374044
0.402775
0.420621
0.404502
0.436371
0.502083
0.504884
0.459343
0.466031
0.437341
0.390303
0.379076
0.376880
0.387789
0.382301
0.374743
0.350851
0.352835
0.381452
0.401577
0.408491
0.382895
0.375067
0.345594
0.296632
0.263918
0.277110
0.287653
0.287716
0.303446
0.314270
0.323631
0.309559
0.312140
0.316246
0.322885
0.330939
0.329485
0.318050
0.312490
0.298683
0.289662
0.304503
0.291601
0.282120
0.272327
0.270561
0.256585
0.248532
0.258267
0.264768
0.265546
0.258511
0.269448
0.264875
0.293512
0.307360
0.301090
0.293975
0.301365
0.315261
0.350945
0.379299
0.421367
0.403672
0.418915
0.348225
0.324035
0.273818
0.275647
0.342535
0.358335
0.340514
0.309129
0.281664
0.241613
0.221289
0.223861
0.232624
0.240870
0.269321
0.254609
0.260893
0.280804
0.275829
0.293037
0.299902
0.306022
0.338988
0.352868
0.373752
0.332131
0.317597
0.351223
0.387613
0.337749
0.367690
0.330792
0.369552
0.425297
0.422461
0.386365
0.373623
0.409303
0.391553
0.349179
0.435268
0.400325
0.407756
0.392100
0.549518
0.672397
0.927273
0.896418
0.611944
0.577549
0.622923
0.659806
0.657200
0.684968
0.660597
0.565551
0.504500
0.383480
0.365716
0.353478
0.373470
0.371609
0.390921
0.400434
0.399755
0.405017
0.425571
0.443019
0.491402
0.506794
0.523957
0.583449
0.668073
0.684003
0.623806
0.521486
0.461368
0.488917
0.518498
0.536752
0.577311
0.644819
0.750735
0.768335
0.683538
0.719702
0.805684
0.831073
0.619271
0.531793
0.457920
0.398465
0.407617
0.426782
0.452373
0.614168
0.824415
0.824645
0.722206
0.546455
0.505662
0.473618
0.412625
0.424114
0.450691
0.425223
0.424957
0.441909
0.378596
0.374722
0.376661
0.387207
0.407576
0.404290
0.460997
0.412809
0.412352
0.425176
0.461576
0.709338
0.881901
0.823837
0.544296
0.518978
0.456286
0.461827
0.447346
0.433512
0.429920
0.390237
0.380222
0.407508
0.416654
0.544889
0.778726
0.883648
0.742028
0.549174
0.530087
0.466508
0.460084
0.469420
0.502746
0.567385
0.523414
0.667200
0.675054
0.685562
0.572160
0.546263
0.468121
0.419113
0.412765
0.395348
0.375559
0.360496
0.321083
0.329081
0.334628
0.354201
0.322493
0.350218
0.359735
0.413486
0.403301
0.413213
0.402828
0.418888
0.374838
0.396795
0.393524
0.389017
0.391681
0.389000
0.365506
0.349989
0.402864
0.429425
0.477443
0.436211
0.417678
0.370421
0.376869
0.366485
0.376100
0.382646
0.398133
0.371673
0.364463
0.333281
0.338986
0.337590
0.427608
0.488606
0.600997
0.747486
0.844162
0.763245
0.605925
0.495135
0.436698
0.408535
0.416407
0.440188
0.451739
0.564295
0.773195
0.894167
0.751866
0.596784
0.576986
0.640046
0.630673
0.502762
0.424777
0.376666
0.390745
0.396942
0.386616
0.389499
0.406534
0.424579
0.391315
0.388530
0.385206
0.397684
0.428733
0.481880
0.504268
0.520763
0.499295
0.505730
0.446780
0.421078
0.387665
0.340783
0.319503
0.317875
0.298387
0.292987
0.289228
0.306142
0.321659
0.334215
0.308907
0.295353
0.283059
0.301076
0.320490
0.361705
0.360889
0.413623
0.424008
0.431132
0.371421
0.386734
0.379758
0.380598
0.431541
0.419834
0.549003
0.564567
0.512694
0.614974
0.818552
0.862564
0.746316
0.525462
0.532483
0.466718
0.525960
0.471841
0.525199
0.457507
0.470153
0.395191
0.460876
0.530534
0.684707
0.862946
0.875492
0.652796
0.515475
0.511117
0.391694
0.454247
0.496183
0.422458
0.427578
0.428759
0.391549
0.373138
0.375744
0.385380
0.416079
0.399840
0.423040
0.420201
0.418933
0.421757
0.441741
0.458734
0.455247
0.445803
0.430714
0.416829
0.407664
0.395856
0.380902
0.441044
0.562356
0.825658
0.908042
0.807945
0.718015
0.727761
0.815235
0.699562
0.598351
0.450166
0.403473
0.373259
0.375562
0.356691
0.386137
0.437705
0.469074
0.449557
0.458766
0.452861
0.418911
0.415795
0.392851
0.424844
0.451862
0.429501
0.414647
0.414485
0.418603
0.411698
0.370530
0.368611
0.343109
0.290821
0.280110
0.279519
0.266721
0.250915
0.255638
0.282824
0.292872
0.316585
0.302345
0.303693
0.305991
0.296544
0.286202
0.272673
0.280443
0.290723
0.285355
0.280438
0.283772
0.325606
0.371702
0.405978
0.439981
0.427080
0.408887
0.373104
0.329725
0.271195
0.249028
0.271070
0.280871
0.288794
0.277324
0.272809
0.291570
0.348138
0.381173
0.357440
0.426472
0.477964
0.533873
0.566483
0.527646
0.627171
0.619333
0.557247
0.480032
0.480756
0.445823
0.399870
0.351554
0.384028
0.499425
0.727254
0.892467
0.796733
0.623203
0.560978
0.600928
0.593089
0.504258
0.458075
0.424734
0.424499
0.440628
0.466572
0.468978
0.452543
0.466415
0.447666
0.496390
0.469093
0.466417
0.472521
0.456733
0.519732
0.768018
0.861244
0.794653
0.630714
0.487641
0.449050
0.465787
0.454829
0.455427
0.436458
0.495899
0.494457
0.495094
0.578826
0.724821
0.738116
0.720622
0.610869
0.549768
0.515117
0.437032
0.435956
0.442560
0.447163
0.432303
0.515117
0.569560
0.636622
0.797622
0.863007
0.746520
0.597340
0.561792
0.470195
0.494859
0.574625
0.542942
0.566842
0.472852
0.436465
0.425605
0.397382
0.416184
0.462991
0.490862
0.567517
0.658145
0.642833
0.596723
0.461726
0.430038
0.404542
0.389336
0.385771
0.388492
0.395935
0.369816
0.337164
0.347198
0.305375
0.275988
0.269176
0.270726
0.244534
0.231980
0.245176
0.278432
0.275474
0.317081
0.330128
0.317218
0.281645
0.270935
0.261821
0.271158
0.312398
0.339838
0.339888
0.316943
0.297513
0.270110
0.286219
0.300859
0.324246
0.338731
0.361691
0.368248
0.385227
0.429869
0.431715
0.419164
0.420064
0.429464
0.390052
0.389447
0.459000
0.567917
0.642503
0.606570
0.496139
0.447567
0.375277
0.360418
0.323451
0.321929
0.327141
0.389114
0.380727
0.384764
0.372118
0.375843
0.360817
0.356907
0.357328
0.376542
0.378189
0.398438
0.440390
0.506141
0.715987
0.771113
0.783207
0.628996
0.550454
0.488189
0.547538
0.590758
0.604291
0.804176
0.878335
0.748770
0.619009
0.540955
0.482630
0.408347
0.398976
0.386744
0.386050
0.400826
0.420359
0.440859
0.552233
0.730704
0.849794
0.784840
0.660508
0.570828
0.529673
0.475343
0.446716
0.472343
0.481717
0.570596
0.625827
0.610976
0.658728
0.719508
0.687080
0.707776
0.629504
0.588209
0.574827
0.482192
0.462892
0.408397
0.386995
0.384368
0.398406
0.423646
0.482927
0.557857
0.534124
0.477435
0.462451
0.446880
0.426285
0.414229
0.383142
0.391651
0.402799
0.403210
0.491778
0.572150
0.569219
0.542536
0.486459
0.551833
0.684062
0.855889
0.877067
0.720893
0.554421
0.500990
0.362268
0.361460
0.354505
0.315491
