# Predictions (Probabilities)
0.264525
0.257246
0.282120
0.227617
0.248316
0.203762
0.272084
0.179991
0.233859
0.190229
0.190630
0.181351
0.153512
0.044801
0.122163
0.033793
0.210957
0.198003
0.286395
0.191990
0.136682
0.118699
0.171104
0.158003
0.173918
0.148048
0.300149
0.390290
0.965504
0.984474
0.533003
0.171609
0.166549
0.176874
0.205174
0.161649
0.168474
0.097186
0.248713
0.171571
0.221079
0.158533
0.252084
0.128944
0.190783
0.202784
0.198777
0.121209
0.198465
0.082032
0.126426
0.074255
0.176302
0.164890
0.287021
0.162813
0.217018
0.113730
0.172664
0.142367
0.194732
0.174680
0.272061
0.304951
0.833429
0.989640
0.675428
0.225999
0.160649
0.159593
0.217454
0.194383
0.211380
0.147173
0.226256
0.124564
0.246905
0.223560
0.309615
0.241626
0.262041
0.202241
0.222361
0.175195
0.238391
0.136671
0.182414
0.176029
0.166887
0.210685
0.200819
0.262354
0.272132
0.281730
0.292871
0.288517
0.293225
0.273355
0.272401
0.277577
0.273041
0.284451
0.275783
0.280505
0.279213
0.274012
0.276548
0.279209
0.273274
0.276532
0.283002
0.284649
0.288615
0.331434
0.342756
0.346048
0.307928
0.304762
0.274855
0.267036
0.269614
0.278623
0.273671
0.273940
0.281118
0.284518
0.291582
0.291429
0.314245
0.308971
0.343851
0.355582
0.372898
0.343720
0.336527
0.315021
0.304147
0.291224
0.288670
0.294791
0.283615
0.278555
0.278040
0.278656
0.275514
0.282252
0.274009
0.268192
0.275437
0.276999
0.278828
0.290503
0.300832
0.309898
0.289619
0.287092
0.274156
0.270379
0.280384
0.280924
0.277060
0.292896
0.321107
0.346376
0.436948
0.439530
0.431276
0.410885
0.354429
0.305927
0.295305
0.302251
0.308256
0.307261
0.334868
0.358543
0.364148
0.347057
0.312598
0.293616
0.296632
0.297084
0.295808
0.293062
0.293905
0.288580
0.281423
0.275382
0.264763
0.272913
0.276752
0.273466
0.279063
0.281282
0.274899
0.277414
0.276568
0.277748
0.290900
0.318139
0.333953
0.309090
0.290149
0.281490
0.274576
0.277989
0.272315
0.289354
0.294134
0.300836
0.294082
0.295063
0.290164
0.296437
0.315283
0.324559
0.357368
0.357877
0.360179
0.340002
0.349226
0.351421
0.349055
0.339403
0.328510
0.297286
0.277196
0.267352
0.258833
0.259465
0.263485
0.258824
0.253749
0.259253
0.266071
0.272762
0.293312
0.304421
0.319835
0.298000
0.294975
0.273396
0.266817
0.269550
0.270854
0.272824
0.266988
0.266778
0.269765
0.277849
0.291463
0.299261
0.305094
0.300793
0.301850
0.293089
0.296185
0.296485
0.292983
0.295194
0.298179
0.299225
0.309591
0.324019
0.324508
0.334913
0.309558
0.329495
0.345531
0.362785
0.363413
0.354785
0.328904
0.321843
0.316582
0.307507
0.359697
0.377455
0.389711
0.355967
0.317415
0.279995
0.270127
0.271761
0.272280
0.268541
0.265923
0.263093
0.259571
0.251742
0.255657
0.253530
0.257445
0.259749
0.260287
0.256040
0.268451
0.287188
0.281906
0.302657
0.331539
0.349803
0.275101
0.242772
0.255979
0.259799
0.195540
0.167052
0.183227
0.184052
0.165767
0.212169
0.169673
0.181419
0.090671
0.160156
0.094928
0.158264
0.125060
0.112882
0.069205
0.137055
0.148626
0.155648
0.145878
0.203041
0.299562
0.559049
0.975608
0.882245
0.320770
0.161075
0.172335
0.187136
0.171410
0.153366
0.143655
0.144618
0.144433
0.200117
0.177670
0.227631
0.211364
0.183856
0.233299
0.268763
0.286432
0.312275
0.348374
0.382577
0.418333
0.456742
0.464263
0.439015
0.497508
0.455074
0.409730
0.356149
0.316478
0.286882
0.282669
0.267614
0.275091
0.268931
0.274257
0.275704
0.299118
0.326402
0.337612
0.347159
0.352545
0.381570
0.395593
0.385005
0.394279
0.342437
0.286233
0.271667
0.268926
0.281472
0.285406
0.278848
0.272850
0.276694
0.327637
0.346351
0.388584
0.421059
0.454680
0.456033
0.445309
0.416748
0.386871
0.352181
0.319376
0.295399
0.285312
0.284786
0.276997
0.291835
0.294785
0.282548
0.297694
0.324916
0.382754
0.456355
0.481637
0.492495
0.447964
0.424891
0.355800
0.316000
0.307770
0.329684
0.316251
0.266688
0.274861
0.264884
0.233185
0.242623
0.254456
0.243048
0.222006
0.246028
0.058225
0.250991
0.192928
0.222772
0.145739
0.186680
0.125372
0.211165
0.125138
0.245965
0.251756
0.240040
0.130474
0.272541
0.252727
0.823683
0.943165
0.689708
0.259591
0.348384
0.301741
0.326137
0.383215
0.718647
0.956517
0.723301
0.246332
0.217824
0.172204
0.249111
0.175112
0.177703
0.160300
0.204450
0.150206
0.216176
0.179373
0.209984
0.153334
0.184879
0.171880
0.207724
0.175015
0.182411
0.229916
0.221646
0.183404
0.156708
0.219371
0.193087
0.222503
0.217167
0.260995
0.311026
0.321809
0.341702
0.363962
0.392805
0.423791
0.432430
0.448131
0.467683
0.410526
0.370664
0.322041
0.301967
0.301161
0.307142
0.295647
0.302492
0.299248
0.308570
0.332640
0.348299
0.400922
0.522568
0.574853
0.585136
0.563421
0.501909
0.405364
0.327634
0.314781
0.328320
0.323790
0.360505
0.369809
0.386644
0.371228
0.346189
0.296743
0.299048
0.283072
0.286218
0.258269
0.268606
0.269922
0.274180
0.272136
0.281830
0.260435
0.256787
0.283326
0.304719
0.316571
0.336561
0.388421
0.457783
0.484825
0.434519
0.433154
0.413089
0.383362
0.322375
0.293728
0.308918
0.278353
0.258823
0.309893
0.295265
0.280695
0.260798
0.229308
0.214598
0.227426
0.234702
0.184344
0.196577
0.226172
0.215654
0.165089
0.174466
0.234312
0.235041
0.213285
0.228782
0.302870
0.587189
0.954696
0.932464
0.466364
0.199315
0.238071
0.224017
0.281885
0.210989
0.255145
0.216204
0.258413
0.194304
0.218761
0.205568
0.232780
0.169548
0.227410
0.215599
0.225071
0.166016
0.239585
0.193206
0.230056
0.184541
0.222031
0.237753
0.263609
0.293332
0.324344
0.349432
0.322785
0.331457
0.277893
0.222515
0.210319
0.271704
0.231912
0.234166
0.209307
0.237545
0.229830
0.261229
0.217110
0.212994
0.197559
0.175888
0.187657
0.181893
0.118166
0.133771
0.065144
0.096964
0.152685
0.119501
0.153686
0.098735
0.222928
0.301722
0.944204
0.969363
0.242130
0.198476
0.237396
0.189733
0.148138
0.172733
0.166701
0.170349
0.154886
0.196867
0.170146
0.189596
0.215076
0.843354
0.953209
0.602675
0.284806
0.259736
0.246828
0.250522
0.253542
0.234743
0.167992
0.269445
0.210248
0.203148
0.159748
0.230326
0.196611
0.212105
0.250081
0.276830
0.216475
0.224830
0.215871
0.249292
0.180281
0.146480
0.159447
0.163498
0.182090
0.154811
0.267208
0.152119
0.259048
0.258871
0.293601
0.230920
0.247160
0.318476
0.554926
0.980903
0.951625
0.325480
0.259155
0.254136
0.239975
0.251657
0.171108
0.199171
0.193937
0.201657
0.155179
0.182645
0.218359
0.234922
0.188986
0.207732
0.203246
0.199952
0.188780
0.210432
0.229594
0.195805
0.194515
0.245835
0.233531
0.260442
0.338345
0.344788
0.546650
0.953731
0.836072
0.453982
0.315915
0.300141
0.265666
0.310375
0.358078
0.441282
0.580439
0.674957
0.661525
0.682427
0.520064
0.409198
0.279487
0.282328
0.297941
0.316235
0.260094
0.330490
0.309541
0.283290
0.266703
0.293297
0.321695
0.333971
0.371530
0.370280
0.422159
0.419238
0.398375
0.376749
0.396497
0.428667
0.410301
0.426766
0.666780
0.702430
0.789324
0.810211
0.716013
0.525949
0.318037
0.305492
0.328123
0.341799
0.322352
0.322762
0.364202
0.379923
0.376028
0.383035
0.409390
0.393133
0.375331
0.366806
0.399908
0.399297
0.359539
0.361339
0.361536
0.367317
0.372911
0.390029
0.356978
0.334786
0.293405
0.257210
0.239491
0.282674
0.210221
0.263826
0.263175
0.259359
0.249310
0.281253
0.352695
0.276763
0.200314
0.267087
0.300605
0.271101
0.251630
0.412947
0.580540
0.812981
0.916599
0.698104
0.402325
0.312488
0.250049
0.261525
0.250479
0.283420
0.268637
0.277587
0.269592
0.260878
0.234507
0.276524
0.289845
0.247638
0.241250
0.264232
0.266233
0.259929
0.245723
0.259477
0.293172
0.309375
0.306778
0.337092
0.334092
0.200137
0.177194
0.151805
0.166342
0.207950
0.233692
0.254054
0.234237
0.303813
0.538027
0.947603
0.888961
0.394760
0.254039
0.250264
0.221543
0.172466
0.209318
0.205426
0.212757
0.189184
0.249781
0.224687
0.254269
0.292050
0.853430
0.901583
0.660212
0.325125
0.245766
0.303482
0.324688
0.283060
0.262284
0.287578
0.350749
0.362049
0.376848
0.371298
0.404455
0.393096
0.371410
0.328000
0.281440
0.284120
0.291178
0.291913
0.247229
0.225319
0.197869
0.265876
0.234020
0.257421
0.270496
0.265929
0.300904
0.290969
0.303786
0.269002
0.285312
0.276081
0.272459
0.249572
0.260049
0.267400
0.274749
0.264719
0.269248
0.285353
0.290292
0.318577
0.306416
0.305729
0.310556
0.318034
0.350985
0.356593
0.335817
0.371223
0.303510
0.239921
0.195047
0.156384
0.207344
0.209000
0.207403
0.166730
0.207919
0.204574
0.191822
0.037142
0.019099
0.186054
0.148256
0.066617
0.049038
0.172496
0.175890
0.197715
0.221762
0.294136
0.229666
0.264555
0.287438
0.378383
0.962982
0.980532
0.928551
0.834985
0.928370
0.371439
0.316305
0.282969
0.296994
0.249395
0.293356
0.295254
0.274333
0.244989
0.293934
0.310727
0.281497
0.250302
0.268030
0.275610
0.307947
0.318597
0.220622
0.329276
0.273219
0.284622
0.242069
0.306569
0.263701
0.179737
0.255006
0.263501
0.232454
0.200394
0.272434
0.871790
0.947759
0.600339
0.314063
0.282451
0.247721
0.237388
0.340103
0.232071
0.275617
0.271894
0.958959
0.913401
0.518585
0.316671
0.263128
0.228834
0.238134
0.169633
0.219360
0.206815
0.244228
0.207422
0.265206
0.233386
0.316070
0.334207
0.339397
0.341847
0.394367
0.370687
0.326074
0.344235
0.300988
0.244372
0.203816
0.219212
0.201483
0.303435
0.308449
0.300640
0.283242
0.274552
0.235448
0.218290
0.215257
0.206391
0.227167
0.226522
0.265742
0.285160
0.292104
0.285588
0.286298
0.292453
0.299313
0.300537
0.306766
0.331411
0.364239
0.471116
0.394651
0.297185
0.186812
0.273353
0.226132
0.264409
0.190514
0.186666
0.206496
0.230419
0.186481
0.083080
0.167893
0.094967
0.271346
0.181141
0.163826
0.204618
0.122450
0.160548
0.208424
0.222530
0.163385
0.255126
0.232944
0.327411
0.947087
0.927433
0.363656
0.367280
0.272840
0.364501
0.315892
0.307842
0.362715
0.873934
0.936612
0.719424
0.298602
0.207601
0.226559
0.346311
0.240705
0.217028
0.213704
0.212593
0.215417
0.227358
0.235403
0.196660
0.305490
0.322993
0.270789
0.386624
0.336129
0.282097
0.306860
0.248595
0.250830
0.217359
0.280119
0.243904
0.291103
0.288938
0.287569
0.760847
0.881692
0.760163
0.349947
0.295587
0.486193
0.356661
0.400981
0.302220
0.635417
0.947401
0.701687
0.283659
0.338062
0.275911
0.320605
0.213974
0.322726
0.283229
0.314221
0.286316
0.562580
0.945629
0.809511
0.669437
0.460028
0.320230
0.340453
0.305014
0.272191
0.364025
0.269667
0.240056
0.224840
0.315482
0.334114
0.297773
0.279845
0.337465
0.450977
0.844970
0.876822
0.656269
0.438052
0.348927
0.327329
0.374020
0.413308
0.309745
0.315864
0.391389
0.866144
0.842504
0.501556
0.308002
0.312693
0.303075
0.336419
0.289854
0.292646
0.344531
0.440420
0.400857
0.337025
0.232744
0.287217
0.226685
0.250437
0.254996
0.246503
0.212062
0.296207
0.327625
0.422643
0.951160
0.885690
0.381168
0.340624
0.348522
0.293299
0.342396
0.237290
0.254680
0.249803
0.233794
0.255372
0.257579
0.260948
0.308569
0.423865
0.519859
0.828839
0.864665
0.524136
0.443588
0.351386
0.360895
0.339511
0.338999
0.288994
0.302160
0.285870
0.275614
0.314061
0.346350
0.330169
0.377914
0.344148
0.380826
0.388448
0.320959
0.322036
0.298897
0.240284
0.303690
0.289659
0.282815
0.304051
0.351132
0.575295
0.886253
0.864197
0.498965
0.272564
0.350854
0.265995
0.324567
0.248957
0.309024
0.267392
0.307593
0.255146
0.264893
0.409253
0.740331
0.908240
0.770175
0.498005
0.654914
0.845720
0.756939
0.483829
0.413255
0.300120
0.237414
0.277516
0.286210
0.254531
0.277238
0.263373
0.290561
0.305783
0.316519
0.286362
0.359485
0.339431
0.375426
0.383671
0.422793
0.445090
0.417930
0.409281
0.379271
0.379353
0.357675
0.333422
0.342952
0.327672
0.310214
0.301820
0.331618
0.317219
0.307527
0.291105
0.294148
0.288659
0.291981
0.311805
0.286026
0.320511
0.339423
0.301587
0.283613
0.292464
0.276131
0.297078
0.277375
0.291277
0.263441
0.277241
0.277300
0.266082
0.293178
0.295331
0.310771
0.281228
0.357046
0.501763
0.751296
0.807051
0.688519
0.478076
0.359082
0.363108
0.374101
0.508950
0.683424
0.841787
0.719094
0.420085
0.319306
0.295753
0.290869
0.287119
0.214794
0.276072
0.252659
0.260062
0.281128
0.306875
0.356031
0.320692
0.354075
0.368177
0.347179
0.280520
0.282959
0.310736
0.315570
0.323685
0.350947
0.366962
0.352408
0.443110
0.839774
0.892812
0.626265
0.444676
0.334658
0.320751
0.376630
0.434227
0.804201
0.847403
0.799960
0.702897
0.557074
0.455607
0.385963
0.333787
0.285386
0.288865
0.262284
0.277116
0.306776
0.287727
0.253793
0.286681
0.321083
0.354680
0.401880
0.409510
0.457216
0.431582
0.405468
0.377478
0.379130
0.381934
0.374700
0.362054
0.362620
0.355006
0.344856
0.326760
0.282102
0.272939
0.276706
0.289049
0.304835
0.326372
0.302003
0.290362
0.303411
0.300461
0.293878
0.279933
0.301388
0.301365
0.293123
0.301095
0.323265
0.333293
0.378018
0.375511
0.361415
0.368237
0.393211
0.408322
0.367214
0.358080
0.366157
0.382210
0.380432
0.495930
0.755316
0.811073
0.772655
0.701927
0.581897
0.372249
0.349282
0.330361
0.299281
0.295474
0.291398
0.311205
0.388614
0.346905
0.367662
0.307998
0.346149
0.346713
0.362216
0.380516
0.357024
0.371585
0.402015
0.949985
0.846441
0.509792
0.385059
0.331108
0.361439
0.355337
0.361419
0.325494
0.303255
0.309283
0.407421
0.675653
0.860751
0.771180
0.488569
0.369882
0.423811
0.711791
0.837769
0.750812
0.622391
0.427229
0.367911
0.318680
0.310534
0.295272
0.311061
0.294305
0.301262
0.307953
0.345951
0.334679
0.370927
0.394772
0.370756
0.343772
0.333051
0.312599
0.379758
0.370919
0.358964
0.387225
0.460682
0.380887
0.376643
0.380717
0.587797
0.805004
0.826568
0.582395
0.404002
0.410348
0.478766
0.581462
0.787277
0.776746
0.673238
0.531537
0.347756
0.376481
0.364926
0.388316
0.355928
0.351664
0.434899
0.634139
0.729776
0.749763
0.560187
0.347528
0.362103
0.367083
0.417447
0.368858
0.367164
0.426465
0.663881
0.841754
0.614095
0.378004
0.348663
0.326195
0.338505
0.304446
0.269265
0.286155
0.281208
0.309375
0.307513
0.310163
0.299552
0.270115
0.304336
0.309714
0.318448
0.472961
0.812738
0.872552
0.639908
0.347370
0.315315
0.296353
0.324230
0.302646
0.294378
0.295560
0.299453
0.318059
0.339712
0.317922
0.293251
0.314270
0.308578
0.328397
0.302135
0.309811
0.353530
0.329776
0.295154
0.324845
0.416995
0.762473
0.881597
0.718715
0.571076
0.677541
0.864629
0.728696
0.615907
0.413626
0.384050
0.370623
0.352256
0.422861
0.355539
0.377046
0.339788
0.390616
0.517015
0.769080
0.809638
0.776915
0.454467
0.365928
0.339757
0.333764
0.333327
0.325421
0.325223
0.302434
0.357754
0.327585
0.337847
0.364132
0.361540
0.418201
0.411905
0.377334
0.324613
0.384251
0.319913
0.316159
0.247494
0.316271
0.312534
0.348950
0.308152
0.317790
0.402616
0.610265
0.901084
0.755814
0.547702
0.399915
0.357674
0.375620
0.374830
0.430918
0.346429
0.439543
0.668073
0.746686
0.813414
0.612739
0.505960
0.550590
0.773687
0.780195
0.801112
0.588754
0.490768
0.369886
0.365278
0.364055
0.387931
0.359086
0.426802
0.472299
0.796118
0.817663
0.677834
0.462562
0.380543
0.365626
0.378950
0.381509
0.355521
0.355362
0.397283
0.393008
0.414298
0.418291
0.521855
0.677398
0.845592
0.734886
0.630337
0.552966
0.425970
0.582549
0.636618
0.843005
0.789658
0.622498
0.497059
0.359278
0.328269
0.316498
0.324888
0.316066
0.353599
0.364602
0.363786
0.368442
0.383940
0.426132
0.377696
0.393939
0.752659
0.919938
0.723150
0.571295
0.350801
0.318753
0.367923
0.373431
0.340385
0.350446
0.381088
0.359789
0.425050
0.470896
0.831193
0.787898
0.556472
0.383675
0.358453
0.329244
0.352465
0.345813
0.292274
0.303968
0.356518
0.374822
0.356574
0.317551
0.348717
0.341604
0.337834
0.413053
0.673609
0.793548
0.832617
0.697335
0.506258
0.403502
0.398401
0.363437
0.365102
0.319913
0.330136
0.336855
0.352431
0.343016
0.378082
0.337312
0.375613
0.338867
0.346047
0.377129
0.570124
0.867499
0.907475
0.633987
0.434770
0.441221
0.410525
0.397498
0.371645
0.356776
0.341795
0.372986
0.471412
0.547230
0.479839
0.456493
0.416504
0.362008
0.360940
0.341629
0.331197
0.360969
0.356015
0.317156
0.303389
0.330593
0.332160
0.332791
0.330854
0.345884
0.323197
0.307948
0.321369
0.265771
0.322181
0.309363
0.315151
0.272781
0.370601
0.589778
0.834055
0.892853
0.773245
0.503560
0.362605
0.385307
0.336584
0.368041
0.360659
0.422255
0.395535
0.350549
0.319316
0.289538
0.317812
0.318406
0.292550
0.310818
0.339979
0.366393
0.382788
0.405758
0.466802
0.417574
0.401079
0.315309
0.327509
0.285681
0.297670
0.283251
0.322880
0.316419
0.335885
0.304013
0.326722
0.338478
0.318675
0.253369
0.257706
0.295257
0.295491
0.251190
0.288259
0.360198
0.674862
0.939036
0.912328
0.704059
0.797654
0.821279
0.637062
0.440596
0.365637
0.310636
0.335667
0.374329
0.325076
0.297420
0.298851
0.294192
0.309789
0.322844
0.298568
0.289342
0.338808
0.401331
0.413701
0.365933
0.373976
0.360897
0.382286
0.368576
0.402891
0.789666
0.825333
0.711045
0.786291
0.751700
0.864647
0.728300
0.629688
0.676969
0.763243
0.857151
0.787243
0.531942
0.454432
0.368400
0.321912
0.321137
0.365402
0.365466
0.355124
0.407625
0.457063
0.457834
0.427658
0.388595
0.391284
0.346940
0.328620
0.343600
0.345017
0.367286
0.349904
0.336885
0.353617
0.362242
0.286586
0.297449
0.369880
0.391734
0.352295
0.385936
0.379704
0.368333
0.449342
0.542584
0.615061
0.603508
0.501251
0.423753
0.372452
0.266742
0.249984
0.265828
0.284233
0.253147
0.256627
0.336869
0.369198
0.381316
0.395120
0.402934
0.381575
0.354708
0.365595
0.361867
0.370688
0.453940
0.492600
0.446013
0.416612
0.380783
0.338655
0.303784
0.234069
0.310590
0.257106
0.345254
0.289874
0.326383
0.265971
0.321200
0.286127
0.316601
0.266639
0.346774
0.546798
0.801509
0.741104
0.566766
0.489806
0.597861
0.838885
0.892859
0.739683
0.587074
0.362987
0.353088
0.357864
0.394315
0.362892
0.390537
0.632610
0.840216
0.786304
0.610570
0.541691
0.407233
0.356284
0.305832
0.313984
0.330588
0.328534
0.337846
0.364793
0.332436
0.370714
0.366532
0.422638
0.589760
0.893839
0.823656
0.545475
0.463457
0.398558
0.380951
0.382313
0.399686
0.431406
0.439158
0.416861
0.338177
0.322919
0.328549
0.359108
0.320842
0.384974
0.524914
0.765858
0.865262
0.745318
0.586911
0.484046
0.417682
0.411015
0.371663
0.373913
0.373805
0.442472
0.520232
0.591630
0.580302
0.518840
0.417191
0.408104
0.388854
0.333762
0.348017
0.402522
0.355816
0.359810
0.301114
0.366370
0.381596
0.374466
0.404013
0.371459
0.540703
0.854884
0.826600
0.607019
0.572266
0.444550
0.430901
0.533157
0.494059
0.762883
0.794933
0.715765
0.522968
0.448722
0.408505
0.467390
0.471116
0.416320
0.405230
0.687887
0.749840
0.735947
0.593070
0.452498
0.429821
0.594049
0.631377
0.696825
0.757453
0.645911
0.651484
0.664004
0.711320
0.632894
0.516098
0.383251
0.359847
0.373066
0.367215
0.430019
0.334028
0.334113
0.332364
0.336048
0.333752
0.387816
0.321092
0.375702
0.373874
0.380341
0.431857
0.802234
0.838860
0.766653
0.644458
0.745642
0.741123
0.727954
0.576196
0.454283
0.507267
0.553411
0.529012
0.742156
0.766379
0.637955
0.559998
0.452975
0.516229
0.564568
0.734799
0.588407
0.500698
0.398914
0.337406
0.434781
0.449016
0.421961
0.375336
0.688044
0.744324
0.644262
0.555537
0.516819
0.399512
0.453625
0.584684
0.768589
0.795743
0.619771
0.508301
0.415573
0.409598
0.462603
0.670884
0.816323
0.767704
0.661694
0.466021
0.429990
0.418944
0.385744
0.428204
0.379600
0.373109
0.355147
0.358940
0.413373
0.419622
0.420511
0.521517
0.433793
0.629783
0.812922
0.874494
0.776721
0.528923
0.472105
0.398797
0.399590
0.410427
0.422657
0.439233
0.494608
0.725592
0.797090
0.767632
0.695956
0.560249
0.477612
0.510832
0.418037
0.410565
0.385657
0.392866
0.408837
0.412897
0.383029
0.421194
0.389682
0.438933
0.385251
0.401024
0.429204
0.436073
0.425224
0.482476
0.732111
0.781183
0.783507
0.687089
0.532630
0.444857
0.375047
0.365127
0.365071
0.396349
0.363289
0.375940
0.353680
0.360100
0.345125
0.380957
0.380245
0.397058
0.356694
0.443489
0.413513
0.406344
0.400543
0.451537
0.619965
0.836349
0.765411
0.544188
0.457669
0.414266
0.463354
0.581087
0.613906
0.569355
0.521556
0.445121
0.356890
0.403595
0.392140
0.422745
0.493583
0.887213
0.860036
0.622547
0.600292
0.474184
0.437148
0.385231
0.351392
0.352817
0.389974
0.446035
0.485441
0.593053
0.783950
0.847114
0.683814
0.559005
0.399651
0.364443
0.359051
0.367033
0.361277
0.333196
0.373574
0.417688
0.398005
0.427220
0.450092
0.402668
0.366476
0.421311
0.529054
0.731247
0.832912
0.801283
0.603793
0.574626
0.529756
0.659996
0.750510
0.705051
0.608480
0.513688
0.486810
0.482749
0.442597
0.497976
0.610701
0.779940
0.852287
0.780066
0.710776
0.687623
0.706791
0.741640
0.688545
0.578160
0.501769
0.408736
0.389437
0.401978
0.393905
0.446718
0.477629
0.678495
0.783805
0.723553
0.639968
0.542002
0.428417
0.419848
0.444697
0.441296
0.421906
0.439852
0.598233
0.703095
0.639839
0.593029
0.494171
0.477149
0.522226
0.674525
0.863248
0.779886
0.600091
0.496200
0.425965
0.381424
0.400910
0.412929
0.467543
0.402680
0.512800
0.648065
0.881584
0.762522
0.605822
0.523105
0.483856
0.451567
0.531878
0.575401
0.760728
0.740844
0.727837
0.555535
0.469754
0.426167
0.384243
0.393124
0.381047
0.376417
0.416300
0.386759
0.410601
0.430093
0.585408
0.797299
0.890791
0.680313
0.491419
0.483935
0.452241
0.423398
0.419051
0.429247
0.411504
0.406511
0.440090
0.536110
0.506536
0.611587
0.770334
0.818752
0.722060
0.574703
0.534726
0.429544
0.482424
0.440184
0.401996
0.401492
0.449021
0.397026
0.432912
0.533277
0.677903
0.781044
0.737112
0.654706
0.568822
0.441619
0.432749
0.571096
0.697450
0.814096
0.744127
0.556787
0.454199
0.419336
0.379016
0.361992
0.375528
0.369528
0.429769
0.444678
0.435321
0.414651
0.412255
0.401894
0.452697
0.737740
0.848815
0.776523
0.510003
0.396776
0.356413
0.344405
0.358764
0.348506
0.329228
0.321485
0.333267
0.318134
0.328973
0.300797
0.314563
0.306824
0.379975
0.411812
0.434471
0.434655
0.491051
0.405925
0.428204
0.464785
0.716896
0.854627
0.770285
0.556510
0.479796
0.399692
0.492723
0.649080
0.812874
0.736715
0.569546
0.441740
0.438497
0.372989
0.376714
0.383947
0.388286
0.382595
0.391410
0.408032
0.449547
0.434116
0.454854
0.525798
0.513262
0.597559
0.645690
0.660891
0.683521
0.822205
0.693200
0.625182
0.534196
0.480582
0.454539
0.449157
0.475833
0.533811
0.753744
0.821220
0.783053
0.673254
0.673609
0.680744
0.716302
0.606384
0.552477
0.440075
0.456925
0.490195
0.581386
0.712192
0.741804
0.697665
0.553485
0.453845
0.437751
0.422163
0.428387
0.392191
0.386078
0.385127
0.393243
0.386178
0.410195
0.482885
0.784996
0.910064
0.705954
0.502130
0.535010
0.496159
0.512260
0.450524
0.462859
0.470778
0.477785
0.469533
0.596506
0.731123
0.793165
0.735423
0.702145
0.678401
0.635841
0.615914
0.643939
0.730907
0.825029
0.764905
0.626159
0.447392
0.419395
0.419434
0.479793
0.538153
0.592078
0.551590
0.526942
0.414898
0.411072
0.439687
0.476311
0.444607
0.429960
0.426650
0.433929
0.431659
0.409391
0.439320
0.452410
0.473936
0.491031
0.527569
0.646659
0.778588
0.750681
0.657375
0.549251
0.458306
0.446440
0.415339
0.527963
0.659774
0.810225
0.705444
0.670037
0.503305
0.427692
0.424069
0.424133
0.419892
0.392562
0.459034
0.449731
0.438265
0.398293
0.396163
0.393939
0.401591
0.408472
0.401575
0.495189
0.781185
0.854866
0.681267
0.574684
0.473900
0.472429
0.460644
0.487134
0.715833
0.891141
0.737930
0.656605
0.619876
0.710699
0.732700
0.780415
0.711222
0.594113
0.505887
0.415293
0.455562
0.483665
0.448005
0.387960
0.378962
0.373745
0.354341
0.367982
0.381217
0.388288
0.366703
0.390637
0.423716
0.423693
0.528767
0.771358
0.878076
0.764486
0.567271
0.556819
0.578031
0.591900
0.524566
0.521851
0.428972
0.399976
0.400338
0.418501
0.407305
0.405306
0.434869
0.442860
0.447899
0.391514
0.374058
0.385894
0.432105
0.481086
0.577517
0.631085
0.728482
0.705132
0.787235
0.855123
0.793531
0.613744
0.567711
0.508698
0.380198
0.384189
0.379677
0.370953
0.371437
0.376305
0.389904
0.374114
0.383734
0.397788
0.468556
0.434444
0.433933
0.440991
0.486167
0.482637
0.424784
0.459163
0.628926
0.812691
0.818571
0.666129
0.542548
0.484814
0.465103
0.567529
0.678894
0.839436
0.796014
0.662260
0.542677
0.381746
0.361791
0.381042
0.406864
0.399147
0.418754
0.524215
0.688603
0.845099
0.796400
0.546681
0.441224
0.370006
0.388859
0.407899
0.415959
0.416581
0.440126
0.515873
0.687607
0.828090
0.789648
0.586686
0.418595
0.375780
0.382249
0.374175
0.384137
0.387737
0.385761
0.363883
0.386530
0.410047
0.482981
0.524702
0.712193
0.783125
0.622990
0.513868
0.614073
0.808634
0.759619
0.626142
0.505528
0.515749
0.526576
0.625671
0.685020
0.703207
0.563588
0.503453
0.433497
0.444704
0.418661
0.356311
0.400365
0.435922
0.373435
0.400129
0.544340
0.798243
0.810310
0.605354
0.506012
0.454705
0.421507
0.595199
0.552764
0.759976
0.700325
0.597953
0.449682
0.397044
0.383764
0.407069
0.392864
0.381243
0.347593
0.405407
0.428352
0.490273
0.650174
0.789188
0.796958
0.638050
0.505029
0.424946
0.390765
0.406378
0.399978
0.447016
0.479172
0.594471
0.696493
0.824756
0.786824
0.647566
0.510461
0.488998
0.411852
0.396057
0.420413
0.409817
0.398613
0.408115
0.373618
0.379489
0.398757
0.420179
0.448296
0.680671
0.818419
0.868144
0.715839
0.590286
0.519131
0.478191
0.432653
0.427666
0.422268
0.451938
0.443043
0.458525
0.505662
0.700774
0.745833
0.783663
0.738465
0.687805
0.684088
0.713687
0.720655
0.685147
0.582457
0.445827
0.427655
0.406152
0.388765
0.400883
0.411012
0.410439
0.422598
0.538972
0.755944
0.812168
0.726902
0.605714
0.527680
0.425042
0.445854
0.433228
0.427837
0.427127
0.458722
0.468839
0.465104
0.520344
0.524749
0.593308
0.645673
0.691643
0.735387
0.729479
0.759327
0.777617
0.861238
0.885378
0.808372
0.597080
0.592196
0.634450
0.642420
0.701374
0.811817
0.727430
0.609940
0.450428
0.421288
0.388982
0.378212
0.367539
0.378385
0.389547
0.416966
0.470486
0.500748
0.540271
0.519564
0.485591
0.421218
0.418395
0.440526
0.447877
0.465320
0.520233
0.697911
0.830242
0.799814
0.695394
0.572130
0.576725
0.573022
0.588318
0.603222
0.552169
0.492121
0.476880
0.427088
0.405510
0.403594
0.454122
0.432030
0.440000
0.443704
0.549530
0.691789
0.812657
0.787257
0.642721
0.477004
0.497660
0.564354
0.632684
0.650027
0.700989
0.772215
0.768833
0.676260
0.637902
0.513792
0.473678
0.543272
0.723559
0.815283
0.770768
0.690828
0.642684
0.635732
0.573691
0.555181
0.640890
0.721222
0.661818
0.588289
0.506260
0.441167
0.407416
0.402420
0.420298
0.441613
0.499191
0.551624
0.705714
0.733303
0.639269
0.582447
0.558308
0.526553
0.485912
0.424432
0.440210
0.472992
0.632032
0.680347
0.679757
0.603750
0.536559
0.534260
0.591602
0.598954
0.559730
0.472481
0.437154
0.406863
0.457687
0.620310
0.759889
0.758687
0.662120
0.524514
0.499672
0.518752
0.569377
0.653122
0.590599
0.548340
0.499423
0.442858
0.412391
0.382419
0.421110
0.454013
0.453335
0.552648
0.768275
0.785736
0.695073
0.562549
0.505636
0.414456
0.421158
0.399989
0.379833
0.416535
0.460154
0.468049
0.457124
0.645829
0.823373
0.842230
0.770903
0.613922
0.474529
0.448047
0.411540
0.429150
0.449522
0.474493
0.504540
0.570568
0.685865
0.703385
0.781631
0.857655
0.803883
0.650043
0.578597
0.490716
0.464692
0.493512
0.548065
0.678013
0.758455
0.779985
0.739233
0.712334
0.688139
0.668398
0.644981
0.637847
0.576177
0.531502
0.518561
0.507245
0.488132
0.500216
0.613355
0.615198
0.632213
0.577757
0.480173
0.437686
0.451981
0.462436
0.485754
0.485555
0.483955
0.414081
0.417045
0.417608
0.427834
0.409626
0.421938
0.392740
0.463361
0.520078
0.709569
0.881409
0.874357
0.712114
0.646273
0.722478
0.754640
0.824267
0.841574
0.787842
0.660163
0.532613
0.465748
0.403568
0.426002
0.387644
0.384729
0.365347
0.382711
0.379815
0.369252
0.354941
0.398652
0.402780
0.422226
0.433708
0.433363
0.422429
0.403649
0.388674
0.394801
0.392838
0.373489
0.369410
0.395704
0.405312
0.368390
0.368689
0.374952
0.414891
0.435640
0.485648
0.560557
0.551158
0.547982
0.530091
0.444614
0.382542
0.351890
0.327043
0.364436
0.363901
0.408323
0.449097
0.590258
0.688483
0.681161
0.622929
0.506057
0.476905
0.418753
0.409869
0.400065
0.407513
0.430259
0.411893
0.434660
0.482055
0.662020
0.821244
0.896692
0.786772
0.553761
0.578127
0.622655
0.542073
0.588344
0.604079
0.809043
0.883048
0.791065
0.696226
0.541134
0.432618
0.400342
0.387960
0.390228
0.386475
0.382561
0.381956
0.393748
0.438531
0.447142
0.440183
0.457786
0.441868
0.463877
0.485851
0.450821
0.438482
0.459450
0.439956
0.441663
0.452610
0.488124
0.502024
0.625905
0.755354
0.747477
0.648691
0.566681
0.557541
0.482729
0.434157
0.442129
0.423158
0.426701
0.419495
0.421497
0.450385
0.541623
0.763626
0.777517
0.735314
0.606545
0.529254
0.421923
0.411342
0.407580
0.404473
0.422533
0.453397
0.451576
0.586497
0.774444
0.835843
0.705760
0.560511
0.507132
0.481352
0.507250
0.466196
0.510350
0.469093
0.492597
0.446382
0.488407
0.640635
0.808593
0.864105
0.672678
0.505449
0.621567
0.538768
0.678966
0.813221
0.759885
0.725159
0.568263
0.569250
0.553313
0.520981
0.502540
0.439451
0.396968
0.339412
0.374429
0.381326
0.407604
0.389970
0.415037
0.521360
0.592770
0.588673
0.641732
0.644227
0.603008
0.484444
0.476838
0.446218
0.403078
0.386653
0.388960
0.391266
0.409593
0.372349
0.371901
0.355148
0.383794
0.365466
0.374127
0.416269
0.541459
0.712399
0.819158
0.749812
0.593204
0.531979
0.569745
0.657961
0.750563
0.777842
0.655070
0.560260
0.549439
0.475169
0.439067
0.454296
0.546785
0.472759
0.481032
0.513074
0.663805
0.742309
0.831192
0.807236
0.649619
0.597910
0.569360
0.517217
0.555939
0.631299
0.825824
0.860495
0.682707
0.562482
0.479930
0.416558
0.416729
0.416957
0.411694
0.407519
0.419317
0.457417
0.494678
0.628114
0.785779
0.843021
0.725194
0.570404
0.540879
0.481879
0.497635
0.562727
0.650487
0.791541
0.813356
0.775849
0.706452
0.630736
0.604610
0.595220
0.661980
0.748812
0.668178
0.614916
0.550259
0.467268
0.418941
0.415420
0.424292
0.412906
0.422260
0.466366
0.579489
0.690763
0.658401
0.529231
0.585790
0.648928
0.730377
0.745806
0.665884
0.620324
0.532587
0.473828
0.419656
0.406613
0.441114
0.426325
0.439652
0.422737
0.434417
0.427333
0.491695
0.453430
0.470122
0.446087
0.481271
0.462836
0.555260
0.686450
0.836582
0.802575
0.634973
0.556652
0.512680
0.623537
0.704908
0.801294
0.834162
0.770385
0.754593
0.710956
0.608492
0.570096
0.513433
0.478819
0.497449
0.449214
0.481882
0.428617
0.460864
0.500441
0.486804
0.425786
0.494208
0.498533
0.629912
0.706514
0.805118
0.763360
0.631199
0.618077
0.608136
0.672052
0.718925
0.723428
0.719815
0.724755
0.743491
0.612367
0.615581
0.606530
0.689309
0.760907
0.777361
0.709256
0.694198
0.650891
0.614116
0.594167
0.580243
0.466920
0.443886
0.404263
0.426269
0.440138
0.432798
0.432479
0.514417
0.658019
0.690221
0.647731
0.500862
0.462208
0.501335
0.530202
0.532269
0.581626
0.552586
0.596309
0.746021
0.823590
0.812476
0.707586
0.555245
0.510777
0.486385
0.454396
0.455872
0.453345
0.559493
0.740701
0.797951
0.732786
0.598207
0.504194
0.479830
0.472466
0.477535
0.434233
0.418222
0.408005
0.421327
0.387607
0.461190
0.631429
0.760848
0.779959
0.631562
0.495303
0.468272
0.554160
0.601469
0.609857
0.595382
0.570701
0.513459
0.428762
0.414165
0.443895
0.436586
0.450786
0.476932
0.571611
0.744984
0.834782
0.844483
0.775767
0.732658
0.721186
0.638563
0.571222
0.468994
0.443119
0.437101
0.402758
0.437303
0.411246
0.398441
0.401570
0.402933
0.409553
0.428218
0.467731
0.498991
0.534665
0.538910
0.492848
0.491362
0.496499
0.493329
0.485040
0.501904
0.621859
0.792294
0.886304
0.780543
0.630974
0.588462
0.577654
0.528911
0.481225
0.439927
0.454280
0.451577
0.481737
0.566657
0.766545
0.847289
0.790503
0.773965
0.792085
0.724097
0.640803
0.626762
0.625595
0.572729
0.603499
0.590846
0.609201
0.651209
0.644506
0.584206
0.555642
0.517395
0.531268
0.607654
0.653050
0.643669
0.576419
0.508344
0.443181
0.436300
0.437776
0.422243
0.419874
0.410203
0.415279
0.422704
0.456546
0.488109
0.535936
0.526843
0.700331
0.747250
0.757037
0.671906
0.640965
0.595719
0.555605
0.570182
0.495115
0.441956
0.390758
0.403622
0.391020
0.464195
0.467825
0.518401
0.478010
0.525450
0.438929
0.425092
0.408816
0.419627
0.391128
0.378654
0.372110
0.396763
0.376765
0.406286
0.514088
0.763674
0.787778
0.813104
0.712903
0.445011
0.312094
0.383853
0.364114
0.387922
0.361809
0.352967
0.310771
0.350454
0.279465
