# Predictions (Probabilities)
0.309112
0.317758
0.313271
0.328348
0.333769
0.345370
0.335609
0.327214
0.303163
0.304931
0.309880
0.322701
0.381852
0.407496
0.427322
0.431103
0.374007
0.340960
0.335981
0.352630
0.408399
0.447136
0.466661
0.438476
0.437075
0.397525
0.324678
0.288875
0.302868
0.321811
0.338485
0.324215
0.273312
0.266904
0.242417
0.239048
0.233947
0.233070
0.228968
0.233249
0.255148
0.276666
0.276057
0.274313
0.266331
0.253026
0.254338
0.251178
0.271820
0.279246
0.290669
0.302141
0.297715
0.296678
0.292761
0.303010
0.328366
0.321281
0.313551
0.309062
0.307404
0.309649
0.309300
0.309155
0.331954
0.368843
0.387541
0.382197
0.371075
0.359459
0.327031
0.295137
0.282189
0.276625
0.283657
0.280035
0.283082
0.287063
0.282210
0.280628
0.291496
0.325872
0.311752
0.343092
0.337417
0.350072
0.319343
0.346835
0.380087
0.463671
0.456438
0.449862
0.428126
0.389256
0.286370
0.270645
0.272488
0.289051
0.271212
0.277033
0.274203
0.284863
0.289293
0.329307
0.361929
0.381097
0.380509
0.372837
0.318197
0.311776
0.301624
0.321992
0.303675
0.296807
0.291495
0.272326
0.234064
0.229116
0.250623
0.243273
0.248428
0.305670
0.254349
0.293860
0.148613
0.289618
0.178572
0.224077
0.210109
0.177832
0.146664
0.220293
0.206127
0.212876
0.230802
0.309328
0.523250
0.858121
0.955038
0.597079
0.233003
0.205072
0.192129
0.243635
0.174579
0.204131
0.189750
0.240255
0.192657
0.221766
0.220345
0.267247
0.191711
0.230074
0.219991
0.239474
0.198537
0.225585
0.219731
0.235717
0.242464
0.247065
0.281363
0.320694
0.387296
0.394426
0.409892
0.409900
0.424157
0.403826
0.402095
0.367885
0.373633
0.395425
0.397491
0.393474
0.360611
0.310607
0.260851
0.226772
0.226710
0.246766
0.242236
0.231686
0.233554
0.263741
0.325887
0.377213
0.398480
0.404590
0.408664
0.407244
0.375343
0.354860
0.335982
0.325649
0.317755
0.306330
0.290777
0.285554
0.282780
0.321655
0.338894
0.357545
0.337975
0.315155
0.292460
0.289489
0.291386
0.285479
0.293932
0.340606
0.350948
0.349861
0.345022
0.312022
0.290281
0.286548
0.306775
0.339206
0.348578
0.350941
0.312945
0.279313
0.222375
0.212683
0.210815
0.226054
0.231085
0.229912
0.232423
0.254836
0.305242
0.352850
0.383759
0.394965
0.418537
0.412678
0.423214
0.466651
0.495377
0.450947
0.464747
0.394315
0.362548
0.339319
0.337101
0.324216
0.302912
0.285633
0.281490
0.296373
0.291540
0.291022
0.281508
0.293505
0.270960
0.262905
0.256478
0.278520
0.267301
0.273912
0.275361
0.273536
0.262773
0.267993
0.266108
0.259508
0.266924
0.267275
0.262231
0.258493
0.279483
0.292850
0.303885
0.351285
0.344216
0.338393
0.326534
0.314236
0.305456
0.311663
0.326980
0.364526
0.395287
0.404857
0.392268
0.376846
0.349657
0.360723
0.445873
0.463192
0.494175
0.443158
0.422813
0.339158
0.288605
0.273730
0.280950
0.259207
0.296575
0.266299
0.265162
0.255401
0.258900
0.249140
0.258075
0.256772
0.263990
0.269486
0.276832
0.294481
0.299202
0.304138
0.298986
0.313576
0.301621
0.313831
0.341730
0.337989
0.357312
0.365408
0.324971
0.296110
0.278346
0.265019
0.265149
0.272509
0.269069
0.263941
0.273482
0.287265
0.297814
0.332887
0.335247
0.349416
0.349388
0.339190
0.361278
0.383540
0.385684
0.386968
0.327576
0.303859
0.282767
0.285295
0.280513
0.311956
0.303668
0.292306
0.267622
0.259068
0.266204
0.264248
0.270627
0.264397
0.274561
0.274098
0.285254
0.272270
0.275690
0.287616
0.318467
0.353574
0.413973
0.461274
0.518232
0.496130
0.535875
0.431301
0.389746
0.369713
0.318181
0.300296
0.283251
0.249947
0.245340
0.259599
0.255645
0.248539
0.281226
0.294739
0.310599
0.355358
0.405063
0.396609
0.385583
0.362260
0.353128
0.338104
0.327518
0.348545
0.370496
0.458295
0.538998
0.540201
0.526199
0.482350
0.387863
0.335957
0.291711
0.283037
0.284465
0.277014
0.250968
0.248482
0.241986
0.249933
0.250805
0.272063
0.287736
0.283784
0.282456
0.290338
0.317893
0.301112
0.310210
0.302324
0.326091
0.317900
0.348236
0.376318
0.405743
0.388024
0.427525
0.417537
0.430215
0.384552
0.327778
0.277493
0.255257
0.243631
0.255780
0.267012
0.265905
0.237713
0.268914
0.236609
0.232504
0.270084
0.255625
0.238354
0.269694
0.329701
0.274543
0.378521
0.365202
0.307730
0.230425
0.272284
0.253113
0.229950
0.212155
0.274732
0.265647
0.235601
0.256302
0.313286
0.596964
0.947217
0.924316
0.361214
0.167127
0.203991
0.172428
0.216985
0.160621
0.232288
0.209673
0.257175
0.191411
0.249150
0.219670
0.269896
0.207045
0.319102
0.297022
0.355756
0.258983
0.308953
0.219819
0.275800
0.232082
0.301386
0.323197
0.364048
0.367673
0.360152
0.320514
0.270852
0.261099
0.248566
0.237842
0.243657
0.247453
0.256827
0.255184
0.257665
0.254368
0.260365
0.261516
0.268546
0.285928
0.295016
0.333291
0.325897
0.344254
0.348639
0.373413
0.378560
0.380933
0.360720
0.332760
0.304831
0.285253
0.273073
0.275181
0.298328
0.281836
0.276672
0.278992
0.272236
0.256319
0.261985
0.262731
0.267982
0.270179
0.296010
0.299684
0.292557
0.329740
0.357013
0.366756
0.353508
0.359013
0.366461
0.325140
0.312443
0.303884
0.285472
0.273234
0.268131
0.268699
0.281896
0.281371
0.288190
0.291626
0.290466
0.293548
0.309451
0.345090
0.387310
0.387703
0.389694
0.363868
0.321668
0.291049
0.267884
0.276820
0.281112
0.276978
0.270914
0.259526
0.252749
0.254300
0.258568
0.259951
0.264128
0.281333
0.296523
0.335393
0.359496
0.357486
0.329266
0.321174
0.303667
0.305989
0.301478
0.341178
0.356236
0.382339
0.358906
0.367313
0.318250
0.294953
0.298751
0.287151
0.287849
0.281948
0.284621
0.287771
0.293328
0.278128
0.278816
0.277041
0.286377
0.297614
0.316985
0.304884
0.278009
0.279854
0.268554
0.268129
0.270691
0.272111
0.265790
0.261642
0.263451
0.259625
0.263932
0.272494
0.271477
0.274593
0.275851
0.269362
0.268134
0.271473
0.288365
0.297034
0.329208
0.326690
0.334085
0.330534
0.325382
0.356425
0.377985
0.392086
0.355824
0.322496
0.302987
0.293948
0.293884
0.289060
0.313991
0.293667
0.301318
0.294389
0.285872
0.277441
0.273613
0.280630
0.279260
0.288547
0.291144
0.286089
0.301435
0.313454
0.327615
0.381804
0.416737
0.453223
0.458915
0.421005
0.318290
0.271760
0.266962
0.265193
0.257857
0.258523
0.256251
0.256705
0.253130
0.282430
0.280833
0.281452
0.286191
0.300222
0.300451
0.310547
0.299178
0.295891
0.282759
0.274124
0.274807
0.272228
0.276490
0.287268
0.304369
0.314655
0.349059
0.362131
0.381504
0.354613
0.335712
0.330417
0.317812
0.313273
0.312710
0.301914
0.284063
0.276759
0.292312
0.296749
0.294605
0.291112
0.310612
0.302113
0.305588
0.293610
0.314468
0.365409
0.416611
0.437859
0.429793
0.398946
0.377085
0.321154
0.288416
0.284992
0.287913
0.290011
0.279828
0.287618
0.278066
0.276557
0.262935
0.252767
0.235958
0.245019
0.247441
0.258410
0.267774
0.258819
0.252344
0.261219
0.277256
0.273381
0.316142
0.336324
0.363440
0.382072
0.376478
0.390297
0.400142
0.399032
0.348223
0.316849
0.305433
0.315097
0.309665
0.319365
0.304344
0.295449
0.277827
0.268189
0.256970
0.248141
0.255826
0.276487
0.263434
0.250215
0.273669
0.286273
0.326058
0.361129
0.381024
0.340452
0.341812
0.313473
0.267176
0.264017
0.269124
0.247965
0.250914
0.291790
0.270708
0.257148
0.251276
0.224187
0.238843
0.219910
0.300120
0.243396
0.292390
0.249631
0.242227
0.166499
0.167542
0.227134
0.237094
0.222177
0.237902
0.320623
0.685645
0.966265
0.859583
0.329627
0.255178
0.236948
0.247407
0.243864
0.243420
0.238596
0.236189
0.246520
0.250270
0.243958
0.280312
0.295957
0.343010
0.358674
0.372482
0.339212
0.307148
0.276783
0.215712
0.228058
0.190428
0.225883
0.237663
0.271600
0.245881
0.250591
0.245577
0.249212
0.264186
0.284568
0.295304
0.308246
0.314792
0.323866
0.299642
0.307468
0.314027
0.314456
0.333829
0.404045
0.407444
0.439881
0.539014
0.581265
0.599117
0.545151
0.474785
0.333974
0.318721
0.308638
0.312931
0.342936
0.368285
0.358770
0.370103
0.349951
0.311354
0.299784
0.276088
0.261782
0.260716
0.252198
0.276307
0.262238
0.266678
0.253933
0.255811
0.270924
0.304860
0.331371
0.342657
0.346230
0.360781
0.323948
0.310262
0.278170
0.272592
0.281605
0.280659
0.268729
0.261738
0.269537
0.285397
0.314389
0.328707
0.326006
0.315602
0.287074
0.269503
0.268258
0.264613
0.276222
0.277585
0.283173
0.272876
0.284592
0.301682
0.307591
0.319509
0.323907
0.386227
0.457795
0.490771
0.469899
0.449647
0.398380
0.341067
0.309437
0.312452
0.318904
0.316097
0.297119
0.286246
0.267488
0.255419
0.250944
0.252511
0.268741
0.273510
0.267514
0.269363
0.304570
0.318261
0.351419
0.356886
0.365424
0.368023
0.354491
0.318944
0.297366
0.304259
0.305031
0.295048
0.295567
0.295930
0.288654
0.292459
0.291900
0.295578
0.288504
0.302246
0.330394
0.354923
0.402319
0.391505
0.371453
0.341342
0.303995
0.290021
0.277029
0.262922
0.267102
0.266108
0.262203
0.249060
0.252012
0.251896
0.265204
0.267128
0.264850
0.258336
0.251682
0.264180
0.264593
0.265947
0.258517
0.285715
0.286981
0.324455
0.335882
0.336142
0.302862
0.310419
0.297291
0.286136
0.290574
0.304973
0.325547
0.329176
0.319292
0.305476
0.288703
0.282334
0.274499
0.268378
0.279238
0.290064
0.290104
0.298024
0.319253
0.337820
0.395491
0.448645
0.442191
0.425614
0.398689
0.358801
0.320661
0.303019
0.316855
0.317311
0.342545
0.387152
0.397716
0.383665
0.342397
0.298089
0.278078
0.281913
0.288981
0.284760
0.277824
0.282258
0.283533
0.334230
0.343313
0.343439
0.333353
0.295953
0.259928
0.233813
0.248581
0.256809
0.254477
0.250139
0.258149
0.285727
0.332916
0.351731
0.351241
0.335239
0.317822
0.308989
0.305522
0.333572
0.331928
0.328603
0.314037
0.245744
0.270202
0.291466
0.271448
0.330966
0.384781
0.415026
0.354696
0.345655
0.288827
0.262520
0.255322
0.261951
0.265989
0.230918
0.262118
0.274112
0.247675
0.252885
0.314645
0.492204
0.842695
0.911053
0.612649
0.365170
0.326272
0.366458
0.316187
0.292824
0.318100
0.297911
0.296012
0.297904
0.331874
0.290715
0.290636
0.265340
0.268735
0.318565
0.239662
0.289606
0.297016
0.298967
0.237645
0.288797
0.397390
0.711308
0.902038
0.736134
0.446427
0.322325
0.359886
0.342637
0.355311
0.342537
0.351228
0.309218
0.331580
0.324243
0.305054
0.351816
0.396906
0.339413
0.272581
0.221418
0.211275
0.242892
0.189934
0.182618
0.143737
0.177192
0.207023
0.088916
0.085011
0.144174
0.192667
0.040959
0.053360
0.178531
0.217947
0.214054
0.229820
0.266435
0.298181
0.265740
0.334737
0.299856
0.339263
0.888751
0.967954
0.718166
0.300651
0.269021
0.242736
0.325326
0.296282
0.311675
0.235772
0.331724
0.328707
0.306452
0.235247
0.269902
0.266251
0.261700
0.218900
0.227803
0.244864
0.260444
0.227986
0.239481
0.231735
0.234412
0.260360
0.222272
0.211353
0.268389
0.259331
0.361219
0.390332
0.346588
0.199321
0.122843
0.260502
0.243462
0.245586
0.130182
0.143866
0.177512
0.184066
0.172551
0.120235
0.159321
0.068571
0.090976
0.177210
0.251526
0.223681
0.212727
0.197145
0.307441
0.312654
0.280768
0.264522
0.316197
0.410416
0.976179
0.988856
0.429173
0.276404
0.256834
0.205523
0.301771
0.345483
0.353549
0.348777
0.465539
0.408578
0.369288
0.308254
0.319872
0.239871
0.234339
0.211112
0.235929
0.203438
0.209232
0.252294
0.324856
0.422240
0.457032
0.522763
0.512608
0.508303
0.336123
0.309857
0.338075
0.363519
0.342843
0.352617
0.306043
0.314047
0.317461
0.303183
0.298678
0.292815
0.290872
0.267743
0.277955
0.271060
0.300628
0.296880
0.320026
0.339214
0.371941
0.389743
0.464010
0.506607
0.511095
0.465618
0.463271
0.355623
0.335109
0.317325
0.327917
0.348856
0.367083
0.367532
0.350700
0.292944
0.315495
0.300824
0.328063
0.332911
0.391858
0.635012
0.795466
0.859886
0.795193
0.528603
0.332902
0.293446
0.303662
0.334324
0.319343
0.330662
0.351876
0.407443
0.385387
0.402609
0.459694
0.447893
0.397999
0.332650
0.339268
0.319972
0.301740
0.280972
0.299240
0.320306
0.345252
0.350800
0.336125
0.315698
0.273411
0.259440
0.240128
0.257178
0.275407
0.296184
0.291271
0.285895
0.280643
0.282983
0.310565
0.321189
0.315141
0.295071
0.288024
0.280542
0.266296
0.271876
0.253521
0.277339
0.281643
0.304867
0.297630
0.280034
0.279564
0.281438
0.298939
0.294735
0.303342
0.332678
0.333272
0.333062
0.278037
0.322498
0.257948
0.280703
0.228306
0.243650
0.222932
0.264153
0.195026
0.218922
0.277760
0.278107
0.255631
0.216364
0.205849
0.185635
0.145096
0.158919
0.184747
0.262677
0.282822
0.253412
0.295566
0.317116
0.982626
0.965831
0.576795
0.295362
0.261144
0.257490
0.259650
0.268397
0.233483
0.208035
0.207038
0.229311
0.191353
0.179320
0.231591
0.257936
0.250826
0.265759
0.284738
0.268137
0.289447
0.296505
0.328799
0.347307
0.365332
0.295749
0.243357
0.256134
0.259895
0.219024
0.265250
0.281544
0.272511
0.258450
0.272361
0.267666
0.260468
0.280631
0.263536
0.278032
0.276766
0.269491
0.276530
0.291778
0.320080
0.335178
0.336955
0.349439
0.386990
0.384089
0.362929
0.350921
0.369970
0.317934
0.349599
0.307942
0.291031
0.303321
0.336847
0.361636
0.352461
0.341347
0.298337
0.254675
0.248803
0.230718
0.244120
0.245624
0.247751
0.212380
0.140332
0.133424
0.190963
0.182109
0.197740
0.154995
0.187441
0.197830
0.244386
0.192909
0.240155
0.283135
0.257291
0.244936
0.264562
0.248239
0.286673
0.221080
0.263055
0.281952
0.306699
0.295419
0.298141
0.311769
0.485126
0.962628
0.936277
0.373451
0.219080
0.265910
0.242477
0.299508
0.298418
0.311045
0.311161
0.355012
0.289672
0.407097
0.390530
0.270335
0.274474
0.312106
0.274145
0.203322
0.207241
0.236342
0.239541
0.236550
0.276366
0.273078
0.289037
0.306599
0.935360
0.897592
0.400603
0.323890
0.314778
0.311158
0.359951
0.285676
0.294598
0.244547
0.275565
0.254346
0.285737
0.314338
0.297733
0.244565
0.274928
0.286062
0.307463
0.340396
0.357630
0.365978
0.350008
0.299008
0.276313
0.256241
0.271579
0.257179
0.261805
0.290216
0.342597
0.345276
0.395425
0.385083
0.406364
0.371819
0.379004
0.313168
0.289540
0.295211
0.300552
0.287260
0.248190
0.229831
0.236043
0.224716
0.221690
0.242250
0.290215
0.316618
0.327600
0.312530
0.286701
0.251240
0.283408
0.240514
0.260303
0.269962
0.267481
0.385784
0.366955
0.427075
0.267090
0.354401
0.262384
0.303283
0.300742
0.272264
0.304604
0.186587
0.212686
0.234957
0.274240
0.304619
0.285893
0.310241
0.336697
0.977118
0.947429
0.428483
0.356403
0.273332
0.279957
0.289086
0.310843
0.259278
0.281723
0.299020
0.353075
0.299221
0.292120
0.323995
0.308823
0.292291
0.303265
0.266105
0.307890
0.344424
0.334234
0.311864
0.296814
0.311131
0.247441
0.224970
0.276029
0.330735
0.316722
0.325224
0.311491
0.292987
0.256767
0.257133
0.253691
0.252996
0.256838
0.250332
0.252773
0.249944
0.269390
0.284404
0.310488
0.329729
0.339320
0.341201
0.325630
0.300823
0.287238
0.290730
0.283133
0.274301
0.275020
0.299238
0.311439
0.307365
0.294279
0.288010
0.290792
0.287175
0.300168
0.343616
0.369518
0.382972
0.360085
0.346854
0.306926
0.291899
0.298178
0.285554
0.280204
0.279825
0.315980
0.305127
0.280583
0.279301
0.260461
0.254068
0.239269
0.240473
0.249402
0.314512
0.316690
0.295481
0.298994
0.296222
0.264640
0.242887
0.223285
0.261757
0.263297
0.304522
0.313653
0.332137
0.242660
0.267830
0.263942
0.259782
0.262830
0.265763
0.265600
0.319696
0.380725
0.366690
0.351495
0.242895
0.284019
0.274691
0.319134
0.310936
0.305782
0.340183
0.793791
0.951456
0.713584
0.379174
0.294661
0.261361
0.264719
0.280134
0.295719
0.267081
0.290250
0.275971
0.340617
0.310815
0.357282
0.313006
0.321224
0.306710
0.309925
0.270293
0.316757
0.290755
0.295136
0.270450
0.257709
0.237366
0.244918
0.244634
0.283224
0.279235
0.292891
0.294228
0.294554
0.291296
0.304763
0.339157
0.368152
0.373490
0.377337
0.386993
0.377320
0.320575
0.295036
0.274801
0.270306
0.269675
0.272499
0.281076
0.285148
0.277675
0.273129
0.290131
0.283978
0.318498
0.344048
0.352622
0.367900
0.380793
0.385342
0.332543
0.293193
0.238764
0.237039
0.242897
0.246130
0.251647
0.256040
0.249000
0.254972
0.280889
0.302904
0.337141
0.414991
0.436205
0.434206
0.436728
0.369922
0.327519
0.314965
0.302031
0.316975
0.363361
0.370618
0.362328
0.320671
0.303385
0.268787
0.266264
0.277874
0.281210
0.275481
0.282294
0.292906
0.273143
0.278126
0.275655
0.286684
0.337123
0.355439
0.353339
0.329598
0.329409
0.324782
0.323166
0.322902
0.343757
0.377485
0.350904
0.356899
0.332514
0.296499
0.327908
0.345102
0.326381
0.320594
0.375408
0.369685
0.367514
0.379432
0.472009
0.755384
0.815570
0.843974
0.723130
0.518061
0.363906
0.300972
0.298853
0.360425
0.329603
0.346084
0.343751
0.379939
0.412183
0.406223
0.408786
0.428848
0.375708
0.382673
0.390111
0.390396
0.401722
0.380450
0.379080
0.358668
0.353012
0.355176
0.369928
0.392662
0.436061
0.731256
0.811755
0.866465
0.774934
0.553308
0.440505
0.381209
0.340765
0.361269
0.331578
0.336628
0.338467
0.367844
0.358572
0.332279
0.324140
0.336268
0.318662
0.325393
0.325011
0.367819
0.355054
0.356385
0.339245
0.343489
0.364325
0.379563
0.374478
0.401744
0.409589
0.402493
0.354366
0.309413
0.304212
0.301615
0.292213
0.287928
0.293646
0.292027
0.280706
0.282038
0.280733
0.270687
0.265342
0.278386
0.288119
0.294942
0.332752
0.350915
0.359314
0.369905
0.371856
0.385809
0.369415
0.373379
0.385075
0.381342
0.363628
0.312866
0.285610
0.252512
0.259381
0.248247
0.251171
0.248810
0.259544
0.266790
0.266796
0.289873
0.325588
0.342749
0.368386
0.371793
0.395482
0.379939
0.352418
0.316523
0.315606
0.289311
0.292188
0.282228
0.274326
0.260523
0.270853
0.291525
0.285563
0.292980
0.295545
0.327268
0.403605
0.407187
0.464603
0.336939
0.421710
0.363807
0.383705
0.309468
0.388571
0.600731
0.828923
0.912175
0.691458
0.399157
0.313434
0.294437
0.295056
0.282857
0.255177
0.264290
0.295940
0.300939
0.286776
0.271577
0.310732
0.291907
0.285029
0.279045
0.321656
0.314056
0.337105
0.347564
0.375870
0.355602
0.355838
0.339017
0.352165
0.374381
0.366905
0.371527
0.373865
0.358850
0.335578
0.346585
0.349924
0.385733
0.445419
0.518267
0.535747
0.581906
0.565258
0.522123
0.422633
0.343549
0.280356
0.283291
0.289097
0.279832
0.252606
0.267001
0.300671
0.313853
0.360283
0.364039
0.350116
0.356719
0.363035
0.390201
0.402606
0.385049
0.341002
0.316670
0.311533
0.288920
0.283775
0.289775
0.271116
0.268627
0.259010
0.263220
0.260516
0.255877
0.250975
0.236065
0.227998
0.234530
0.244148
0.244416
0.248518
0.265736
0.276116
0.300776
0.311701
0.312860
0.317772
0.324977
0.330189
0.346996
0.368534
0.407147
0.423570
0.406621
0.371615
0.338335
0.320527
0.318883
0.316898
0.366773
0.347359
0.319769
0.305554
0.297096
0.284730
0.277905
0.276211
0.271764
0.271307
0.284579
0.287214
0.277571
0.298225
0.294906
0.312085
0.318122
0.307642
0.384787
0.444949
0.425701
0.417651
0.439461
0.416048
0.342069
0.317293
0.356770
0.352641
0.367363
0.300556
0.282647
0.279755
0.305255
0.281259
0.291750
0.371127
0.505867
0.808497
0.897333
0.807919
0.631968
0.442979
0.363808
0.346443
0.314683
0.302044
0.308455
0.306522
0.324988
0.308050
0.287675
0.303475
0.325692
0.317815
0.312280
0.349504
0.416997
0.464036
0.452493
0.490557
0.461952
0.453594
0.391114
0.358427
0.360788
0.366873
0.366499
0.330391
0.322622
0.322464
0.351579
0.343400
0.358768
0.334597
0.323564
0.319796
0.338544
0.357521
0.346362
0.321273
0.279911
0.263331
0.251063
0.249140
0.250635
0.256502
0.265410
0.275737
0.303585
0.318399
0.333670
0.333722
0.341380
0.337226
0.346956
0.344938
0.309084
0.319417
0.308932
0.292929
0.271466
0.274905
0.277425
0.306444
0.286394
0.289179
0.283434
0.278335
0.268467
0.270246
0.269187
0.304956
0.316918
0.293341
0.279950
0.276495
0.273595
0.276284
0.281183
0.267348
0.296225
0.318043
0.328101
0.297406
0.289650
0.279311
0.264536
0.254044
0.262469
0.268725
0.295724
0.321561
0.316350
0.290677
0.279814
0.266985
0.293949
0.289603
0.286864
0.300090
0.315842
0.313497
0.311216
0.314781
0.332909
0.349421
0.430810
0.482797
0.504840
0.542005
0.572985
0.496002
0.395919
0.345694
0.318320
0.329491
0.334456
0.308653
0.310610
0.311699
0.289458
0.284071
0.268828
0.284234
0.310171
0.307264
0.288567
0.297138
0.325013
0.329766
0.377328
0.326074
0.352940
0.337316
0.369355
0.376986
0.366706
0.410995
0.770081
0.913648
0.811498
0.476188
0.360866
0.317091
0.296608
0.329319
0.314867
0.303933
0.301389
0.306144
0.319647
0.303229
0.397178
0.496054
0.527254
0.464847
0.399843
0.346170
0.324445
0.317541
0.294001
0.297285
0.289097
0.290467
0.296716
0.309627
0.304016
0.293929
0.286585
0.301217
0.324441
0.307788
0.300864
0.283533
0.291230
0.272191
0.268978
0.257011
0.269543
0.286239
0.305648
0.291775
0.301445
0.299133
0.300468
0.302089
0.246941
0.246226
0.235556
0.280853
0.309346
0.370694
0.314494
0.289188
0.248005
0.240766
0.240496
0.260173
0.255078
0.278176
0.264330
0.354625
0.298297
0.300389
0.283334
0.332469
0.310760
0.371538
0.351354
0.368241
0.351304
0.840540
0.962695
0.793230
0.483361
0.368286
0.461547
0.478086
0.455873
0.404859
0.476865
0.407635
0.386310
0.499325
0.428393
0.384451
0.329982
0.315365
0.312238
0.325814
0.251017
0.359754
0.646764
0.888663
0.865672
0.622453
0.528086
0.412530
0.348294
0.370533
0.358651
0.356132
0.368215
0.409534
0.420812
0.438286
0.466195
0.473821
0.439856
0.412088
0.383772
0.378379
0.328142
0.336524
0.319566
0.286864
0.266861
0.297968
0.282319
0.335028
0.322903
0.317491
0.372114
0.396811
0.376065
0.329703
0.305430
0.292450
0.274842
0.306664
0.316082
0.388111
0.377494
0.360451
0.358082
0.339614
0.291044
0.284635
0.259134
0.286634
0.322010
0.351072
0.365570
0.346870
0.489260
0.929799
0.891654
0.550534
0.419404
0.386161
0.380234
0.377778
0.399638
0.363291
0.386179
0.456066
0.682142
0.689926
0.658604
0.591359
0.418010
0.343073
0.338530
0.378071
0.380415
0.439122
0.426769
0.388444
0.367257
0.465962
0.472957
0.415173
0.405880
0.362187
0.305868
0.341964
0.326077
0.311603
0.283793
0.324880
0.315591
0.340402
0.312404
0.301136
0.305980
0.288539
0.281732
0.257394
0.256081
0.259090
0.277076
0.277070
0.321841
0.293437
0.302106
0.285034
0.282930
0.277623
0.318539
0.339490
0.373613
0.359615
0.357553
0.296709
0.251845
0.252383
0.236008
0.257205
0.252689
0.257270
0.250711
0.273840
0.299692
0.336574
0.360191
0.345667
0.358387
0.314448
0.300525
0.296366
0.307213
0.302288
0.303866
0.328495
0.331296
0.350671
0.362556
0.339180
0.337746
0.300678
0.286785
0.259360
0.262478
0.271021
0.275033
0.272755
0.266689
0.266400
0.272666
0.288682
0.289978
0.301269
0.347824
0.401270
0.393557
0.376619
0.357187
0.339236
0.362717
0.373086
0.383418
0.343839
0.378403
0.404040
0.416427
0.395656
0.423188
0.405240
0.481956
0.397650
0.586749
0.797606
0.887954
0.833723
0.639444
0.526957
0.466204
0.412403
0.399799
0.412578
0.402154
0.409613
0.372932
0.369715
0.376010
0.355626
0.409539
0.400170
0.408403
0.359509
0.376750
0.365963
0.381274
0.365213
0.370524
0.352164
0.402615
0.377047
0.369151
0.336519
0.317646
0.348450
0.394167
0.414962
0.395977
0.522153
0.812784
0.936926
0.842132
0.497789
0.446773
0.357646
0.392141
0.424550
0.370937
0.322051
0.365627
0.345250
0.462961
0.457258
0.512421
0.577229
0.538101
0.461062
0.430844
0.412659
0.336017
0.322206
0.298798
0.267253
0.271293
0.287073
0.258954
0.274647
0.301616
0.326192
0.354147
0.338443
0.320466
0.336948
0.329364
0.331488
0.330546
0.384069
0.427456
0.406511
0.408175
0.459296
0.422972
0.401167
0.366156
0.360944
0.329308
0.319043
0.354382
0.454811
0.497893
0.488447
0.453602
0.429000
0.381891
0.299927
0.261329
0.266660
0.278808
0.275959
0.258541
0.253215
0.266091
0.262317
0.266237
0.284772
0.304444
0.289745
0.325623
0.350777
0.388284
0.357853
0.334724
0.279503
0.276382
0.246657
0.266072
0.259024
0.266536
0.254190
0.252529
0.275595
0.283463
0.313923
0.347740
0.367296
0.331036
0.337077
0.316912
0.310457
0.308040
0.314346
0.319404
0.384975
0.413385
0.440455
0.378286
0.347208
0.337603
0.368623
0.363898
0.319649
0.337706
0.325605
0.304428
0.347334
0.318978
0.370581
0.562073
0.841548
0.899813
0.760017
0.531997
0.349058
0.310958
0.326113
0.325702
0.312288
0.304040
0.330050
0.337405
0.311187
0.296279
0.324272
0.329024
0.288709
0.286630
0.314328
0.316533
0.336764
0.340422
0.355309
0.345190
0.368195
0.327952
0.389276
0.429193
0.443011
0.406640
0.432718
0.332735
0.322985
0.284999
0.291931
0.282797
0.352855
0.314682
0.344708
0.329074
0.357898
0.305594
0.302207
0.319095
0.338537
0.327201
0.402327
0.411465
0.820650
0.933898
0.838992
0.564434
0.505320
0.464215
0.393736
0.344323
0.325981
0.311067
0.337889
0.353004
0.368513
0.351327
0.374725
0.405707
0.396686
0.398162
0.388419
0.327627
0.373232
0.382941
0.401232
0.363999
0.387298
0.385024
0.369134
0.310465
0.300154
0.281930
0.268365
0.262056
0.267482
0.275593
0.281827
0.276000
0.274432
0.278521
0.270952
0.263776
0.272623
0.298430
0.295632
0.310932
0.300763
0.286274
0.281946
0.291438
0.315802
0.332680
0.330651
0.306325
0.289575
0.259445
0.279504
0.284243
0.288643
0.280805
0.301215
0.295422
0.286487
0.291586
0.311698
0.362698
0.416317
0.435259
0.436415
0.421490
0.392813
0.355469
0.360980
0.317865
0.342029
0.369895
0.369968
0.343863
0.314056
0.297975
0.282698
0.299592
0.322339
0.322719
0.296585
0.319837
0.359098
0.392041
0.374808
0.373048
0.401082
0.395092
0.464085
0.592786
0.695250
0.745641
0.697247
0.576828
0.448482
0.381444
0.346779
0.371587
0.336386
0.359913
0.354008
0.430243
0.460081
0.593722
0.657578
0.704008
0.514159
0.573073
0.424565
0.390277
0.391306
0.381304
0.348074
0.312326
0.293814
0.304147
0.369171
0.373101
0.367303
0.388629
0.363566
0.314956
0.332462
0.369809
0.358196
0.361960
0.382125
0.418711
0.450002
0.949113
0.948458
0.667665
0.416114
0.397077
0.355767
0.360977
0.354904
0.302073
0.314280
0.324910
0.379132
0.295681
0.347985
0.366756
0.334288
0.354415
0.367707
0.407641
0.339715
0.431909
0.508556
0.456956
0.387627
0.402051
0.401902
0.413346
0.419829
0.384557
0.394635
0.459676
0.516091
0.746265
0.887818
0.857930
0.714565
0.689900
0.577564
0.374222
0.411676
0.358417
0.368200
0.311938
0.373855
0.347994
0.324987
0.328706
0.373581
0.396776
0.421295
0.394471
0.417226
0.410750
0.439146
0.426340
0.415078
0.363410
0.340765
0.336347
0.324134
0.278557
0.274483
0.302615
0.295358
0.332123
0.353347
0.382106
0.389459
0.366517
0.360839
0.380303
0.372356
0.342635
0.344374
0.353785
0.392104
0.469979
0.660275
0.740664
0.756342
0.738649
0.686286
0.500664
0.367827
0.349319
0.323224
0.334271
0.338761
0.326385
0.318512
0.324234
0.327560
0.329404
0.375787
0.390654
0.408094
0.409782
0.441743
0.435182
0.429254
0.405896
0.368496
0.348870
0.345543
0.320798
0.295152
0.276161
0.256705
0.238200
0.265173
0.264613
0.278814
0.270561
0.304810
0.374997
0.422899
0.456417
0.531660
0.449348
0.445943
0.404140
0.410893
0.409220
0.409448
0.380335
0.460773
0.509223
0.693496
0.841703
0.898886
0.825094
0.759727
0.761667
0.611884
0.514395
0.489636
0.400930
0.373503
0.351711
0.365843
0.360766
0.344633
0.339983
0.343619
0.322108
0.336276
0.346804
0.369040
0.372170
0.367159
0.389283
0.412192
0.412980
0.421640
0.441399
0.442793
0.432980
0.417688
0.419516
0.391260
0.426229
0.454172
0.464807
0.424755
0.398016
0.335937
0.272944
0.257404
0.257869
0.251980
0.250191
0.263966
0.261872
0.278423
0.359233
0.381651
0.366815
0.357293
0.322564
0.296883
0.288081
0.284955
0.303863
0.350137
0.354169
0.352457
0.337852
0.367113
0.397534
0.383838
0.344863
0.378322
0.518396
0.860997
0.895905
0.634939
0.546359
0.597174
0.606569
0.699193
0.736726
0.775102
0.719498
0.580146
0.463774
0.418478
0.362620
0.393981
0.419379
0.417840
0.577463
0.862573
0.832885
0.648102
0.505231
0.487359
0.585918
0.450271
0.402591
0.397287
0.414486
0.437497
0.411080
0.404117
0.405085
0.418248
0.438188
0.457798
0.434161
0.417358
0.360341
0.369692
0.387021
0.375458
0.362956
0.371329
0.354254
0.301679
0.304523
0.345378
0.346536
0.358175
0.350550
0.324372
0.325014
0.313066
0.305585
0.293100
0.295829
0.291242
0.382530
0.393089
0.441727
0.428327
0.417093
0.390850
0.319754
0.327785
0.345655
0.344219
0.361281
0.396814
0.510023
0.757471
0.916234
0.885805
0.609414
0.529222
0.345271
0.309609
0.371267
0.356976
0.398314
0.424822
0.535639
0.486532
0.475134
0.412033
0.415192
0.353964
0.305384
0.301379
0.332245
0.345800
0.371081
0.376459
0.404169
0.394412
0.352332
0.338559
0.316720
0.285213
0.294241
0.292301
0.303489
0.324504
0.336776
0.337382
0.330501
0.285638
0.281594
0.248653
0.245795
0.243153
0.250519
0.262881
0.281739
0.280805
0.274833
0.272042
0.272885
0.275022
0.283746
0.291519
0.301567
0.354502
0.375424
0.395293
0.389333
0.463235
0.478631
0.445359
0.368257
0.329055
0.302246
0.301968
0.307655
0.302366
0.305185
0.326426
0.357017
0.365281
0.400949
0.396919
0.476337
0.465234
0.418604
0.363400
0.448752
0.382870
0.390215
0.366984
0.508117
0.780662
0.911368
0.817376
0.567892
0.468661
0.386108
0.417887
0.512108
0.516423
0.536958
0.539978
0.460690
0.391188
0.355617
0.326817
0.357054
0.354752
0.350342
0.344357
0.404246
0.384736
0.398334
0.397811
0.365658
0.419544
0.452447
0.414204
0.438800
0.438765
0.596388
0.762796
0.937695
0.863729
0.540538
0.478149
0.459935
0.401668
0.365231
0.340403
0.319173
0.344493
0.340633
0.299780
0.287927
0.296248
0.326508
0.329502
0.331556
0.329393
0.344201
0.350345
0.351523
0.385035
0.359405
0.352021
0.358422
0.359762
0.321299
0.331042
0.328651
0.323553
0.314619
0.321014
0.320238
0.314858
0.343966
0.355536
0.378878
0.388014
0.382259
0.397791
0.368892
0.359714
0.339983
0.310376
0.298527
0.271721
0.258124
0.253107
0.246863
0.252717
0.253871
0.256687
0.263169
0.301487
0.344079
0.410062
0.434193
0.454878
0.467368
0.501703
0.447180
0.464896
0.407694
0.368465
0.345976
0.368521
0.347162
0.371919
0.356901
0.430998
0.442946
0.429429
0.425061
0.363619
0.352927
0.357561
0.360265
0.327765
0.392786
0.667502
0.824873
0.865306
0.782875
0.542321
0.392091
0.371646
0.342297
0.317783
0.308407
0.322008
0.336892
0.382207
0.383217
0.389812
0.397767
0.409294
0.378186
0.421933
0.533919
0.543467
0.554290
0.513327
0.491797
0.374542
0.377761
0.343842
0.368554
0.419065
0.425060
0.379676
0.345868
0.329745
0.312072
0.317189
0.297450
0.267374
0.246463
0.257895
0.261236
0.274128
0.254621
0.264996
0.280723
0.338239
0.376564
0.449977
0.508508
0.542934
0.545916
0.481830
0.386909
0.335758
0.338614
0.341360
0.372460
0.327764
0.337741
0.343803
0.405012
0.389464
0.365568
0.409125
0.481011
0.444332
0.405975
0.444084
0.682178
0.799651
0.813058
0.688704
0.587293
0.499538
0.591469
0.751242
0.827475
0.803247
0.696189
0.535495
0.511861
0.441305
0.537419
0.515561
0.472819
0.466290
0.543916
0.548734
0.537525
0.501676
0.444802
0.385611
0.375246
0.396465
0.394752
0.381257
0.396471
0.407529
0.391463
0.445565
0.587130
0.813827
0.856338
0.762705
0.650404
0.502951
0.470388
0.434128
0.364901
0.391027
0.382179
0.411493
0.392126
0.389947
0.349027
0.362046
0.381611
0.491534
0.595130
0.614069
0.596576
0.550303
0.472279
0.393145
0.340157
0.348460
0.385064
0.363491
0.358707
0.311948
0.322203
0.280295
0.285001
0.281548
0.326651
0.346208
0.348762
0.329749
0.368644
0.325877
0.331039
0.291792
0.296603
0.283386
0.271041
0.263796
0.274571
0.274088
0.289660
0.289298
0.311372
0.313856
0.312545
0.348519
0.390215
0.415389
0.485310
0.522482
0.528189
0.596853
0.543961
0.448840
0.447599
0.422137
0.384077
0.361334
0.340924
0.329335
0.358833
0.353685
0.322632
0.311940
0.355602
0.367765
0.368252
0.365425
0.399169
0.406055
0.412014
0.440007
0.720021
0.747976
0.815905
0.779770
0.652905
0.422612
0.319175
0.302543
0.307900
0.318182
0.306880
0.309616
0.319249
0.332085
0.317828
0.341731
0.378610
0.396219
0.417986
0.441187
0.537625
0.563133
0.551088
0.544845
0.512460
0.479696
0.426834
0.409769
0.377151
0.348670
0.309565
0.289765
0.314732
0.344197
0.338084
0.306855
0.285455
0.261059
0.257484
0.231662
0.228554
0.244199
0.279394
0.272072
0.290850
0.308700
0.306279
0.319047
0.329269
0.327703
0.376903
0.415027
0.546744
0.565088
0.619503
0.603752
0.584498
0.520317
0.391726
0.401123
0.397982
0.365693
0.326819
0.309889
0.296929
0.293914
0.287640
0.256872
0.281013
0.280031
0.286071
0.252264
0.284716
0.287199
0.306631
0.269844
0.267420
0.258766
0.265417
0.274336
0.301614
0.344606
0.321182
0.389863
0.347856
0.405509
0.358838
0.354829
0.353378
0.331311
0.331469
0.359194
0.384552
0.568803
0.627062
0.743587
0.631957
0.538335
0.488954
0.424114
0.432642
0.409595
0.411113
0.397833
0.474935
0.531409
0.608496
0.675434
0.594428
0.589886
0.627384
0.675759
0.795722
0.830760
0.855202
0.742596
0.622726
0.619327
0.374257
0.365565
0.359248
0.318974
