# True Peaks (Indices)
181
182
632
633
641
642
833
834
872
873
996
997
1118
1119
1299
1300
1398
1399
1553
1554
1584
1585
1699
1700
1813
1814
1831
1832
1874
1875
1902
1903
1940
1941
2006
2007
2109
2110
2122
2123
2131
2132
2209
2210
2247
2248
2320
2321
2332
2333
2404
2405
2477
2478
2593
2594
2610
2611
2692
2693
2715
2716
2801
2802
2858
2859
2889
2890
2939
2940
2944
2945
3110
3111
3137
3138
3141
3142
3146
3147
3176
3177
3181
3182
3210
3211
3218
3219
3225
3226
3315
3316
3343
3344
3370
3371
3443
3444
3449
3450
3473
3474
