# True Peaks (Indices)
244
245
447
448
572
573
655
656
892
893
1002
1003
1045
1046
1049
1050
1195
1196
1227
1228
1234
1235
1314
1315
1328
1329
1450
1451
1480
1481
1685
1686
1716
1717
1766
1767
1788
1789
1860
1861
1907
1908
1922
1923
1927
1928
1991
1992
1997
1998
2006
2007
2008
2009
2065
2066
2136
2137
2161
2162
2194
2195
2296
2297
2315
2316
2350
2351
2376
2377
2378
2459
2460
2505
2506
2548
2549
2550
2551
2558
2559
2563
2564
2622
2623
2664
2665
2678
2679
2720
2721
2729
2730
2737
2738
2832
2833
2835
2836
2877
2878
2893
2894
2895
2899
2900
2916
2917
2951
2952
2979
2980
2998
2999
3002
3003
3012
3013
3067
3068
3079
3080
3115
3116
3143
3144
3159
3160
3166
3167
3186
3187
3192
3193
3298
3299
3320
3321
3323
3324
3352
3353
3448
3449
3457
3458
