# True Peaks (Indices)
217
218
300
301
419
420
670
671
723
724
799
800
941
942
946
947
1101
1102
1117
1118
1220
1221
1224
1225
1364
1365
1373
1374
1463
1464
1507
1508
1540
1541
1564
1565
1684
1685
1699
1700
1724
1725
1777
1778
1800
1801
1890
1891
1893
1894
1903
1904
1926
1927
1969
1970
2008
2009
2157
2158
2172
2173
2202
2203
2263
2264
2342
2343
2351
2352
2365
2366
2379
2380
2412
2413
2450
2451
2470
2471
2486
2487
2495
2496
2497
2581
2582
2588
2589
2653
2654
2662
2663
2673
2674
2697
2698
2752
2753
2770
2771
2772
2773
2848
2849
2867
2868
2874
2875
2885
2886
2892
2893
3008
3009
3013
3014
3041
3042
3048
3049
3061
3062
3084
3085
3127
3128
3136
3137
3152
3153
3162
3163
3167
3168
3220
3221
3247
3248
3265
3266
3354
3355
3363
3364
3372
3373
3449
3450
3474
3475
3495
3496
