# Predictions (Probabilities)
0.515934
0.540065
0.526010
0.499210
0.463154
0.356160
0.326143
0.311278
0.308419
0.297316
0.291425
0.291267
0.300337
0.298036
0.295395
0.293979
0.299165
0.300514
0.295892
0.286333
0.295127
0.296519
0.313105
0.333827
0.329416
0.311481
0.316680
0.306496
0.306960
0.315458
0.355072
0.374614
0.370778
0.348995
0.308860
0.296843
0.289438
0.277064
0.282550
0.293846
0.307914
0.293544
0.281974
0.269532
0.261810
0.267896
0.264867
0.274889
0.292076
0.287600
0.270452
0.267804
0.256870
0.272173
0.267938
0.267521
0.268203
0.267655
0.265062
0.272758
0.296461
0.285562
0.294606
0.298288
0.308344
0.308642
0.303368
0.311550
0.330801
0.347208
0.404595
0.500805
0.546509
0.535533
0.506374
0.479078
0.353677
0.353566
0.317975
0.313157
0.306092
0.290732
0.260113
0.265939
0.243210
0.259574
0.242995
0.242920
0.243419
0.255187
0.262690
0.268563
0.288366
0.279542
0.310104
0.321496
0.344067
0.336994
0.341442
0.340986
0.339476
0.328296
0.337960
0.390879
0.449824
0.473917
0.477530
0.419803
0.375316
0.348112
0.314316
0.296943
0.297187
0.292216
0.280550
0.313976
0.318021
0.317088
0.279760
0.273800
0.236376
0.236178
0.246418
0.259254
0.256088
0.266038
0.268523
0.273653
0.338647
0.345998
0.358740
0.339122
0.325438
0.304099
0.297861
0.286499
0.300277
0.323709
0.319774
0.326692
0.305134
0.298652
0.262845
0.258414
0.264449
0.274275
0.267820
0.270743
0.285427
0.324400
0.369166
0.361039
0.362194
0.317167
0.294823
0.289525
0.287976
0.292561
0.296175
0.302443
0.312958
0.324656
0.345507
0.330803
0.315948
0.297929
0.285105
0.280037
0.283372
0.279127
0.280022
0.276703
0.273323
0.267471
0.269400
0.265449
0.262032
0.260374
0.256696
0.262397
0.262823
0.274588
0.281848
0.277013
0.281353
0.304827
0.317337
0.350109
0.379300
0.430430
0.431836
0.434896
0.400952
0.352126
0.330676
0.321918
0.309430
0.287269
0.284842
0.279212
0.282678
0.270743
0.268817
0.255191
0.264559
0.269403
0.267876
0.266735
0.309369
0.356415
0.388497
0.456268
0.456899
0.463493
0.453504
0.418863
0.333947
0.310446
0.311433
0.320336
0.306072
0.292339
0.288753
0.327447
0.334231
0.346998
0.331528
0.329200
0.283159
0.262400
0.261805
0.262661
0.254584
0.249339
0.247991
0.243440
0.253929
0.256510
0.264390
0.262045
0.269490
0.264507
0.264345
0.291624
0.297174
0.246857
0.274300
0.252547
0.232987
0.202448
0.257919
0.220783
0.244439
0.252611
0.216746
0.214085
0.275048
0.295172
0.171459
0.174358
0.175098
0.203134
0.142685
0.138284
0.198767
0.210926
0.189778
0.193080
0.294320
0.526182
0.978872
0.942572
0.413104
0.202780
0.180685
0.215721
0.233644
0.191754
0.193596
0.165501
0.222271
0.214861
0.226778
0.250749
0.313008
0.255048
0.290964
0.257731
0.257232
0.177065
0.232551
0.157362
0.235162
0.191563
0.228809
0.241407
0.250875
0.301133
0.293477
0.311752
0.280304
0.262817
0.248742
0.249868
0.251259
0.271673
0.269703
0.286339
0.275514
0.290800
0.302368
0.298223
0.308766
0.332321
0.363950
0.453644
0.471670
0.504411
0.494085
0.497738
0.358934
0.306450
0.285251
0.294388
0.285696
0.286005
0.280652
0.298042
0.289950
0.308389
0.299752
0.307928
0.336129
0.363619
0.369585
0.372626
0.354541
0.326453
0.298787
0.285309
0.273078
0.273241
0.285218
0.288636
0.282483
0.279381
0.272829
0.270607
0.273862
0.283036
0.287423
0.300684
0.310256
0.300140
0.339158
0.356033
0.365194
0.375331
0.367144
0.339261
0.314483
0.293085
0.289784
0.270806
0.289178
0.295237
0.285711
0.284769
0.286544
0.269933
0.274737
0.268876
0.242832
0.273304
0.285049
0.299313
0.307012
0.284170
0.274644
0.297246
0.313516
0.309112
0.248883
0.306157
0.325834
0.305723
0.292570
0.366605
0.570593
0.783435
0.870295
0.832684
0.472649
0.304489
0.282130
0.283186
0.314130
0.282065
0.289703
0.269207
0.310569
0.269843
0.255480
0.271550
0.299190
0.268106
0.270680
0.302783
0.313965
0.299127
0.310250
0.328984
0.327253
0.309026
0.307025
0.312967
0.353238
0.329007
0.321151
0.306946
0.333847
0.344104
0.390465
0.469189
0.485286
0.470378
0.457640
0.360526
0.291557
0.284635
0.292372
0.296894
0.276072
0.272141
0.286920
0.299317
0.320260
0.334764
0.331752
0.331958
0.319635
0.297689
0.287624
0.283614
0.285379
0.280777
0.283912
0.277740
0.275369
0.279991
0.283772
0.292463
0.323934
0.352876
0.366339
0.374479
0.350089
0.325309
0.293579
0.291645
0.278522
0.276412
0.273807
0.264728
0.264878
0.271842
0.275565
0.273138
0.268147
0.263718
0.268174
0.279327
0.284662
0.285588
0.290277
0.297557
0.286430
0.297987
0.301978
0.314612
0.349908
0.425193
0.457244
0.476741
0.467875
0.406496
0.348158
0.306572
0.282205
0.293938
0.295771
0.296908
0.286217
0.283478
0.287977
0.287268
0.295335
0.314782
0.324970
0.301285
0.303614
0.293412
0.287356
0.282478
0.282537
0.275382
0.277730
0.276975
0.290475
0.298262
0.292041
0.315498
0.302411
0.327166
0.309789
0.302156
0.307412
0.337383
0.355667
0.367242
0.362802
0.350771
0.313813
0.294036
0.283637
0.278198
0.270453
0.268616
0.249980
0.243963
0.246752
0.252276
0.252407
0.256829
0.257786
0.269728
0.291411
0.302735
0.324683
0.343776
0.363063
0.393639
0.403760
0.411905
0.400443
0.376323
0.309781
0.288329
0.269326
0.273457
0.271990
0.265710
0.259971
0.263526
0.273030
0.287576
0.314467
0.320195
0.315029
0.306224
0.312939
0.303582
0.295277
0.303290
0.312099
0.318265
0.331604
0.334255
0.359260
0.367219
0.372810
0.404123
0.405607
0.377601
0.346966
0.317240
0.295984
0.285977
0.279034
0.279096
0.283995
0.292851
0.283945
0.282656
0.264493
0.248470
0.251153
0.242717
0.244755
0.249537
0.249549
0.250416
0.267539
0.285129
0.292034
0.294158
0.285068
0.291492
0.290946
0.300824
0.315124
0.332387
0.365285
0.376505
0.383061
0.372545
0.348028
0.319502
0.309545
0.286886
0.284531
0.280981
0.281117
0.285728
0.290474
0.292926
0.288888
0.285670
0.292580
0.293585
0.292634
0.307360
0.335687
0.352782
0.341708
0.318973
0.301478
0.271889
0.265433
0.264946
0.262262
0.257626
0.253687
0.259967
0.264098
0.282945
0.286757
0.288706
0.289323
0.285590
0.281410
0.287171
0.313166
0.337531
0.407182
0.429212
0.434597
0.416707
0.376246
0.340708
0.370409
0.356994
0.370510
0.380960
0.318106
0.296030
0.302157
0.292484
0.284422
0.279952
0.286574
0.280842
0.301426
0.302364
0.319387
0.307079
0.293116
0.284758
0.278676
0.275259
0.276967
0.275401
0.282611
0.282862
0.278413
0.276423
0.255974
0.251722
0.251172
0.257663
0.262453
0.265995
0.264743
0.270031
0.283947
0.282404
0.299972
0.323604
0.333674
0.337296
0.324520
0.315376
0.314811
0.313610
0.304948
0.292044
0.311246
0.322966
0.343975
0.312614
0.305351
0.280732
0.282479
0.288756
0.288504
0.286543
0.304978
0.332611
0.344687
0.365061
0.334118
0.324381
0.323008
0.322348
0.303453
0.330841
0.337445
0.345892
0.313731
0.288229
0.266714
0.255065
0.261461
0.259885
0.261909
0.250882
0.257505
0.269735
0.268337
0.274435
0.261330
0.254629
0.271350
0.277385
0.278625
0.301261
0.307173
0.336128
0.320645
0.273851
0.230795
0.270470
0.283323
0.242579
0.235743
0.219941
0.235247
0.214549
0.273693
0.233811
0.291466
0.170074
0.221213
0.132337
0.272911
0.174381
0.197237
0.088617
0.186741
0.214089
0.250170
0.194386
0.267022
0.272690
0.833300
0.979894
0.643916
0.259247
0.223173
0.146585
0.242738
0.197913
0.209932
0.164674
0.238345
0.201119
0.284245
0.215650
0.284167
0.212909
0.222601
0.191328
0.242460
0.185253
0.260446
0.216919
0.298872
0.244667
0.258536
0.286867
0.258906
0.295055
0.292473
0.279923
0.293949
0.289777
0.290650
0.273812
0.265553
0.256497
0.287512
0.306282
0.329460
0.309364
0.284449
0.264663
0.275588
0.269315
0.270027
0.265977
0.274765
0.274819
0.295328
0.300477
0.275219
0.283304
0.269923
0.271977
0.274091
0.273459
0.279330
0.285526
0.281553
0.289988
0.286396
0.293777
0.295592
0.301799
0.314042
0.337743
0.371226
0.445043
0.513608
0.506696
0.475104
0.428720
0.353613
0.304223
0.289870
0.292153
0.295004
0.283986
0.280337
0.282668
0.274927
0.281755
0.289000
0.293552
0.292573
0.300572
0.306076
0.297178
0.289621
0.306894
0.324092
0.350920
0.361899
0.363195
0.363596
0.347621
0.337746
0.303396
0.288515
0.266408
0.262340
0.247159
0.250571
0.246338
0.247516
0.245529
0.253598
0.268076
0.277298
0.280245
0.273281
0.285466
0.287374
0.305958
0.328040
0.350715
0.347654
0.336781
0.337047
0.324652
0.343418
0.380252
0.384980
0.378392
0.314217
0.303510
0.276962
0.283530
0.281400
0.280614
0.274380
0.265130
0.266976
0.284180
0.329788
0.307250
0.288802
0.283743
0.294301
0.264508
0.265176
0.278018
0.302645
0.321088
0.327226
0.308788
0.309792
0.310207
0.311631
0.314570
0.380609
0.423927
0.427475
0.397974
0.358685
0.299767
0.275095
0.275468
0.282229
0.263853
0.261309
0.262725
0.267039
0.269657
0.283303
0.299043
0.300270
0.297545
0.287115
0.287796
0.302238
0.303671
0.331988
0.342041
0.338489
0.341207
0.331610
0.340201
0.340483
0.330624
0.292723
0.281526
0.252011
0.252287
0.253436
0.253625
0.241950
0.252331
0.263693
0.299844
0.329485
0.304526
0.292187
0.270387
0.263025
0.264860
0.259567
0.251399
0.150400
0.137357
0.197247
0.216566
0.200950
0.168870
0.164722
0.222341
0.256150
0.190239
0.144879
0.239143
0.115474
0.059236
0.089653
0.200856
0.195360
0.223123
0.147504
0.185574
0.249122
0.202143
0.246769
0.257461
0.306357
0.938401
0.983181
0.889369
0.335870
0.271254
0.242421
0.295910
0.291730
0.295500
0.261119
0.302828
0.351184
0.348876
0.287183
0.396972
0.350077
0.273729
0.255050
0.281014
0.301269
0.246949
0.229511
0.243258
0.253002
0.213089
0.244966
0.189460
0.165560
0.230177
0.198425
0.254492
0.288610
0.295555
0.275132
0.286903
0.290523
0.300507
0.306884
0.323951
0.320218
0.320642
0.310858
0.284700
0.227870
0.252669
0.294272
0.274641
0.263406
0.228851
0.199937
0.169664
0.176633
0.188719
0.129777
0.183537
0.119251
0.119452
0.094966
0.142655
0.154356
0.150130
0.118015
0.168824
0.233602
0.226882
0.237567
0.298259
0.315635
0.952135
0.986673
0.737326
0.299875
0.281867
0.251866
0.281373
0.245722
0.238414
0.198592
0.240635
0.239362
0.244312
0.204080
0.293678
0.241189
0.238409
0.214595
0.228622
0.237395
0.262137
0.282095
0.268077
0.255722
0.258140
0.284130
0.246699
0.315426
0.335731
0.299598
0.320498
0.301464
0.290714
0.276206
0.269605
0.267680
0.266674
0.257208
0.260101
0.255525
0.249194
0.261600
0.269962
0.285954
0.318512
0.339258
0.339804
0.327590
0.311695
0.310541
0.338343
0.350384
0.375031
0.365370
0.357812
0.336662
0.302825
0.283940
0.264796
0.247843
0.245118
0.242875
0.239463
0.238351
0.239498
0.248525
0.256668
0.280756
0.274384
0.276903
0.281222
0.294457
0.315043
0.362387
0.372624
0.377654
0.381318
0.347439
0.319515
0.311704
0.306179
0.314996
0.370293
0.395576
0.375691
0.359082
0.314048
0.291493
0.284729
0.280201
0.281767
0.292015
0.314230
0.316350
0.291571
0.294742
0.270357
0.267862
0.253968
0.234148
0.242543
0.243950
0.251460
0.245867
0.253155
0.252835
0.264072
0.276644
0.277532
0.281963
0.281264
0.293148
0.295748
0.303992
0.308400
0.320159
0.321041
0.324088
0.330861
0.331893
0.349978
0.341809
0.350246
0.363426
0.384155
0.402701
0.392461
0.358175
0.329501
0.297221
0.267275
0.260156
0.259949
0.257312
0.253429
0.250419
0.245083
0.257533
0.279753
0.282208
0.283855
0.276516
0.278225
0.277696
0.278680
0.302199
0.336403
0.369328
0.373469
0.370615
0.342919
0.321727
0.290108
0.296176
0.296763
0.288952
0.286700
0.315250
0.339306
0.355496
0.361318
0.298140
0.295248
0.284980
0.297109
0.295336
0.326728
0.347795
0.359806
0.344396
0.315861
0.292728
0.290793
0.286997
0.278682
0.281134
0.295332
0.330861
0.311520
0.306312
0.293413
0.310950
0.322298
0.368677
0.424175
0.441586
0.426137
0.404601
0.354855
0.308404
0.287178
0.282732
0.280113
0.280147
0.269130
0.254907
0.258269
0.264912
0.274311
0.265745
0.256387
0.244619
0.236213
0.252796
0.258241
0.257687
0.259359
0.277657
0.311501
0.355897
0.385050
0.380407
0.378799
0.373197
0.362339
0.347235
0.318440
0.304358
0.294257
0.273588
0.257032
0.252997
0.270664
0.282105
0.284024
0.280031
0.284592
0.268911
0.293548
0.312479
0.319678
0.284288
0.334424
0.314576
0.311371
0.327291
0.356058
0.343980
0.362034
0.331593
0.336388
0.282237
0.305648
0.321789
0.294124
0.290792
0.368459
0.678195
0.861269
0.885709
0.687064
0.371615
0.315675
0.297363
0.275126
0.291272
0.286336
0.309359
0.373788
0.399894
0.358616
0.304032
0.288584
0.306997
0.275032
0.290866
0.287457
0.320485
0.312123
0.301694
0.285328
0.296396
0.295435
0.288708
0.278250
0.297389
0.317806
0.317027
0.317559
0.316949
0.314822
0.297778
0.300068
0.298962
0.312638
0.302160
0.305324
0.332469
0.347987
0.349398
0.407521
0.394659
0.406847
0.381215
0.328901
0.255755
0.244808
0.242175
0.245902
0.248591
0.249228
0.248383
0.248915
0.274657
0.286034
0.322589
0.346279
0.380623
0.379345
0.378504
0.355970
0.332969
0.318222
0.310601
0.308234
0.294147
0.290888
0.282706
0.278701
0.272904
0.267707
0.267713
0.272230
0.275511
0.268634
0.269694
0.280476
0.288969
0.323485
0.342384
0.350525
0.331174
0.312235
0.296436
0.269206
0.272066
0.272068
0.277950
0.264575
0.268031
0.268169
0.280476
0.286218
0.278306
0.281109
0.286076
0.283598
0.281399
0.291216
0.301827
0.301727
0.303682
0.305472
0.313918
0.317114
0.322655
0.342642
0.385694
0.436865
0.495103
0.510406
0.504386
0.494358
0.451972
0.367556
0.336472
0.315872
0.301929
0.290907
0.292649
0.285284
0.282278
0.276012
0.266348
0.274727
0.322238
0.344045
0.367518
0.355115
0.342033
0.312591
0.301565
0.299438
0.320878
0.346994
0.343759
0.326154
0.307814
0.288563
0.279380
0.281458
0.288278
0.331730
0.358029
0.364708
0.316883
0.287658
0.286677
0.278548
0.269801
0.265626
0.281149
0.297221
0.318010
0.313941
0.343008
0.350179
0.343415
0.301291
0.270185
0.276996
0.283343
0.310512
0.317212
0.397282
0.664172
0.830272
0.867922
0.757348
0.571001
0.412099
0.338327
0.380080
0.386507
0.330916
0.335228
0.311810
0.333576
0.304306
0.295207
0.324821
0.363304
0.323472
0.319527
0.336555
0.346216
0.343267
0.324006
0.342082
0.327096
0.368055
0.360227
0.375064
0.353660
0.347672
0.361905
0.352351
0.325168
0.315868
0.296373
0.291083
0.280041
0.272798
0.248413
0.285107
0.287924
0.287429
0.300217
0.282417
0.252781
0.288243
0.309239
0.292128
0.230657
0.310955
0.296943
0.297963
0.290436
0.400433
0.620167
0.828544
0.897584
0.731188
0.422234
0.351969
0.343040
0.358451
0.334208
0.325797
0.307074
0.287909
0.311590
0.287464
0.276166
0.316651
0.346169
0.356402
0.398719
0.413234
0.409746
0.348740
0.335870
0.320505
0.316174
0.315970
0.299554
0.323754
0.334788
0.341799
0.353082
0.353687
0.327255
0.301221
0.272477
0.270096
0.263532
0.262781
0.275704
0.272433
0.274503
0.262119
0.257253
0.261436
0.278319
0.288370
0.315500
0.318964
0.354853
0.318024
0.323064
0.313433
0.322634
0.340416
0.350362
0.361008
0.334565
0.313178
0.305557
0.304571
0.290177
0.303883
0.286144
0.271998
0.264233
0.266128
0.260175
0.259964
0.262522
0.262214
0.263911
0.274496
0.281899
0.289425
0.284662
0.288913
0.291341
0.291537
0.293411
0.299364
0.304890
0.305406
0.309014
0.323426
0.321012
0.323061
0.299127
0.301119
0.291499
0.295366
0.291834
0.291888
0.280248
0.276216
0.270828
0.270865
0.268242
0.271235
0.269502
0.260165
0.264942
0.259147
0.261830
0.275882
0.285048
0.288850
0.295031
0.291971
0.299403
0.297752
0.310098
0.334703
0.370150
0.453089
0.508904
0.517023
0.517684
0.506467
0.462680
0.429992
0.389398
0.365148
0.333396
0.331560
0.319519
0.322934
0.325850
0.343554
0.323537
0.340235
0.303570
0.283972
0.272615
0.278627
0.279541
0.269976
0.269836
0.265818
0.274815
0.284742
0.314121
0.300049
0.291842
0.276414
0.272043
0.261040
0.266646
0.273480
0.277592
0.289809
0.290020
0.289636
0.275008
0.288017
0.277739
0.281932
0.279458
0.285634
0.282433
0.293038
0.332138
0.335281
0.332250
0.332256
0.349235
0.336060
0.324116
0.340125
0.344708
0.319091
0.290057
0.259119
0.229080
0.231637
0.239380
0.241239
0.250364
0.269363
0.291745
0.324267
0.330268
0.360235
0.363520
0.360798
0.332527
0.308024
0.254297
0.256221
0.248568
0.294146
0.272973
0.276176
0.268446
0.265423
0.273049
0.321686
0.314035
0.290580
0.283107
0.294536
0.322377
0.301652
0.310146
0.350397
0.743761
0.942232
0.837903
0.368459
0.312634
0.272639
0.296989
0.277159
0.276153
0.280359
0.297245
0.302857
0.374515
0.355642
0.408383
0.335995
0.316427
0.292252
0.292917
0.262433
0.345738
0.381095
0.417816
0.392431
0.362319
0.309817
0.300801
0.265270
0.260073
0.249312
0.257676
0.262427
0.245647
0.241704
0.244734
0.248159
0.262762
0.265364
0.282192
0.280034
0.300854
0.316704
0.370460
0.402071
0.478525
0.508476
0.543615
0.532121
0.476946
0.425238
0.354233
0.368149
0.368225
0.372825
0.352328
0.308798
0.285131
0.268352
0.244745
0.234741
0.239007
0.249213
0.249699
0.248691
0.269994
0.281173
0.287787
0.301461
0.297008
0.299591
0.346869
0.368632
0.397191
0.388948
0.369904
0.314401
0.313149
0.302249
0.304931
0.300254
0.291684
0.283682
0.288604
0.284018
0.291784
0.323307
0.321982
0.322721
0.290652
0.288759
0.279549
0.282993
0.284708
0.288317
0.288619
0.297671
0.321894
0.337434
0.362568
0.362785
0.372863
0.372714
0.379118
0.347733
0.311137
0.276367
0.258104
0.256399
0.248054
0.244095
0.239109
0.239332
0.251051
0.270698
0.284032
0.283942
0.278552
0.290666
0.275689
0.255604
0.246220
0.294704
0.269247
0.278933
0.270826
0.240933
0.315765
0.299148
0.312869
0.272961
0.333917
0.258808
0.331264
0.250400
0.291422
0.321591
0.263293
0.265958
0.282040
0.317377
0.309876
0.282819
0.312222
0.404060
0.977163
0.925970
0.431902
0.373680
0.353957
0.368776
0.336499
0.325779
0.283421
0.334929
0.389148
0.431702
0.448013
0.352035
0.348637
0.312067
0.305513
0.286617
0.236238
0.264461
0.329169
0.306772
0.248936
0.253833
0.299645
0.323901
0.339690
0.382230
0.371247
0.364949
0.367432
0.313972
0.302889
0.306919
0.354898
0.433260
0.440821
0.412183
0.394196
0.306840
0.258919
0.247652
0.248849
0.251639
0.285915
0.287916
0.285639
0.266346
0.267635
0.240097
0.232738
0.238235
0.232836
0.233742
0.237377
0.248864
0.247253
0.254117
0.250321
0.242711
0.254876
0.274855
0.292248
0.318105
0.329794
0.331848
0.327141
0.330104
0.329261
0.327351
0.324877
0.376441
0.393774
0.412289
0.381690
0.361271
0.315169
0.296910
0.303412
0.303688
0.304441
0.294400
0.296276
0.298851
0.366817
0.349712
0.356427
0.330908
0.303890
0.272866
0.262573
0.271030
0.272974
0.273670
0.265157
0.263629
0.248463
0.246752
0.241178
0.257469
0.262460
0.274049
0.273642
0.282773
0.287956
0.283473
0.289148
0.282107
0.292914
0.294512
0.311510
0.305203
0.319579
0.317786
0.331437
0.305657
0.306252
0.316288
0.360566
0.374651
0.389255
0.374295
0.329638
0.312783
0.297937
0.300610
0.344071
0.355506
0.332628
0.298745
0.264911
0.238896
0.235116
0.239689
0.242960
0.243673
0.249721
0.264712
0.274461
0.275147
0.288677
0.296681
0.279521
0.300056
0.305909
0.333930
0.345365
0.354847
0.333902
0.319904
0.313805
0.313216
0.294881
0.299783
0.303780
0.318547
0.314341
0.304070
0.303779
0.307264
0.356972
0.402117
0.417614
0.401636
0.390624
0.330964
0.284390
0.251455
0.239364
0.244651
0.242633
0.247470
0.242839
0.238377
0.236876
0.258695
0.295507
0.303102
0.322084
0.316976
0.328865
0.329898
0.331821
0.309376
0.335616
0.334400
0.382702
0.400077
0.411987
0.406778
0.385227
0.335369
0.297940
0.282903
0.276578
0.292535
0.301245
0.300577
0.295109
0.294325
0.275641
0.235229
0.232096
0.250453
0.237132
0.239411
0.262005
0.277618
0.282731
0.308175
0.302568
0.298799
0.243788
0.243004
0.258266
0.322401
0.307329
0.294601
0.223826
0.258934
0.278631
0.292596
0.298330
0.290584
0.346436
0.894958
0.956670
0.686937
0.470340
0.300710
0.307051
0.320043
0.333357
0.372686
0.315217
0.308622
0.301566
0.312605
0.290992
0.335115
0.339658
0.327404
0.363626
0.372295
0.397734
0.379368
0.349363
0.272231
0.250504
0.248894
0.263563
0.262767
0.270336
0.266720
0.257382
0.257100
0.293660
0.304134
0.319841
0.325623
0.319855
0.319739
0.311426
0.310870
0.285166
0.277196
0.255166
0.241884
0.233214
0.258786
0.248439
0.241143
0.240447
0.280818
0.319165
0.354754
0.381156
0.387996
0.388143
0.383162
0.391079
0.386030
0.411042
0.387902
0.375471
0.329179
0.316060
0.288511
0.271118
0.285528
0.295688
0.304478
0.273039
0.275048
0.260437
0.267778
0.275081
0.278016
0.304172
0.304797
0.308855
0.284151
0.277959
0.277477
0.282069
0.272164
0.278317
0.287414
0.312735
0.348499
0.356102
0.362071
0.356021
0.333006
0.295605
0.273030
0.268455
0.267095
0.267457
0.257157
0.261288
0.253695
0.252425
0.244221
0.244518
0.248686
0.250566
0.252112
0.257451
0.269922
0.296655
0.310122
0.320144
0.319743
0.323806
0.352106
0.349783
0.344302
0.359672
0.361751
0.360192
0.364200
0.323537
0.376174
0.404439
0.434375
0.361414
0.300430
0.347570
0.356997
0.309158
0.284623
0.452371
0.647649
0.783342
0.874516
0.737306
0.479605
0.306904
0.273542
0.282057
0.312956
0.275869
0.314379
0.342512
0.368316
0.332790
0.318029
0.317659
0.338902
0.293934
0.294332
0.329226
0.361703
0.340105
0.332528
0.340277
0.356178
0.334306
0.321968
0.351344
0.364969
0.381516
0.380687
0.355803
0.399031
0.405519
0.415781
0.334508
0.297523
0.332894
0.352167
0.338311
0.375346
0.688612
0.756148
0.819981
0.795455
0.681620
0.477858
0.325622
0.325135
0.320351
0.349775
0.327459
0.339123
0.330923
0.339867
0.305921
0.300731
0.338095
0.343306
0.321445
0.334953
0.383658
0.382042
0.356723
0.343425
0.337518
0.327718
0.357044
0.331508
0.330015
0.317510
0.296437
0.277727
0.289367
0.296555
0.308466
0.353216
0.361186
0.378892
0.367727
0.335856
0.323450
0.302629
0.295393
0.299765
0.298741
0.297290
0.308516
0.322843
0.321811
0.318781
0.332082
0.308803
0.346418
0.360972
0.372961
0.358271
0.338860
0.298658
0.289350
0.288655
0.284036
0.284682
0.277257
0.271109
0.267923
0.278172
0.276688
0.274085
0.266279
0.264607
0.259021
0.262006
0.274130
0.297382
0.289289
0.291490
0.291010
0.267783
0.281396
0.280548
0.282414
0.266856
0.284339
0.304797
0.339012
0.402038
0.438597
0.472807
0.465803
0.431035
0.358699
0.302299
0.261266
0.271454
0.273867
0.263243
0.263845
0.275561
0.283444
0.289180
0.322478
0.331780
0.356757
0.380111
0.404724
0.372811
0.356359
0.325355
0.314740
0.300893
0.302602
0.304372
0.333233
0.335636
0.337559
0.316054
0.298557
0.305007
0.333347
0.366931
0.352374
0.334984
0.299735
0.285034
0.270073
0.267506
0.261928
0.272985
0.283087
0.274818
0.264670
0.254596
0.256110
0.257899
0.262334
0.253444
0.264099
0.269047
0.282822
0.294604
0.318430
0.330396
0.332127
0.331513
0.329691
0.343046
0.356197
0.341393
0.338273
0.291599
0.327074
0.308531
0.320219
0.346235
0.363171
0.363247
0.383664
0.328779
0.283628
0.267432
0.291841
0.277163
0.281465
0.316313
0.467933
0.787464
0.912250
0.797428
0.535830
0.391337
0.370477
0.336502
0.342845
0.339579
0.332854
0.352003
0.378519
0.360028
0.355391
0.362409
0.373357
0.349856
0.316616
0.311944
0.309776
0.314049
0.324147
0.277983
0.304572
0.300071
0.304414
0.293162
0.322630
0.361003
0.365647
0.350429
0.326070
0.302225
0.268027
0.280889
0.273044
0.262494
0.265249
0.282552
0.269679
0.272627
0.291918
0.298236
0.310777
0.306157
0.310618
0.357924
0.405038
0.422260
0.422085
0.395643
0.348172
0.334932
0.316245
0.295576
0.310335
0.307046
0.320553
0.293509
0.293774
0.282375
0.278506
0.285759
0.274685
0.269879
0.274272
0.284213
0.280824
0.286239
0.274119
0.279110
0.274678
0.277600
0.272712
0.276386
0.277293
0.282547
0.276967
0.267177
0.277041
0.265874
0.288506
0.281296
0.294677
0.275630
0.287115
0.288681
0.289836
0.292940
0.306822
0.332913
0.333101
0.343265
0.349766
0.354558
0.351068
0.304266
0.311686
0.285934
0.279259
0.258068
0.265954
0.234388
0.261059
0.265765
0.292453
0.278839
0.273523
0.251133
0.278818
0.255285
0.308278
0.278000
0.346670
0.350806
0.390803
0.302649
0.355414
0.347539
0.680252
0.939763
0.843484
0.567850
0.528853
0.634041
0.394627
0.366890
0.336804
0.306293
0.331364
0.331548
0.344693
0.319991
0.302163
0.287219
0.293274
0.328311
0.321305
0.295695
0.385426
0.423490
0.384067
0.319464
0.305975
0.337114
0.319531
0.373143
0.386653
0.376491
0.363072
0.365595
0.318848
0.305127
0.330524
0.342425
0.344753
0.364629
0.356769
0.643168
0.939833
0.861782
0.518381
0.405417
0.385433
0.372904
0.366194
0.416876
0.389929
0.449787
0.403984
0.341436
0.288508
0.310270
0.306583
0.325147
0.304883
0.355752
0.354452
0.387425
0.378586
0.375488
0.334611
0.311369
0.317751
0.322201
0.295640
0.313352
0.296635
0.286622
0.334593
0.350094
0.363613
0.352937
0.317172
0.290680
0.262978
0.260014
0.266162
0.293130
0.315835
0.336591
0.323711
0.286808
0.278223
0.275548
0.292949
0.323076
0.307699
0.307569
0.292022
0.278149
0.267665
0.254606
0.256953
0.261682
0.274837
0.261693
0.255971
0.253981
0.252476
0.247740
0.252151
0.250173
0.258603
0.266956
0.277384
0.275750
0.297798
0.310848
0.308063
0.310869
0.327404
0.353656
0.382613
0.405145
0.419211
0.398573
0.382893
0.338103
0.307898
0.295258
0.289891
0.285605
0.277600
0.272421
0.269921
0.273486
0.267419
0.263371
0.267979
0.262747
0.259888
0.262030
0.278085
0.281607
0.296396
0.315565
0.338514
0.365770
0.383022
0.396693
0.388580
0.374583
0.349610
0.329020
0.313668
0.310990
0.313651
0.318158
0.323315
0.308217
0.299714
0.300870
0.289463
0.308475
0.299430
0.302618
0.293138
0.294463
0.314452
0.304488
0.299902
0.287832
0.283780
0.270002
0.267942
0.264957
0.264827
0.258810
0.278158
0.293036
0.308303
0.299061
0.289837
0.284621
0.278361
0.284904
0.313946
0.332044
0.350742
0.368754
0.363895
0.372997
0.369273
0.403709
0.394346
0.384479
0.369647
0.420868
0.464033
0.508210
0.618730
0.797032
0.849460
0.779291
0.712096
0.689082
0.505812
0.430719
0.362907
0.386343
0.387977
0.406530
0.480362
0.511632
0.512434
0.477521
0.450872
0.410511
0.377332
0.368144
0.371374
0.380493
0.389794
0.357200
0.349998
0.361524
0.350767
0.343213
0.303423
0.296792
0.279712
0.283778
0.287505
0.307828
0.334719
0.326563
0.332034
0.337055
0.344119
0.340551
0.309962
0.311024
0.294408
0.294174
0.297693
0.318434
0.388178
0.407226
0.401007
0.366425
0.305845
0.262536
0.254779
0.251723
0.261506
0.259714
0.258612
0.256268
0.258424
0.270669
0.278861
0.305272
0.321698
0.323809
0.328499
0.302919
0.308468
0.291241
0.292750
0.286112
0.280716
0.278432
0.292123
0.324646
0.329614
0.346943
0.333352
0.318007
0.288478
0.286693
0.282373
0.283345
0.285782
0.290465
0.275835
0.265275
0.266557
0.276389
0.312592
0.337146
0.341950
0.350465
0.321293
0.319277
0.304676
0.308006
0.328425
0.350241
0.353059
0.341134
0.355367
0.355877
0.350329
0.350565
0.351913
0.356594
0.379593
0.383346
0.425969
0.415698
0.465421
0.482170
0.554211
0.704744
0.862971
0.871479
0.790577
0.667823
0.587766
0.514056
0.424003
0.365181
0.383898
0.386564
0.391716
0.371257
0.352727
0.349627
0.350566
0.358030
0.357189
0.360564
0.364107
0.373873
0.401996
0.408326
0.380082
0.383591
0.388351
0.379770
0.370183
0.351270
0.345198
0.346188
0.344728
0.343447
0.303491
0.312479
0.355866
0.363459
0.390379
0.436020
0.469945
0.443789
0.415397
0.400554
0.375455
0.360607
0.340323
0.305328
0.259704
0.244107
0.237904
0.234576
0.234077
0.232535
0.238443
0.241448
0.246622
0.253331
0.264407
0.284373
0.300810
0.327937
0.325071
0.324856
0.312416
0.312124
0.311191
0.309720
0.316709
0.317359
0.315014
0.310029
0.308867
0.306838
0.323740
0.341120
0.340728
0.330466
0.311123
0.291264
0.280721
0.266155
0.267353
0.265345
0.261048
0.252688
0.255601
0.258191
0.266411
0.276453
0.277914
0.282385
0.296936
0.309343
0.327695
0.364203
0.411564
0.465538
0.469552
0.463227
0.458766
0.428656
0.350041
0.321360
0.290101
0.287415
0.276310
0.263948
0.262011
0.262044
0.263644
0.255620
0.260463
0.272954
0.285840
0.283171
0.288789
0.294063
0.297838
0.298772
0.311252
0.303144
0.296327
0.299837
0.303181
0.310653
0.305581
0.301227
0.302205
0.307059
0.300986
0.297756
0.293205
0.295071
0.295330
0.294702
0.299562
0.294282
0.284493
0.292907
0.307701
0.321382
0.382535
0.427885
0.451365
0.434394
0.389210
0.321304
0.293880
0.281218
0.290050
0.285238
0.292069
0.295442
0.310180
0.282569
0.271761
0.253558
0.251346
0.264529
0.284676
0.285525
0.288345
0.296324
0.299725
0.296458
0.294380
0.311747
0.297436
0.306669
0.313365
0.329784
0.339054
0.351065
0.354173
0.349511
0.312195
0.377365
0.350358
0.429257
0.457718
0.516974
0.473082
0.489605
0.470901
0.619274
0.856842
0.905919
0.745112
0.532155
0.389634
0.304087
0.303011
0.325059
0.294284
0.271694
0.308247
0.348231
0.333360
0.359568
0.337026
0.348055
0.295787
0.284809
0.310997
0.334936
0.324789
0.326983
0.337292
0.360370
0.344874
0.375175
0.410587
0.411022
0.399002
0.387906
0.335689
0.286241
0.290790
0.277949
0.265929
0.253797
0.256491
0.263519
0.272888
0.289548
0.284887
0.289363
0.278536
0.308723
0.287836
0.286829
0.305118
0.334573
0.354353
0.348685
0.335255
0.324653
0.308562
0.302620
0.300849
0.318338
0.338405
0.381448
0.386166
0.388238
0.363211
0.372811
0.368710
0.361061
0.347162
0.310549
0.294207
0.273324
0.275102
0.260070
0.269271
0.263397
0.263351
0.249964
0.248384
0.243303
0.255217
0.263019
0.260531
0.263225
0.272835
0.277897
0.279151
0.299700
0.297308
0.270883
0.320359
0.298077
0.294012
0.275637
0.325929
0.324609
0.326936
0.345610
0.349692
0.364909
0.389438
0.342267
0.374724
0.377525
0.406005
0.434408
0.494831
0.479757
0.395998
0.334224
0.389444
0.415610
0.618449
0.921733
0.931802
0.667161
0.557135
0.537390
0.441177
0.413723
0.362687
0.389953
0.467942
0.477984
0.433689
0.466142
0.481652
0.557873
0.494480
0.467610
0.413387
0.409468
0.330135
0.345220
0.321394
0.291984
0.255528
0.263077
0.304123
0.265936
0.283288
0.334756
0.350555
0.371336
0.357269
0.380429
0.384672
0.345449
0.322471
0.298334
0.314810
0.305803
0.300703
0.327574
0.316524
0.293974
0.274131
0.250552
0.246007
0.252094
0.266365
0.255253
0.256181
0.278935
0.293659
0.333521
0.351493
0.350206
0.343083
0.320794
0.313031
0.343169
0.352878
0.388603
0.377004
0.351195
0.314867
0.305916
0.288017
0.281152
0.284081
0.299393
0.345327
0.344840
0.353762
0.332401
0.303552
0.278288
0.265513
0.259638
0.258587
0.268929
0.271607
0.270116
0.277768
0.277973
0.276897
0.271074
0.281270
0.286329
0.294871
0.351173
0.377374
0.410051
0.396220
0.410530
0.345658
0.298659
0.275106
0.278903
0.287672
0.283691
0.301816
0.293568
0.299274
0.289766
0.285003
0.313739
0.335438
0.345470
0.355490
0.336226
0.325660
0.307813
0.283042
0.276561
0.262831
0.257948
0.266057
0.254274
0.247782
0.248079
0.257260
0.251623
0.272903
0.286404
0.294954
0.309134
0.319336
0.322979
0.317013
0.329174
0.345466
0.358283
0.426574
0.485045
0.564333
0.580149
0.580432
0.583978
0.526061
0.417126
0.351234
0.343490
0.341141
0.324398
0.332255
0.307563
0.303593
0.311494
0.297895
0.286615
0.304145
0.305199
0.287840
0.290742
0.343591
0.345309
0.337514
0.328773
0.317603
0.302765
0.305236
0.305703
0.349108
0.361031
0.391526
0.365423
0.386286
0.324080
0.301940
0.301802
0.311974
0.294801
0.283704
0.331181
0.348821
0.372134
0.429437
0.506509
0.754875
0.901757
0.896867
0.671974
0.526344
0.496893
0.362165
0.349406
0.346779
0.324323
0.319750
0.337836
0.345923
0.343118
0.338328
0.341668
0.365622
0.346378
0.345158
0.355074
0.359238
0.371831
0.357526
0.356349
0.384763
0.375746
0.375188
0.365360
0.357352
0.366853
0.382955
0.409672
0.482301
0.465773
0.454820
0.452256
0.425584
0.356544
0.295794
0.270817
0.292677
0.270163
0.256456
0.233879
0.256167
0.237532
0.253070
0.235922
0.266032
0.263457
0.272331
0.284765
0.344799
0.340049
0.337212
0.324596
0.333296
0.305821
0.295222
0.321005
0.338460
0.367242
0.398870
0.403445
0.381747
0.325004
0.314887
0.312611
0.316453
0.302286
0.308202
0.350515
0.346609
0.366320
0.350176
0.312145
0.302170
0.286480
0.287212
0.284673
0.291060
0.296435
0.302452
0.296308
0.303034
0.328649
0.331553
0.311207
0.297067
0.273538
0.263925
0.274973
0.281034
0.300193
0.307454
0.305130
0.290518
0.324191
0.318112
0.319713
0.302198
0.320396
0.348279
0.400394
0.481186
0.613584
0.671783
0.629213
0.593583
0.503235
0.371760
0.333146
0.315101
0.335829
0.329922
0.311050
0.311754
0.337563
0.343563
0.344585
0.352457
0.370748
0.351171
0.330978
0.339657
0.332978
0.325544
0.335120
0.349827
0.365865
0.355382
0.359568
0.351107
0.355090
0.382824
0.377403
0.365795
0.360483
0.423553
0.483259
0.552497
0.700914
0.814727
0.838066
0.783652
0.733968
0.640768
0.511855
0.432335
0.384418
0.362975
0.379456
0.461014
0.511716
0.503437
0.450048
0.411239
0.340900
0.342041
0.355239
0.349490
0.351377
0.359447
0.372003
0.352343
0.367296
0.361121
0.351552
0.337365
0.305452
0.291767
0.280237
0.276639
0.285627
0.288506
