# Predictions (Probabilities)
0.608911
0.572433
0.509081
0.392833
0.376784
0.339154
0.352023
0.367356
0.367939
0.383077
0.468507
0.475316
0.485791
0.580580
0.565651
0.507951
0.409745
0.352878
0.295451
0.306745
0.306197
0.305904
0.349207
0.361719
0.350889
0.340575
0.318252
0.281384
0.328284
0.314123
0.314457
0.285341
0.283794
0.256838
0.272131
0.270769
0.301652
0.289784
0.326619
0.298576
0.274086
0.276156
0.306275
0.312116
0.297086
0.308058
0.325877
0.322082
0.357959
0.399329
0.399981
0.397537
0.371091
0.366221
0.357800
0.342889
0.336229
0.378730
0.367280
0.358609
0.335114
0.303843
0.280715
0.279353
0.275072
0.273523
0.301731
0.317341
0.334595
0.334542
0.324899
0.303037
0.267494
0.292184
0.251969
0.241298
0.250921
0.254689
0.258849
0.245409
0.247984
0.281832
0.300137
0.320717
0.316747
0.314969
0.280331
0.313356
0.293938
0.280323
0.283398
0.291095
0.331233
0.385675
0.410587
0.403178
0.383666
0.379766
0.366115
0.382334
0.370974
0.359003
0.320282
0.285940
0.289733
0.266949
0.239188
0.245554
0.249058
0.283921
0.321182
0.348688
0.333594
0.314402
0.296344
0.311967
0.295902
0.278857
0.304897
0.299805
0.288642
0.298659
0.309890
0.312058
0.337160
0.399991
0.421640
0.394811
0.310925
0.315082
0.293316
0.294649
0.313528
0.346171
0.392999
0.348900
0.302090
0.261639
0.231100
0.243629
0.258588
0.248044
0.254709
0.271898
0.311085
0.330717
0.347482
0.334186
0.315615
0.289722
0.295219
0.276130
0.282582
0.283670
0.289641
0.288154
0.314843
0.323720
0.341093
0.335305
0.333653
0.290463
0.286732
0.287678
0.316501
0.341580
0.383602
0.364234
0.364734
0.350382
0.344512
0.321359
0.315990
0.308540
0.300549
0.252534
0.263956
0.275804
0.264747
0.276849
0.285273
0.279808
0.305360
0.331583
0.316100
0.302419
0.321564
0.325579
0.328176
0.375370
0.427143
0.473862
0.444857
0.427200
0.417060
0.401488
0.367621
0.329482
0.317881
0.296824
0.283109
0.290363
0.310924
0.364453
0.354980
0.370404
0.346106
0.329035
0.274539
0.254825
0.278825
0.337672
0.343466
0.331448
0.306001
0.289762
0.282713
0.287975
0.310450
0.303632
0.332890
0.362759
0.399395
0.400514
0.411745
0.390312
0.481083
0.593587
0.545793
0.486430
0.358801
0.325152
0.280398
0.276662
0.261097
0.277953
0.284543
0.307646
0.284637
0.277664
0.307151
0.320726
0.367919
0.370341
0.357652
0.342554
0.364071
0.326604
0.312353
0.285284
0.285435
0.283673
0.275172
0.276342
0.266227
0.261973
0.269774
0.305077
0.347725
0.342930
0.357498
0.364894
0.347637
0.334079
0.328522
0.349838
0.348024
0.338267
0.341124
0.323663
0.344515
0.331741
0.386971
0.464967
0.575742
0.565265
0.581291
0.487786
0.455551
0.378451
0.351527
0.342539
0.393295
0.370777
0.376216
0.348109
0.329277
0.261339
0.246679
0.235626
0.259663
0.277887
0.267043
0.251250
0.292147
0.330542
0.356794
0.367547
0.407603
0.473914
0.488107
0.468392
0.441417
0.460951
0.430100
0.404741
0.366083
0.348802
0.329465
0.295184
0.295894
0.325338
0.330296
0.338334
0.351469
0.352432
0.336336
0.290740
0.276947
0.259643
0.256918
0.243452
0.245892
0.247343
0.230011
0.227262
0.235788
0.272093
0.276377
0.282930
0.302896
0.304646
0.306854
0.319989
0.344799
0.356743
0.365405
0.363773
0.375299
0.368932
0.336854
0.409178
0.431718
0.462703
0.478506
0.413923
0.376893
0.356036
0.328310
0.322002
0.306650
0.299683
0.299994
0.323226
0.326106
0.327781
0.319773
0.291756
0.261586
0.242879
0.238732
0.247044
0.240311
0.256888
0.325339
0.381206
0.436547
0.443193
0.398002
0.354504
0.355666
0.350471
0.336656
0.345373
0.366360
0.361274
0.352982
0.303401
0.273342
0.264611
0.283168
0.286348
0.327727
0.340814
0.312862
0.296339
0.292847
0.255656
0.232980
0.242993
0.253907
0.280912
0.284408
0.313656
0.312460
0.311548
0.325640
0.324389
0.326848
0.320659
0.300303
0.308156
0.306696
0.343197
0.354114
0.334104
0.348016
0.342892
0.341246
0.339087
0.325730
0.341224
0.314399
0.322761
0.317486
0.316856
0.305520
0.300099
0.307891
0.318165
0.338182
0.335227
0.287731
0.244826
0.225149
0.243273
0.260428
0.243845
0.246575
0.263293
0.298137
0.335127
0.379140
0.383708
0.371431
0.366987
0.400086
0.380046
0.326430
0.296137
0.292252
0.288820
0.267772
0.291631
0.325923
0.322700
0.291674
0.263081
0.262660
0.289313
0.290796
0.272756
0.288176
0.293502
0.277736
0.263263
0.274074
0.286785
0.305776
0.382508
0.384388
0.391657
0.397275
0.350011
0.336552
0.316025
0.312575
0.319251
0.328655
0.469812
0.568217
0.540637
0.539507
0.433066
0.364265
0.350577
0.347987
0.327326
0.359596
0.379626
0.372039
0.371635
0.356120
0.306923
0.295774
0.292382
0.296053
0.271539
0.291201
0.288836
0.326068
0.302704
0.344708
0.309983
0.329821
0.340453
0.345349
0.349564
0.337006
0.333231
0.342627
0.308245
0.302820
0.304612
0.307150
0.307082
0.319981
0.311561
0.316190
0.321670
0.330959
0.325222
0.329752
0.313350
0.322914
0.293449
0.298036
0.277395
0.263561
0.263687
0.256641
0.257962
0.267243
0.304174
0.302024
0.308055
0.298236
0.293436
0.260483
0.268481
0.297415
0.312590
0.314885
0.283875
0.285506
0.254525
0.284203
0.321954
0.358772
0.338671
0.323783
0.301970
0.286402
0.273069
0.263767
0.274571
0.277429
0.288324
0.336005
0.380476
0.365752
0.350657
0.346926
0.337240
0.340303
0.286132
0.322177
0.329110
0.340259
0.331992
0.313363
0.306282
0.279376
0.274402
0.254667
0.235281
0.227253
0.232124
0.248162
0.271607
0.296238
0.286203
0.267941
0.263855
0.259677
0.255384
0.258835
0.266725
0.308967
0.371066
0.371089
0.362847
0.377753
0.368268
0.346162
0.349792
0.329638
0.303120
0.254823
0.275574
0.293310
0.220511
0.182316
0.176992
0.187531
0.179400
0.214975
0.224093
0.261654
0.243743
0.232324
0.174989
0.314416
0.212843
0.295613
0.209675
0.248165
0.244483
0.249443
0.212283
0.206249
0.286554
0.489761
0.962932
0.925473
0.297799
0.169601
0.145422
0.223528
0.245324
0.213137
0.210796
0.226405
0.333626
0.295980
0.280641
0.271423
0.277644
0.220534
0.213436
0.240323
0.262597
0.219214
0.201452
0.253862
0.273647
0.243728
0.270339
0.249971
0.229070
0.285591
0.269506
0.316828
0.312780
0.326747
0.329446
0.334187
0.325192
0.331560
0.290454
0.280423
0.294507
0.260554
0.248526
0.271149
0.275560
0.274489
0.264086
0.254716
0.234588
0.241718
0.253198
0.258421
0.298583
0.325734
0.319121
0.304689
0.272108
0.288388
0.308170
0.292988
0.311324
0.325971
0.369474
0.373296
0.450892
0.494354
0.519270
0.458466
0.445776
0.384182
0.341229
0.341848
0.323283
0.337988
0.333462
0.345181
0.348525
0.321456
0.330824
0.310037
0.280426
0.289571
0.282821
0.287257
0.280645
0.294459
0.289428
0.299887
0.339104
0.357400
0.399880
0.366649
0.369412
0.383259
0.370531
0.347060
0.300009
0.267772
0.288180
0.259000
0.248466
0.272644
0.285356
0.283330
0.323384
0.393907
0.420262
0.391420
0.375767
0.377738
0.385596
0.377869
0.373446
0.386266
0.360311
0.323994
0.293425
0.256847
0.253869
0.253062
0.251092
0.263136
0.286116
0.302656
0.315490
0.373086
0.368212
0.365078
0.347542
0.316468
0.289286
0.267179
0.255924
0.263123
0.278026
0.265738
0.281247
0.277683
0.309620
0.331846
0.338866
0.366820
0.354291
0.394464
0.411433
0.390263
0.400827
0.407684
0.354607
0.355430
0.328379
0.344865
0.326521
0.301316
0.307225
0.315608
0.334886
0.356811
0.437467
0.497289
0.470574
0.432989
0.424427
0.385080
0.346027
0.293777
0.293998
0.298069
0.291861
0.280787
0.314982
0.308238
0.302286
0.297326
0.278104
0.272036
0.275559
0.280443
0.319237
0.329698
0.334844
0.316830
0.298624
0.290913
0.292476
0.270584
0.265030
0.261566
0.265032
0.286431
0.321492
0.319699
0.325316
0.314221
0.304961
0.271424
0.258324
0.259596
0.262017
0.260841
0.261399
0.265994
0.262141
0.300952
0.319263
0.324522
0.314005
0.284548
0.279669
0.281260
0.278165
0.282449
0.277805
0.279643
0.284613
0.285945
0.288099
0.299489
0.321425
0.327337
0.335278
0.331685
0.377315
0.350055
0.366385
0.351245
0.315463
0.336415
0.341270
0.342897
0.348424
0.330939
0.332533
0.337616
0.391362
0.511454
0.522439
0.507428
0.427824
0.403351
0.351679
0.290947
0.281717
0.291411
0.285742
0.272362
0.301733
0.349982
0.363655
0.375252
0.363816
0.341540
0.315483
0.299628
0.287042
0.298614
0.290983
0.308112
0.292134
0.353374
0.412238
0.463008
0.417333
0.367814
0.347807
0.337521
0.302656
0.295459
0.347303
0.362060
0.326975
0.286683
0.279187
0.258287
0.265100
0.260600
0.270048
0.280064
0.317268
0.322605
0.361079
0.365766
0.326926
0.295932
0.293258
0.275390
0.242106
0.252451
0.272955
0.290939
0.316200
0.326776
0.328670
0.317364
0.287838
0.291635
0.311475
0.330651
0.349956
0.356722
0.349129
0.322485
0.327372
0.337736
0.338485
0.352780
0.343119
0.307456
0.285087
0.279223
0.299155
0.290535
0.327561
0.354080
0.384611
0.356946
0.327714
0.289082
0.300481
0.288770
0.271368
0.247542
0.253200
0.262493
0.261969
0.261854
0.294153
0.321630
0.293312
0.258001
0.238649
0.242212
0.261985
0.271927
0.335786
0.374798
0.398251
0.368025
0.363808
0.311422
0.299125
0.269087
0.293213
0.293915
0.299791
0.336277
0.380054
0.355888
0.374890
0.323883
0.329701
0.325415
0.335354
0.340215
0.326895
0.327393
0.331846
0.338455
0.343709
0.326389
0.325043
0.310523
0.289870
0.264712
0.277924
0.282579
0.328226
0.330519
0.328749
0.312838
0.271013
0.296915
0.329535
0.327721
0.307556
0.313899
0.294149
0.287258
0.297312
0.326603
0.324719
0.338441
0.345159
0.363190
0.406649
0.407225
0.487442
0.567658
0.670788
0.505567
0.447733
0.393790
0.314662
0.295269
0.292337
0.298720
0.303257
0.311047
0.307829
0.296483
0.337355
0.362424
0.427329
0.428016
0.430019
0.412009
0.420894
0.384715
0.389639
0.369266
0.393036
0.381619
0.399524
0.375067
0.364784
0.354725
0.265349
0.256454
0.270043
0.261328
0.252064
0.269416
0.274757
0.310585
0.296856
0.304809
0.287437
0.294914
0.301633
0.275238
0.266933
0.276041
0.286338
0.283147
0.276652
0.306791
0.323098
0.331674
0.315876
0.294327
0.261523
0.252268
0.294382
0.323950
0.343337
0.377524
0.347232
0.271030
0.143126
0.080982
0.158818
0.179791
0.188943
0.183497
0.222747
0.168027
0.254248
0.117332
0.104126
0.134886
0.068372
0.071024
0.133956
0.149695
0.216106
0.152989
0.253417
0.248855
0.264667
0.222912
0.217900
0.291701
0.336733
0.974978
0.992377
0.436706
0.308760
0.271357
0.239186
0.361433
0.306027
0.321435
0.225310
0.338235
0.359120
0.333800
0.341100
0.361655
0.311263
0.289318
0.314912
0.373374
0.363716
0.282335
0.316514
0.277209
0.192678
0.240333
0.225787
0.193978
0.298417
0.279769
0.271786
0.291643
0.310227
0.295006
0.311852
0.300478
0.293276
0.310304
0.324114
0.331383
0.341911
0.343256
0.388002
0.330817
0.359421
0.349069
0.366508
0.370600
0.338286
0.344354
0.327763
0.335727
0.296616
0.269352
0.249266
0.253291
0.254588
0.262423
0.309471
0.313090
0.308392
0.290396
0.269194
0.271846
0.270867
0.281530
0.296968
0.321920
0.322949
0.324787
0.321803
0.311166
0.298755
0.288158
0.258477
0.258778
0.304914
0.327450
0.321210
0.294643
0.265522
0.225239
0.233211
0.234258
0.235036
0.245767
0.311832
0.370948
0.409505
0.442159
0.484387
0.508683
0.464780
0.534786
0.648157
0.661007
0.635746
0.566695
0.443432
0.383017
0.343572
0.357006
0.418667
0.410017
0.412048
0.419466
0.417874
0.388511
0.315729
0.304073
0.322675
0.263436
0.239511
0.254304
0.310548
0.338163
0.387109
0.395229
0.436466
0.378571
0.369255
0.351160
0.346176
0.315245
0.305464
0.295779
0.289195
0.279192
0.279616
0.299463
0.359666
0.417861
0.482956
0.471191
0.480024
0.415065
0.399588
0.355591
0.341789
0.373831
0.378347
0.387189
0.360418
0.328716
0.260223
0.214979
0.204425
0.191139
0.209381
0.232847
0.229892
0.238383
0.282031
0.324925
0.350807
0.340644
0.353401
0.355903
0.368959
0.413712
0.421887
0.449324
0.451691
0.423905
0.388320
0.367132
0.369112
0.375083
0.352495
0.357582
0.362615
0.387715
0.410652
0.403292
0.364667
0.382324
0.328992
0.344358
0.328299
0.334757
0.339908
0.341964
0.308434
0.290184
0.262905
0.254099
0.271578
0.258278
0.242316
0.238883
0.264952
0.277052
0.350276
0.386757
0.397498
0.373668
0.367683
0.344402
0.323237
0.344188
0.354006
0.336074
0.331090
0.285798
0.266810
0.265460
0.261534
0.256383
0.298150
0.346383
0.351706
0.367341
0.354274
0.332333
0.335346
0.295649
0.276061
0.269006
0.264744
0.291035
0.315933
0.346972
0.324986
0.355265
0.340524
0.326454
0.307068
0.290263
0.270222
0.280563
0.276521
0.279068
0.270171
0.287594
0.288524
0.290499
0.293213
0.266173
0.277314
0.271123
0.280274
0.303158
0.305051
0.308467
0.295414
0.281355
0.306823
0.310981
0.311711
0.295353
0.272448
0.254219
0.268532
0.294800
0.321194
0.329831
0.345053
0.335428
0.331540
0.369391
0.381004
0.405388
0.399505
0.385504
0.345100
0.314168
0.338072
0.358642
0.349647
0.336515
0.303161
0.272092
0.236598
0.224254
0.222683
0.227654
0.253638
0.241992
0.270488
0.308118
0.339616
0.314478
0.295425
0.275734
0.270839
0.287334
0.309968
0.337879
0.339164
0.335481
0.302969
0.299146
0.294282
0.280297
0.296131
0.306690
0.339479
0.363482
0.363809
0.345526
0.342911
0.338008
0.328281
0.295828
0.279368
0.255852
0.256894
0.268582
0.268334
0.304906
0.320899
0.332961
0.310733
0.293097
0.254615
0.254491
0.255685
0.262950
0.258661
0.263501
0.282968
0.294693
0.311032
0.318342
0.292629
0.299645
0.291727
0.271997
0.289130
0.311758
0.352138
0.362388
0.357725
0.326016
0.287422
0.274611
0.260785
0.277933
0.327955
0.352031
0.326843
0.320145
0.280464
0.262623
0.275628
0.254524
0.231201
0.231612
0.264853
0.257385
0.327467
0.398663
0.427615
0.443060
0.447199
0.397743
0.365191
0.336974
0.351718
0.332885
0.317643
0.313846
0.288089
0.270349
0.273878
0.295554
0.307361
0.313977
0.325122
0.554473
0.931124
0.842948
0.564644
0.375835
0.310435
0.298455
0.297510
0.297903
0.319247
0.318623
0.320653
0.369821
0.379165
0.377777
0.437158
0.357944
0.335660
0.336689
0.356220
0.360339
0.396936
0.460299
0.466271
0.394187
0.407597
0.381779
0.337011
0.301787
0.264935
0.246425
0.262273
0.266108
0.256090
0.260212
0.244291
0.235166
0.238144
0.245649
0.247636
0.241571
0.248956
0.274440
0.294831
0.328165
0.407401
0.419736
0.387148
0.390418
0.350040
0.360125
0.340103
0.353347
0.373813
0.415763
0.498264
0.518125
0.595835
0.581841
0.535529
0.546443
0.525264
0.484224
0.385068
0.343884
0.289484
0.292361
0.273723
0.255661
0.265372
0.277182
0.270034
0.280146
0.304651
0.341827
0.349185
0.351200
0.363883
0.359001
0.333524
0.312656
0.314692
0.329559
0.298459
0.307012
0.316505
0.312521
0.319870
0.309013
0.286856
0.318952
0.304036
0.301407
0.282779
0.281089
0.271477
0.282611
0.305387
0.336128
0.330645
0.335985
0.335413
0.332811
0.348830
0.352913
0.350279
0.352519
0.312061
0.284631
0.280966
0.269296
0.277092
0.281037
0.332933
0.334502
0.356163
0.357427
0.338835
0.349903
0.364948
0.340100
0.318799
0.278926
0.263768
0.262906
0.244685
0.246396
0.243315
0.268201
0.289596
0.286329
0.289678
0.279506
0.285472
0.275940
0.278350
0.317354
0.323225
0.341222
0.327545
0.297777
0.281888
0.288080
0.288946
0.309490
0.349126
0.357722
0.372127
0.351237
0.331465
0.317682
0.330755
0.322591
0.304823
0.275599
0.264869
0.268809
0.258886
0.260086
0.280091
0.283766
0.270113
0.258505
0.253455
0.256309
0.272707
0.275721
0.279071
0.291699
0.319101
0.324949
0.326875
0.324474
0.299613
0.297693
0.317797
0.347748
0.376869
0.370004
0.348338
0.333872
0.313141
0.281451
0.282775
0.285485
0.280232
0.281654
0.304636
0.331065
0.343885
0.327552
0.340833
0.321580
0.308142
0.302982
0.294958
0.278989
0.274747
0.258664
0.254297
0.253400
0.256304
0.269819
0.286687
0.307054
0.316278
0.344329
0.365399
0.368746
0.353852
0.311039
0.298000
0.279045
0.273158
0.275926
0.297837
0.306720
0.304716
0.317115
0.349116
0.354197
0.343321
0.359639
0.312251
0.304855
0.272727
0.298469
0.297919
0.340827
0.404618
0.486818
0.483167
0.426357
0.398885
0.357599
0.308637
0.278727
0.294659
0.279376
0.285015
0.252623
0.268467
0.287747
0.324156
0.311290
0.318424
0.312889
0.285920
0.282487
0.297417
0.338908
0.366013
0.380069
0.394232
0.398531
0.389740
0.410113
0.393156
0.426418
0.384465
0.344493
0.316214
0.272617
0.260192
0.273330
0.280438
0.302237
0.303404
0.326550
0.320243
0.283083
0.274836
0.282652
0.293819
0.293904
0.301880
0.327116
0.327654
0.333981
0.319449
0.288392
0.248133
0.255372
0.268181
0.286904
0.279393
0.291771
0.287742
0.323686
0.306337
0.336384
0.288089
0.297800
0.344627
0.329287
0.281568
0.319720
0.315493
0.295466
0.269543
0.259359
0.279191
0.318279
0.337783
0.265628
0.393181
0.262225
0.256141
0.279652
0.264923
0.244595
0.186845
0.250202
0.259890
0.415337
0.341636
0.430987
0.263378
0.515981
0.976037
0.936049
0.466910
0.340335
0.276608
0.311447
0.375105
0.431285
0.351585
0.318154
0.330588
0.342509
0.458067
0.564505
0.588340
0.476014
0.411519
0.335127
0.282514
0.313743
0.302959
0.334640
0.328982
0.333812
0.370373
0.283847
0.236182
0.280351
0.291486
0.285969
0.364004
0.453511
0.567715
0.518997
0.444850
0.324994
0.299150
0.298898
0.312577
0.278162
0.300272
0.341055
0.415171
0.359395
0.385262
0.340416
0.377862
0.342240
0.369820
0.335418
0.344138
0.310754
0.321079
0.313039
0.315434
0.304083
0.338346
0.356138
0.349875
0.350543
0.319192
0.282680
0.284387
0.280625
0.286986
0.270087
0.304692
0.314143
0.314090
0.302730
0.311768
0.312071
0.301328
0.273885
0.231114
0.207561
0.226615
0.270378
0.261192
0.245064
0.251111
0.273257
0.339583
0.370962
0.377714
0.387274
0.395572
0.405329
0.405172
0.469594
0.489891
0.516647
0.507778
0.493593
0.402344
0.428369
0.347482
0.347130
0.327958
0.309273
0.385060
0.386880
0.358661
0.347074
0.265071
0.282915
0.267713
0.283981
0.230979
0.262248
0.303574
0.337009
0.343425
0.480279
0.503361
0.533721
0.456718
0.439759
0.338441
0.306480
0.285092
0.284504
0.294026
0.293402
0.293957
0.340072
0.392115
0.446617
0.437579
0.460758
0.427294
0.440682
0.437924
0.457251
0.451320
0.446586
0.364668
0.328997
0.325569
0.332571
0.332144
0.359069
0.353339
0.411927
0.381711
0.377604
0.344770
0.324862
0.293973
0.274494
0.260962
0.271813
0.262863
0.254342
0.264341
0.305901
0.324143
0.348867
0.342401
0.343886
0.349164
0.398485
0.420009
0.389112
0.370925
0.343594
0.294038
0.279367
0.252214
0.240021
0.262052
0.299572
0.305303
0.325632
0.320955
0.343326
0.344883
0.296761
0.278708
0.296366
0.329864
0.369641
0.470971
0.530256
0.534138
0.521234
0.468371
0.409380
0.402529
0.385599
0.351044
0.407713
0.373458
0.397036
0.421193
0.445698
0.424882
0.440486
0.437593
0.475548
0.438815
0.451431
0.435213
0.458105
0.431729
0.407107
0.379744
0.350383
0.339836
0.323851
0.325417
0.301920
0.296229
0.269913
0.246747
0.225745
0.240249
0.229565
0.234564
0.234091
0.225626
0.231002
0.255622
0.289571
0.299485
0.305461
0.301181
0.310930
0.308174
0.323554
0.340749
0.353834
0.364788
0.348807
0.336058
0.343737
0.327465
0.318814
0.285374
0.273727
0.256712
0.287597
0.275057
0.325306
0.347526
0.328987
0.285198
0.283503
0.281158
0.289830
0.299362
0.351074
0.366624
0.371086
0.363977
0.414306
0.424935
0.467544
0.404633
0.372587
0.300418
0.272469
0.269156
0.253714
0.252852
0.232517
0.227322
0.268779
0.314984
0.316586
0.354542
0.390777
0.412285
0.352645
0.352674
0.324649
0.338130
0.331481
0.305396
0.326022
0.320929
0.310723
0.323083
0.290552
0.271859
0.437409
0.881951
0.900335
0.680003
0.478295
0.350287
0.386694
0.443529
0.507572
0.504690
0.506567
0.497944
0.420582
0.348594
0.304811
0.341762
0.364248
0.394488
0.408807
0.382944
0.338000
0.355766
0.366154
0.344404
0.324746
0.376597
0.367100
0.362061
0.308197
0.277040
0.258945
0.284028
0.283183
0.296978
0.336997
0.369321
0.360453
0.307599
0.275683
0.252125
0.258928
0.262148
0.284694
0.321123
0.315864
0.309779
0.282214
0.264921
0.247098
0.242499
0.245049
0.283995
0.318996
0.332661
0.325539
0.348783
0.290018
0.279516
0.270785
0.259611
0.275532
0.299266
0.357719
0.345976
0.366824
0.371076
0.373241
0.358531
0.363069
0.349419
0.346698
0.337752
0.331826
0.315670
0.286470
0.283300
0.291547
0.326776
0.330146
0.345954
0.315064
0.324472
0.308219
0.285584
0.275735
0.273510
0.271813
0.263038
0.273296
0.316615
0.332727
0.344285
0.350992
0.334188
0.307485
0.271060
0.245270
0.245834
0.240135
0.244986
0.257623
0.290878
0.297185
0.293722
0.291891
0.292970
0.285353
0.292107
0.290221
0.318900
0.346312
0.366551
0.361127
0.365457
0.366832
0.451737
0.534894
0.619637
0.526349
0.464641
0.405137
0.362139
0.322566
0.324443
0.391689
0.365616
0.319695
0.313201
0.265641
0.246286
0.250083
0.267465
0.235696
0.265122
0.261033
0.312274
0.385811
0.396452
0.385290
0.373922
0.340939
0.316434
0.319895
0.341484
0.385332
0.480426
0.538793
0.483801
0.450795
0.371229
0.348660
0.355702
0.339808
0.380621
0.475148
0.422183
0.402471
0.382437
0.367483
0.370133
0.344521
0.318353
0.310189
0.294556
0.347065
0.373016
0.380007
0.362408
0.366907
0.333887
0.319367
0.277446
0.268709
0.242752
0.249772
0.247784
0.255117
0.276100
0.279305
0.299816
0.304552
0.339457
0.335212
0.350767
0.333100
0.308378
0.273684
0.226398
0.258417
0.249831
0.255270
0.231543
0.256841
0.269749
0.313717
0.339242
0.340076
0.359304
0.368714
0.377922
0.331881
0.304997
0.287004
0.310643
0.304942
0.320385
0.322642
0.340966
0.311708
0.301435
0.294835
0.330390
0.319794
0.324890
0.300445
0.275382
0.278837
0.266790
0.276748
0.277602
0.298958
0.303079
0.292919
0.256591
0.252982
0.271195
0.289092
0.316999
0.314498
0.316919
0.288111
0.278084
0.278756
0.277969
0.283201
0.289860
0.297467
0.317674
0.285921
0.286164
0.351199
0.315172
0.292502
0.288116
0.292941
0.295152
0.300370
0.270769
0.262266
0.256169
0.283663
0.281001
0.301820
0.319304
0.375609
0.371492
0.440101
0.567324
0.429776
0.335205
0.319829
0.303199
0.380301
0.332132
0.328976
0.314481
0.916462
0.929161
0.651323
0.439544
0.330926
0.375295
0.351183
0.396616
0.311545
0.349924
0.326816
0.343944
0.364540
0.462523
0.401663
0.430487
0.353314
0.351149
0.388612
0.407176
0.429456
0.405939
0.353673
0.275851
0.256860
0.258710
0.261601
0.258308
0.266171
0.278165
0.311531
0.333072
0.333710
0.307094
0.300275
0.313792
0.318306
0.343719
0.361647
0.326364
0.333309
0.333252
0.339454
0.344521
0.358979
0.342483
0.330355
0.298977
0.264622
0.249999
0.250415
0.253637
0.262572
0.281658
0.280508
0.296620
0.294012
0.331704
0.318047
0.299675
0.296264
0.294300
0.288999
0.286356
0.305885
0.340510
0.381360
0.445253
0.441887
0.415487
0.418145
0.411605
0.370559
0.359473
0.349277
0.329487
0.303305
0.279438
0.266880
0.259719
0.273609
0.281724
0.284056
0.294687
0.265551
0.239922
0.251666
0.273954
0.292715
0.271516
0.296457
0.349938
0.363664
0.339366
0.331621
0.300543
0.278261
0.269485
0.275496
0.326800
0.386326
0.413196
0.387171
0.425117
0.405681
0.410514
0.391339
0.333577
0.343961
0.321893
0.315932
0.314156
0.337366
0.322501
0.310747
0.336133
0.358420
0.360579
0.362860
0.355725
0.353808
0.363446
0.356730
0.316029
0.269683
0.255695
0.237315
0.230698
0.228020
0.228390
0.245575
0.289064
0.300889
0.322179
0.323369
0.297824
0.290573
0.290236
0.299594
0.284006
0.292983
0.290388
0.317936
0.378034
0.432103
0.422167
0.446756
0.379894
0.318112
0.325197
0.311191
0.306216
0.323172
0.362873
0.353778
0.350638
0.336904
0.335328
0.341169
0.387306
0.400547
0.454931
0.405733
0.334624
0.315868
0.285629
0.273466
0.271169
0.311051
0.335558
0.351114
0.328544
0.306379
0.266343
0.286267
0.265776
0.244361
0.237650
0.232721
0.247181
0.248672
0.257821
0.232677
0.240606
0.261739
0.288820
0.294654
0.323390
0.348484
0.371180
0.406249
0.441173
0.439819
0.458224
0.464978
0.430931
0.381371
0.337016
0.346381
0.363931
0.510274
0.572624
0.620917
0.595538
0.500535
0.447129
0.417569
0.357121
0.286009
0.291450
0.279049
0.303657
0.282727
0.335464
0.332487
0.323796
0.315414
0.300142
0.306135
0.305338
0.330095
0.334678
0.369487
0.394156
0.451300
0.466438
0.502857
0.492523
0.483468
0.458601
0.434105
0.415032
0.369160
0.365490
0.380491
0.372057
0.362270
0.348142
0.336914
0.332096
0.330939
0.331391
0.350439
0.367497
0.342429
0.330199
0.323053
0.331488
0.313843
0.302639
0.277460
0.264873
0.265997
0.268482
0.292079
0.311700
0.323726
0.316507
0.300564
0.261030
0.260491
0.267291
0.271184
0.269985
0.273286
0.258572
0.271436
0.275217
0.344239
0.341204
0.363993
0.322894
0.314020
0.263920
0.228457
0.242810
0.252463
0.259882
0.249035
0.297844
0.314306
0.359563
0.366136
0.353391
0.350202
0.369781
0.340327
0.319711
0.331022
0.331283
0.363416
0.334039
0.342110
0.307449
0.349617
0.352374
0.360927
0.356250
0.335085
0.295391
0.290416
0.272743
0.265951
0.255716
0.247973
0.255063
0.256769
0.272664
0.288666
0.258995
0.271641
0.279405
0.268068
0.268282
0.303696
0.352619
0.396849
0.391523
0.423375
0.386856
0.405593
0.448009
0.421019
0.474455
0.396747
0.352921
0.350345
0.335077
0.325435
0.368733
0.348796
0.342831
0.324367
0.268401
0.242094
0.222778
0.241619
0.228537
0.223322
0.214293
0.245880
0.286202
0.312963
0.339443
0.346758
0.337193
0.333886
0.307568
0.293585
0.282177
0.270272
0.271493
0.277710
0.289933
0.287282
0.320938
0.398553
0.438340
0.419146
0.414376
0.387730
0.386473
0.396422
0.380127
0.380138
0.363176
0.336322
0.297180
0.267212
0.259488
0.293102
0.300629
0.297334
0.290122
0.279383
0.279649
0.267318
0.260156
0.268320
0.278007
0.281496
0.284981
0.287872
0.293449
0.326366
0.352677
0.410523
0.425131
0.417438
0.379371
0.366092
0.328451
0.327574
0.314164
0.327298
0.301506
0.291437
0.319026
0.308241
0.305449
0.317631
0.317315
0.326714
0.305932
0.306468
0.295901
0.287674
0.277061
0.302967
0.317154
0.324033
0.334881
0.300347
0.277015
0.257067
0.258493
0.273447
0.265276
0.325148
0.334949
0.328727
0.309169
0.272350
0.266750
0.256998
0.269275
0.277089
0.318679
0.328626
0.330727
0.284767
0.267995
0.267327
0.265891
0.277087
0.259252
0.330932
0.378488
0.440551
0.393243
0.373090
0.333012
0.286183
0.289641
0.291754
0.273153
0.277310
0.278957
0.285657
0.277832
0.276521
0.270605
0.321897
0.349775
0.370664
0.355069
0.318824
0.307646
0.293988
0.284359
0.289322
0.309063
0.365798
0.337012
0.331594
0.348051
0.281128
0.306066
0.293683
0.298419
0.288487
0.319122
0.304286
0.361882
0.389289
0.449395
0.382038
0.464292
0.406277
0.413652
0.312738
0.326540
0.335822
0.355246
0.357317
0.378402
0.433105
0.867238
0.921444
0.770243
0.529975
0.432887
0.349831
0.392052
0.356278
0.430175
0.455692
0.572353
0.362906
0.349428
0.355966
0.441608
0.406499
0.384618
0.358663
0.410336
0.319920
0.362519
0.361586
0.364888
0.282991
0.288697
0.305371
0.296201
0.272563
0.316077
0.337355
0.442496
0.336965
0.359839
0.345468
0.313893
0.302060
0.294570
0.312718
0.324161
0.319604
0.299993
0.292708
0.308358
0.334281
0.368662
0.460736
0.503972
0.464837
0.413475
0.386308
0.345845
0.272473
0.283173
0.335694
0.357041
0.323327
0.306132
0.287234
0.256242
0.236211
0.246844
0.278306
0.305007
0.291218
0.290761
0.306382
0.323756
0.322469
0.315787
0.320695
0.328207
0.325290
0.345429
0.353237
0.398199
0.377494
0.362149
0.321091
0.325827
0.311268
0.274226
0.256181
0.254021
0.243325
0.226872
0.239649
0.241092
0.252328
0.297692
0.313698
0.353245
0.381904
0.397620
0.415853
0.402133
0.395049
0.400352
0.379450
0.378826
0.420494
0.463626
0.453185
0.430334
0.369227
0.367876
0.333613
0.307689
0.304028
0.299665
0.300537
0.305084
0.304412
0.313280
0.297373
0.296317
0.296304
0.287777
0.279073
0.285183
0.300588
0.300195
0.324840
0.342878
0.354345
0.333491
0.321797
0.290828
0.290460
0.284063
0.296689
0.282232
0.292974
0.305778
0.341116
0.339306
0.317733
0.283692
0.272217
0.253244
0.250470
0.247268
0.274580
0.308325
0.320179
0.313283
0.320740
0.355041
0.353375
0.353427
0.330160
0.334425
0.299618
0.306470
0.273080
0.267152
0.245699
0.247163
0.251119
0.270194
0.271712
0.262195
0.300526
0.333523
0.346496
0.324103
0.280665
0.283009
0.302108
0.311990
0.344192
0.367437
0.388535
0.382505
0.351651
0.327192
0.335769
0.342017
0.330160
0.320387
0.338629
0.354355
0.363840
0.355675
0.386081
0.403855
0.344488
0.326323
0.295740
0.273333
0.256890
0.245221
0.243099
0.241555
0.261349
0.277203
0.300339
0.329512
0.325456
0.304033
0.289216
0.278869
0.271654
0.302386
0.338635
0.408243
0.455903
0.465122
0.411380
0.377271
0.322443
0.326002
0.359995
0.392042
0.403454
0.402500
0.396834
0.437283
0.466164
0.456513
0.485724
0.445888
0.421837
0.379780
0.405612
0.396155
0.422386
0.445246
0.493018
0.511034
0.726114
0.865404
0.837195
0.692754
0.565023
0.389970
0.361963
0.363150
0.365172
0.372224
0.380360
0.480839
0.554727
0.532146
0.541177
0.518051
0.465197
0.440295
0.410454
0.414663
0.411257
0.411620
0.400376
0.404639
0.388330
0.394199
0.387860
0.323013
0.326218
0.312124
0.301883
0.282842
0.308494
0.290333
0.303531
0.384282
0.432485
0.466062
0.501335
0.411604
0.413109
0.357946
0.352980
0.307756
0.313749
0.342822
0.367018
0.381377
0.377070
0.343981
0.305003
0.318802
0.339632
0.360386
0.329863
0.390673
0.383139
0.394701
0.337545
0.312353
0.284042
0.286094
0.269175
0.290075
0.335863
0.345457
0.342169
0.382710
0.496461
0.440654
0.468631
0.339195
0.385297
0.286617
0.280948
0.276719
0.290921
0.270547
0.265714
0.295723
0.391309
0.388534
0.377549
0.388358
0.344084
0.302441
0.275359
0.294652
0.327453
0.314110
0.305511
0.326449
0.368276
0.446548
0.438771
0.517074
0.436140
0.436221
0.418923
0.458128
0.403174
0.396459
0.368306
0.360161
0.280433
0.224285
0.218631
0.227958
0.233542
0.241521
0.279866
0.284574
0.296122
0.302371
0.284461
0.292390
0.290308
0.331684
0.386480
0.437539
0.451562
0.455906
0.448499
0.411587
0.344105
0.386539
0.446159
0.479924
0.477227
0.454080
0.397805
0.377056
0.355906
0.358590
0.349512
0.380705
0.348609
0.336168
0.310398
0.287177
0.266276
0.248270
0.245417
0.231620
0.238026
0.244895
0.258709
0.276340
0.310369
0.324654
0.340939
0.335566
0.358887
0.344816
0.341612
0.306087
0.298467
0.287652
0.290480
0.281021
0.274934
0.280492
0.330689
0.353727
0.355488
0.357149
0.331032
0.320810
0.312770
0.317278
0.347678
0.383480
0.357826
0.344344
0.312183
0.296773
0.306364
0.315991
0.357809
0.375205
0.345575
0.338651
0.277865
0.270056
0.232990
0.247104
0.268242
0.290079
0.290835
0.262625
0.244218
0.239702
0.242326
0.248154
0.267380
0.278783
0.297740
0.279018
0.289816
0.277055
0.311396
0.299565
0.313309
0.298482
0.264488
0.274773
0.331971
0.354951
0.372164
0.359831
0.371507
0.372578
0.391914
0.390816
0.426783
0.454741
0.442143
0.479301
0.526574
0.457137
0.438545
0.373214
0.491480
0.655323
0.892765
0.880442
0.784832
0.578462
0.559406
0.560258
0.642770
0.489895
0.388026
0.340322
0.367859
0.363969
0.358025
0.381968
0.408870
0.404320
0.454629
0.453643
0.451627
0.442936
0.454263
0.444956
0.446148
0.490786
0.508029
0.458235
0.450319
0.396743
0.382591
0.360391
0.350273
0.352079
0.359100
0.344413
0.339553
0.309275
0.261916
0.228118
0.224041
0.226599
0.223159
0.225484
0.229299
0.244836
0.238095
0.277368
0.264983
0.281844
0.277940
0.306821
0.321191
0.340363
0.369674
0.361036
0.369982
0.342863
0.334812
0.321308
0.311781
0.308048
0.298324
0.291265
0.295593
0.318292
0.384069
0.373744
0.371391
0.331685
0.298398
0.251548
0.263768
0.271986
0.270664
0.250802
0.261146
0.281662
0.315357
0.358492
0.342661
0.340075
0.317063
0.314852
0.261085
0.267515
0.284567
0.278112
0.259011
0.260913
0.261688
0.283726
0.298355
0.324856
0.347248
0.357070
0.340893
0.331561
0.327684
0.301575
0.296513
0.317748
0.339318
0.352753
0.343305
0.306862
0.276980
0.273146
0.290946
0.327697
0.367225
0.386444
0.383057
0.340509
0.311414
0.286761
0.276611
0.271776
0.262986
0.259520
0.302873
0.360275
0.382075
0.343480
0.339883
0.324310
0.309285
0.284092
0.256640
0.262826
0.261518
0.250640
0.241395
0.242295
0.237161
0.242102
0.271908
0.287357
0.310449
0.310497
0.337258
0.347108
0.322762
0.322010
0.388542
0.417541
0.404433
0.399713
0.357845
0.319418
0.291359
0.305904
0.310359
0.331772
0.334215
0.331241
0.338078
0.375486
0.338864
0.353213
0.376414
0.369019
0.376260
0.361516
0.359072
0.315706
0.307830
0.319253
0.306114
0.283165
0.289920
0.291519
0.308276
0.322736
0.369382
0.440587
0.500738
0.474168
0.398195
0.349246
0.307179
0.251359
0.255171
0.265291
0.271542
0.249058
0.282625
0.318972
0.366123
0.346386
0.341211
0.311714
0.321374
0.305555
0.294391
0.305310
0.308768
0.323652
0.316640
0.377852
0.375361
0.389986
0.380878
0.362550
0.335836
0.350599
0.383745
0.425978
0.456800
0.446662
0.457413
0.435526
0.518837
0.508780
0.506182
0.480722
0.489828
0.477356
0.497874
0.442356
0.547838
0.771873
0.888495
0.747506
0.596387
0.446259
0.396401
0.392512
0.446274
0.487279
0.466182
0.570985
0.669517
0.684660
0.686858
0.627011
0.568583
0.446709
0.425937
0.376068
0.390398
