# Predicted Peaks (Indices)
86
87
101
102
198
199
261
262
356
357
391
392
435
436
537
538
557
558
650
651
676
689
710
711
735
736
775
776
794
795
808
824
825
829
845
846
868
874
904
905
906
907
959
1007
1008
1010
1011
1035
1056
1057
1112
1130
1161
1162
1240
1241
1248
1249
1284
1285
1297
1306
1332
1345
1346
1356
1368
1369
1391
1392
1410
1422
1458
1459
1472
1498
1499
1502
1549
1567
1568
1572
1573
1585
1609
1632
1633
1665
1670
1712
1713
1717
1754
1755
1792
1793
1794
1826
1841
1885
1886
1915
1916
1917
1970
1980
1981
1987
2017
2018
2055
2076
2087
2113
2114
2163
2223
2224
2238
2239
2264
2272
2276
2277
2288
2309
2310
2353
2359
2360
2369
2409
2435
2436
2475
2492
2493
2509
2570
2651
2725
2735
2747
2755
2788
2789
2820
2821
2840
2841
2856
2873
2914
2915
2932
2933
2949
2950
2968
2969
2991
2992
3042
3058
3110
3156
3157
3193
3215
3216
3281
3282
3289
3290
3309
3343
3353
3368
3369
3400
3469
3486
3487
3493
