# Predicted Peaks (Indices)
11
12
153
201
210
211
313
314
432
433
435
442
480
481
501
522
523
527
528
607
608
663
664
707
708
756
757
764
765
814
815
826
827
828
838
839
876
877
916
917
932
933
949
997
998
1045
1046
1052
1064
1082
1083
1095
1096
1113
1139
1140
1141
1144
1145
1224
1243
1244
1285
1286
1318
1328
1353
1365
1366
1372
1391
1414
1415
1441
1442
1468
1491
1492
1495
1496
1513
1520
1534
1535
1567
1568
1578
1579
1590
1591
1601
1611
1628
1638
1639
1652
1653
1677
1699
1715
1736
1748
1749
1769
1770
1795
1809
1821
1822
1825
1862
1878
1888
1928
1929
1958
1959
1972
1992
1993
2010
2017
2067
2073
2094
2142
2143
2153
2166
2170
2193
2215
2236
2237
2254
2257
2299
2307
2308
2329
2330
2341
2349
2367
2368
2408
2409
2421
2422
2431
2432
2441
2442
2452
2453
2464
2465
2505
2506
2513
2556
2557
2564
2590
2591
2629
2640
2641
2645
2646
2662
2669
2670
2700
2710
2718
2719
2741
2755
2756
2773
2787
2788
2794
2795
2806
2807
2882
2883
2913
2948
2949
2966
2967
2975
3028
3036
3051
3066
3082
3121
3159
3160
3178
3179
3195
3283
3284
3301
3302
3350
3362
3363
3400
3401
3451
3452
3487
3488
