# Predicted Peaks (Indices)
217
218
300
301
419
420
670
671
723
724
799
800
941
942
945
946
1101
1102
1117
1118
1220
1221
1224
1225
1364
1365
1373
1374
1463
1464
1507
1508
1540
1541
1565
1684
1685
1699
1700
1724
1725
1777
1778
1801
1802
1890
1891
1927
1969
1970
2008
2009
2157
2158
2173
2202
2203
2263
2264
2341
2342
2351
2379
2380
2412
2413
2450
2470
2471
2486
2487
2495
2496
2581
2582
2589
2663
2674
2697
2698
2752
2753
2772
2773
2849
2850
2868
2869
2875
2876
3009
3010
3041
3042
3061
3062
3084
3128
3129
3153
3164
3165
3168
3169
3221
3222
3266
3267
3355
3371
3372
3373
3449
3450
3474
3475
3498
