# Predictions (Probabilities)
0.327870
0.324228
0.328817
0.339202
0.345674
0.403746
0.429543
0.441723
0.368846
0.366527
0.330862
0.322807
0.315038
0.353218
0.366010
0.354708
0.316696
0.308264
0.278948
0.265902
0.258570
0.255415
0.257297
0.259205
0.265914
0.263063
0.273476
0.280034
0.304271
0.312620
0.331828
0.380968
0.416055
0.438168
0.437722
0.423288
0.365312
0.315373
0.302666
0.297891
0.295111
0.288400
0.283892
0.288354
0.289370
0.296160
0.287310
0.292480
0.295788
0.293326
0.288193
0.305440
0.301283
0.296914
0.296706
0.299953
0.297757
0.299418
0.298817
0.303132
0.318356
0.336306
0.342388
0.378045
0.380071
0.374499
0.325858
0.299476
0.280598
0.277979
0.273741
0.275286
0.267897
0.271876
0.269685
0.269682
0.262404
0.269735
0.275074
0.272789
0.273347
0.273937
0.284327
0.276567
0.275778
0.277394
0.279049
0.280962
0.291450
0.294229
0.289386
0.294846
0.326139
0.338596
0.344881
0.439567
0.506274
0.543293
0.485107
0.465529
0.373036
0.313543
0.298950
0.295515
0.281869
0.272356
0.276190
0.277485
0.272830
0.288174
0.268735
0.277180
0.284259
0.287582
0.277588
0.285942
0.297163
0.306472
0.299133
0.300403
0.301224
0.300944
0.305713
0.315191
0.329923
0.320941
0.323466
0.327129
0.323907
0.358345
0.332501
0.306666
0.289899
0.284958
0.266866
0.272086
0.275180
0.276348
0.271755
0.281680
0.283503
0.304848
0.352172
0.361674
0.373412
0.345270
0.331838
0.306617
0.291868
0.283276
0.288350
0.279029
0.284037
0.275343
0.284258
0.279758
0.282150
0.281519
0.288141
0.283651
0.287313
0.294023
0.295492
0.298350
0.293392
0.294715
0.296119
0.303034
0.321871
0.316302
0.306536
0.311153
0.306694
0.302868
0.294095
0.292813
0.303188
0.310920
0.324612
0.311699
0.293942
0.279737
0.266512
0.249217
0.237221
0.243396
0.248311
0.253202
0.249991
0.256513
0.261563
0.285543
0.300131
0.305118
0.331283
0.347584
0.359843
0.356092
0.339348
0.331256
0.320569
0.315684
0.312821
0.309980
0.317811
0.320275
0.363949
0.380575
0.402686
0.364763
0.347181
0.334169
0.349554
0.360601
0.370484
0.388754
0.383000
0.384849
0.354369
0.315567
0.276183
0.250320
0.246418
0.239791
0.229507
0.238592
0.235491
0.243981
0.248453
0.259028
0.264780
0.265572
0.281806
0.300218
0.323125
0.368981
0.422082
0.444647
0.433055
0.413149
0.361770
0.329247
0.307362
0.312113
0.306564
0.250306
0.248961
0.234766
0.258267
0.189308
0.205941
0.218029
0.235143
0.188717
0.229464
0.135733
0.163372
0.082669
0.193183
0.074315
0.220115
0.103351
0.177095
0.089859
0.153677
0.143089
0.209934
0.162873
0.229137
0.285435
0.744225
0.989245
0.809880
0.258387
0.168748
0.174587
0.234953
0.222122
0.208185
0.151445
0.158391
0.108290
0.194623
0.173785
0.226906
0.161226
0.163744
0.181138
0.209900
0.156758
0.141520
0.149120
0.105129
0.162379
0.136043
0.226356
0.197567
0.267398
0.274020
0.333400
0.331324
0.339551
0.340769
0.355009
0.332689
0.314956
0.303545
0.290928
0.288987
0.283500
0.273931
0.263049
0.264008
0.262591
0.266810
0.268626
0.272257
0.268633
0.281735
0.292405
0.306942
0.333292
0.343328
0.359657
0.354904
0.333164
0.322694
0.300846
0.283125
0.271208
0.270895
0.266742
0.269341
0.276133
0.272513
0.276405
0.288837
0.319939
0.361661
0.403847
0.418665
0.416976
0.375446
0.330243
0.321685
0.307235
0.303464
0.299559
0.296292
0.285552
0.289497
0.282954
0.280419
0.282192
0.282772
0.289036
0.286219
0.295418
0.304285
0.298057
0.297148
0.297152
0.293583
0.292621
0.294386
0.300800
0.294821
0.291430
0.289735
0.277030
0.265492
0.256064
0.253290
0.263409
0.273289
0.281173
0.284795
0.334617
0.368934
0.361713
0.380871
0.406325
0.428927
0.441996
0.401698
0.416347
0.474263
0.561488
0.715341
0.775076
0.797883
0.769569
0.734463
0.559026
0.385184
0.324260
0.320771
0.334925
0.328801
0.311142
0.325280
0.326872
0.322770
0.317980
0.320515
0.335544
0.324800
0.329678
0.345232
0.359658
0.350159
0.341531
0.346905
0.331445
0.295002
0.303439
0.298346
0.297283
0.295650
0.327839
0.331084
0.321240
0.295858
0.276439
0.264856
0.261372
0.265020
0.264421
0.260275
0.265730
0.265882
0.268684
0.274005
0.266085
0.272713
0.268264
0.274863
0.281214
0.292790
0.290689
0.299382
0.305125
0.321292
0.352874
0.380809
0.426435
0.422319
0.421234
0.383545
0.357358
0.358984
0.354871
0.366392
0.366134
0.358421
0.355418
0.331483
0.290951
0.269280
0.255181
0.251365
0.257410
0.255704
0.257016
0.265114
0.271517
0.266530
0.268209
0.261499
0.269054
0.279733
0.278715
0.288821
0.299400
0.313520
0.336664
0.374450
0.385385
0.429997
0.424727
0.385145
0.323592
0.301573
0.301986
0.295330
0.299389
0.294633
0.289591
0.286355
0.273837
0.271250
0.275010
0.269129
0.267531
0.263988
0.261323
0.260765
0.256713
0.254974
0.256741
0.255801
0.259063
0.260206
0.269951
0.270096
0.284024
0.282040
0.294747
0.305492
0.317918
0.317921
0.332980
0.334290
0.338675
0.329053
0.320467
0.308525
0.315928
0.312960
0.318051
0.328137
0.308690
0.322866
0.323327
0.364715
0.330332
0.334595
0.320177
0.303788
0.293537
0.296851
0.299878
0.313843
0.356495
0.343641
0.347427
0.342563
0.349883
0.357283
0.370396
0.345428
0.333116
0.302598
0.276951
0.279861
0.266869
0.268649
0.262755
0.261787
0.254499
0.263396
0.272776
0.288853
0.291102
0.280518
0.271647
0.257522
0.262726
0.262757
0.270400
0.274936
0.273250
0.272868
0.267000
0.277523
0.292110
0.331343
0.340621
0.336850
0.308787
0.297749
0.279324
0.287173
0.283051
0.288510
0.288535
0.294130
0.290579
0.292378
0.299157
0.295573
0.303437
0.293605
0.299728
0.302798
0.304512
0.302500
0.310087
0.299522
0.297657
0.285067
0.282848
0.280307
0.284549
0.279589
0.282653
0.286749
0.297731
0.312951
0.343005
0.349757
0.355319
0.344568
0.346815
0.317519
0.367136
0.358355
0.367097
0.321156
0.303931
0.284749
0.275092
0.275835
0.273977
0.277557
0.268369
0.281543
0.271364
0.280928
0.279854
0.323784
0.304249
0.298741
0.273250
0.262509
0.259187
0.266703
0.273281
0.260551
0.262816
0.267791
0.276949
0.273552
0.278717
0.267186
0.283440
0.279409
0.285410
0.290073
0.290933
0.309065
0.303798
0.309322
0.297020
0.303494
0.308760
0.321185
0.308763
0.314180
0.325543
0.338436
0.342413
0.402017
0.432632
0.448824
0.421911
0.391661
0.333409
0.303292
0.308566
0.306046
0.294155
0.285106
0.264935
0.255531
0.244609
0.242931
0.248989
0.249217
0.253876
0.262396
0.271558
0.287708
0.319750
0.344091
0.372179
0.398415
0.411487
0.413187
0.404303
0.343086
0.333188
0.321316
0.307297
0.306728
0.298020
0.292311
0.289974
0.316130
0.340078
0.341406
0.321941
0.297161
0.271092
0.257568
0.261959
0.253728
0.255498
0.252830
0.257079
0.257551
0.276699
0.280154
0.279041
0.285194
0.279166
0.278853
0.281249
0.292150
0.302285
0.323970
0.319362
0.317076
0.313116
0.310671
0.309464
0.319074
0.323135
0.322919
0.316603
0.304149
0.292245
0.277283
0.281381
0.268278
0.266058
0.271999
0.264748
0.256213
0.255123
0.254189
0.262539
0.276506
0.285006
0.299081
0.309286
0.319895
0.349399
0.348772
0.342393
0.312889
0.368653
0.469197
0.426141
0.406868
0.440899
0.306144
0.283108
0.238204
0.279988
0.245566
0.239948
0.174075
0.136859
0.151476
0.197650
0.206602
0.177319
0.187121
0.223842
0.256879
0.267750
0.248274
0.323050
0.333324
0.957556
0.948187
0.486691
0.266102
0.300071
0.224462
0.312119
0.221533
0.259240
0.216468
0.260796
0.223600
0.295971
0.248175
0.264429
0.186443
0.287595
0.240209
0.260307
0.199056
0.269000
0.225182
0.258093
0.211891
0.254951
0.304570
0.303275
0.292484
0.248720
0.285066
0.309975
0.311940
0.318149
0.296707
0.272364
0.258585
0.235258
0.236882
0.238928
0.246531
0.242693
0.246882
0.255516
0.280346
0.290109
0.320168
0.299340
0.294627
0.294525
0.295852
0.299195
0.314534
0.326384
0.353154
0.342021
0.360974
0.358384
0.360397
0.389790
0.411882
0.408237
0.395310
0.358510
0.310996
0.307862
0.292661
0.279014
0.274803
0.267822
0.269400
0.265515
0.258552
0.248933
0.242420
0.234761
0.243864
0.237788
0.240344
0.247063
0.254471
0.266926
0.277505
0.269555
0.277381
0.287795
0.293077
0.307580
0.299404
0.331544
0.327542
0.332471
0.340018
0.372656
0.376671
0.373372
0.329735
0.314414
0.290691
0.288892
0.284760
0.282327
0.274118
0.272827
0.272552
0.271263
0.277894
0.276902
0.281087
0.286442
0.296755
0.301955
0.312014
0.323709
0.337316
0.352512
0.359147
0.351097
0.326495
0.304453
0.280681
0.266983
0.258277
0.254277
0.262237
0.265155
0.263178
0.265030
0.267407
0.288091
0.305829
0.306805
0.337211
0.339654
0.348663
0.350427
0.339737
0.322887
0.320218
0.314740
0.313612
0.309797
0.318247
0.313580
0.319415
0.299560
0.291159
0.281537
0.276261
0.269830
0.273738
0.274121
0.272155
0.282315
0.281634
0.295570
0.292343
0.291064
0.291486
0.295061
0.292360
0.300267
0.295095
0.288322
0.290254
0.284492
0.279143
0.270606
0.280035
0.285149
0.280526
0.270843
0.260071
0.244221
0.251866
0.257293
0.258803
0.257601
0.272241
0.267873
0.286821
0.288905
0.293573
0.299525
0.292718
0.312274
0.318936
0.320377
0.326656
0.331957
0.340742
0.343795
0.320504
0.310226
0.318514
0.336126
0.345990
0.398626
0.315577
0.190066
0.081719
0.198113
0.178236
0.159566
0.137065
0.152659
0.199689
0.221814
0.203381
0.111837
0.198133
0.060931
0.046931
0.120479
0.164526
0.112971
0.173041
0.104313
0.263650
0.248529
0.261257
0.275475
0.286239
0.299387
0.935012
0.992489
0.553195
0.285762
0.243220
0.212876
0.263749
0.310991
0.298638
0.265424
0.257474
0.368967
0.313631
0.265370
0.289122
0.299428
0.197461
0.214376
0.198529
0.286880
0.251145
0.248098
0.279691
0.260667
0.279742
0.299497
0.306039
0.323255
0.289602
0.248652
0.315798
0.292384
0.280143
0.294295
0.308575
0.294854
0.277771
0.282358
0.249377
0.246575
0.242750
0.246424
0.195553
0.162132
0.138440
0.186688
0.202966
0.201187
0.210121
0.192054
0.209307
0.219146
0.186526
0.163137
0.196116
0.134125
0.167384
0.178935
0.172949
0.196025
0.136851
0.167188
0.238848
0.285478
0.259716
0.249193
0.317520
0.337604
0.972896
0.981176
0.501063
0.271341
0.230179
0.227863
0.269259
0.303218
0.260583
0.253070
0.263326
0.274060
0.255276
0.216303
0.231246
0.211417
0.186442
0.200184
0.199835
0.182788
0.207413
0.234885
0.193661
0.206283
0.214170
0.234725
0.240864
0.358643
0.348126
0.359330
0.381526
0.341313
0.283553
0.287378
0.268642
0.271706
0.259052
0.254858
0.254466
0.243729
0.266804
0.268708
0.282258
0.295789
0.311414
0.311267
0.376051
0.423418
0.444627
0.431613
0.404067
0.360258
0.353032
0.355633
0.361144
0.380057
0.366510
0.368320
0.333084
0.302000
0.272812
0.250536
0.249468
0.235034
0.232554
0.238155
0.244110
0.245404
0.240933
0.259368
0.275469
0.296248
0.310613
0.350634
0.352742
0.403962
0.456810
0.487262
0.460489
0.423468
0.339654
0.300639
0.304551
0.303788
0.305709
0.289159
0.294209
0.300248
0.298715
0.322144
0.334049
0.333351
0.313841
0.295852
0.268320
0.278290
0.273688
0.282663
0.270820
0.268609
0.273214
0.301234
0.314783
0.319126
0.306433
0.304191
0.305007
0.305018
0.305639
0.311579
0.312800
0.323261
0.356334
0.348337
0.339781
0.322955
0.299634
0.280439
0.272194
0.276571
0.271520
0.272282
0.271162
0.274589
0.267169
0.270987
0.271268
0.265033
0.260524
0.265796
0.265896
0.264720
0.270077
0.269031
0.278268
0.274892
0.278855
0.281575
0.286235
0.290745
0.298882
0.299065
0.303940
0.314359
0.321581
0.331259
0.316013
0.316387
0.313429
0.338760
0.336407
0.352086
0.335884
0.321059
0.308616
0.301838
0.302195
0.322790
0.362112
0.358333
0.343508
0.310715
0.271807
0.263158
0.258474
0.252535
0.256346
0.256082
0.257367
0.258186
0.264573
0.274585
0.279732
0.279255
0.279161
0.277917
0.285477
0.284497
0.287090
0.291702
0.290945
0.290564
0.293169
0.295265
0.299608
0.287908
0.288888
0.277885
0.273285
0.277279
0.283553
0.287589
0.285665
0.296917
0.301124
0.307456
0.321439
0.326761
0.315473
0.316402
0.330437
0.318878
0.308062
0.310941
0.314130
0.315748
0.349359
0.378058
0.383647
0.344741
0.308338
0.262015
0.255050
0.247580
0.250931
0.253049
0.250562
0.245257
0.245771
0.258505
0.265721
0.291343
0.299584
0.298977
0.276791
0.292455
0.283922
0.301174
0.286550
0.294592
0.271821
0.265192
0.290302
0.282736
0.324238
0.305809
0.286337
0.225290
0.252760
0.266777
0.299525
0.227437
0.263636
0.298634
0.286741
0.278288
0.301986
0.447283
0.861352
0.924995
0.694382
0.351409
0.285283
0.268384
0.303128
0.290186
0.277207
0.270543
0.270707
0.246814
0.259852
0.254717
0.279770
0.248354
0.271012
0.301137
0.357476
0.382974
0.383324
0.389154
0.390691
0.372605
0.334129
0.381092
0.375523
0.350827
0.349406
0.300853
0.267010
0.270408
0.254176
0.238990
0.229766
0.235773
0.241056
0.251519
0.277427
0.275044
0.272003
0.259405
0.270630
0.268947
0.267439
0.279248
0.290193
0.296496
0.292250
0.285910
0.284603
0.288386
0.284529
0.292283
0.296526
0.297897
0.299127
0.304827
0.310218
0.307770
0.321893
0.327389
0.333600
0.319023
0.325951
0.317343
0.313013
0.302379
0.299594
0.287799
0.292957
0.295653
0.298821
0.286185
0.288292
0.285933
0.290304
0.308588
0.331840
0.368965
0.360905
0.364413
0.331970
0.309399
0.311196
0.311036
0.295211
0.289434
0.290476
0.317475
0.337188
0.360160
0.341359
0.326660
0.286322
0.262869
0.233072
0.226433
0.242177
0.253166
0.255716
0.246727
0.245037
0.260618
0.291334
0.316914
0.357997
0.365538
0.407321
0.416001
0.382892
0.341129
0.318682
0.317891
0.307069
0.316436
0.314664
0.315184
0.311012
0.304591
0.295496
0.295143
0.306539
0.327277
0.334255
0.317559
0.308141
0.277012
0.267171
0.257967
0.252371
0.252483
0.254612
0.255395
0.251226
0.250360
0.260812
0.272099
0.296237
0.295715
0.309132
0.307719
0.308504
0.318623
0.331571
0.338664
0.375424
0.338410
0.359926
0.326143
0.316865
0.279496
0.272209
0.280314
0.294873
0.291671
0.339670
0.310917
0.329077
0.256677
0.288624
0.215388
0.207625
0.237103
0.260737
0.240455
0.306642
0.440440
0.708991
0.898237
0.877483
0.534099
0.371628
0.296370
0.279648
0.321815
0.308462
0.301923
0.309977
0.345172
0.308479
0.272544
0.306094
0.347640
0.338012
0.325704
0.340934
0.359917
0.351002
0.325752
0.308299
0.308382
0.299871
0.273359
0.283231
0.283428
0.286240
0.270860
0.255958
0.241015
0.229939
0.228093
0.237240
0.248444
0.267362
0.266113
0.272931
0.268462
0.283451
0.287039
0.298085
0.326501
0.369333
0.400714
0.421107
0.404799
0.383179
0.358015
0.360652
0.370162
0.408274
0.552085
0.563447
0.599851
0.588110
0.506232
0.354953
0.341747
0.323014
0.310646
0.317602
0.289588
0.290642
0.278649
0.270123
0.261803
0.263150
0.268674
0.273070
0.265496
0.256382
0.271757
0.263324
0.268922
0.271406
0.271165
0.265304
0.272141
0.279030
0.290418
0.324140
0.338890
0.357652
0.343616
0.319897
0.298221
0.293198
0.284677
0.290911
0.284048
0.285048
0.282868
0.274878
0.272869
0.271798
0.267113
0.276652
0.281206
0.271242
0.271859
0.286020
0.293403
0.307648
0.334212
0.330210
0.327264
0.301010
0.294796
0.284366
0.281924
0.279425
0.283725
0.278036
0.272403
0.278198
0.284246
0.282515
0.284719
0.291787
0.313552
0.320135
0.329188
0.342707
0.379592
0.382399
0.433998
0.436474
0.443567
0.411991
0.379504
0.312879
0.283993
0.275808
0.270038
0.274296
0.261153
0.248121
0.241496
0.244338
0.253030
0.255906
0.261268
0.261280
0.276739
0.282563
0.314243
0.366780
0.412776
0.449083
0.445109
0.443986
0.429112
0.399363
0.374879
0.412514
0.448742
0.429661
0.405714
0.355991
0.307662
0.287166
0.287410
0.284651
0.291353
0.284777
0.285325
0.284161
0.294802
0.281144
0.301706
0.311010
0.330591
0.325436
0.301369
0.279699
0.251342
0.252354
0.235988
0.247061
0.245936
0.252159
0.249986
0.255784
0.259931
0.269742
0.293688
0.299937
0.299383
0.307756
0.330951
0.333205
0.328123
0.321158
0.313079
0.302118
0.296730
0.294719
0.282840
0.275510
0.275345
0.277026
0.283748
0.286323
0.289053
0.292282
0.294604
0.293660
0.296807
0.296190
0.300412
0.302591
0.308568
0.316745
0.318096
0.316858
0.307170
0.295720
0.284189
0.291063
0.287350
0.288811
0.286451
0.285028
0.279028
0.270491
0.284431
0.290604
0.293610
0.319130
0.325876
0.324694
0.325224
0.328630
0.364910
0.364348
0.294741
0.287034
0.262702
0.219700
0.215889
0.247747
0.240455
0.246529
0.223165
0.239142
0.213098
0.237954
0.253226
0.249026
0.244369
0.258020
0.288408
0.302983
0.300855
0.326026
0.516161
0.903039
0.904385
0.548833
0.326324
0.283900
0.329126
0.356320
0.319351
0.311567
0.321921
0.286113
0.267089
0.244069
0.243780
0.247905
0.244773
0.252621
0.261964
0.263200
0.260165
0.294285
0.318770
0.298181
0.348655
0.392032
0.428239
0.417170
0.435293
0.346526
0.335977
0.333533
0.326506
0.317645
0.323011
0.298690
0.300619
0.276396
0.272917
0.266321
0.260572
0.261290
0.267233
0.272020
0.265475
0.274513
0.257859
0.262232
0.256000
0.263642
0.259201
0.271337
0.275731
0.282065
0.306936
0.309349
0.325369
0.346856
0.382332
0.381951
0.374772
0.329283
0.314207
0.309698
0.300324
0.309325
0.296752
0.295128
0.291060
0.306608
0.330479
0.350290
0.348875
0.328513
0.305118
0.294528
0.283077
0.270764
0.279068
0.280794
0.293460
0.266038
0.266485
0.257886
0.250076
0.260423
0.260019
0.259224
0.260351
0.273100
0.273228
0.292794
0.307310
0.299219
0.309536
0.311757
0.320017
0.309469
0.323104
0.340146
0.368809
0.393116
0.426142
0.375403
0.368080
0.310635
0.294904
0.294360
0.287148
0.292537
0.294441
0.292749
0.275213
0.263424
0.250802
0.250853
0.247311
0.244477
0.244194
0.246898
0.225522
0.244309
0.241751
0.232901
0.259063
0.257277
0.270010
0.294642
0.368224
0.339920
0.380294
0.337194
0.347471
0.321488
0.327380
0.335353
0.281898
0.232660
0.271073
0.296011
0.302816
0.269935
0.291715
0.373940
0.970950
0.956954
0.418934
0.389714
0.307616
0.375398
0.366217
0.409938
0.333048
0.336372
0.321444
0.281224
0.228168
0.211757
0.237545
0.235365
0.224690
0.234570
0.241056
0.300471
0.331431
0.332172
0.315042
0.300073
0.327048
0.315092
0.278090
0.291333
0.315273
0.319963
0.402964
0.383190
0.393906
0.377132
0.344837
0.310211
0.296681
0.337409
0.338539
0.348421
0.340025
0.314045
0.250004
0.239989
0.230096
0.225964
0.235899
0.240317
0.242090
0.240851
0.263040
0.275151
0.314237
0.325892
0.358561
0.354221
0.367913
0.369366
0.381199
0.366928
0.358355
0.314269
0.317035
0.306968
0.302027
0.296570
0.279632
0.267271
0.265414
0.271785
0.274285
0.277608
0.279756
0.283056
0.287015
0.299282
0.311144
0.336228
0.334797
0.334039
0.307904
0.290258
0.275344
0.280034
0.279923
0.275801
0.274625
0.276103
0.275943
0.278232
0.280766
0.282598
0.283549
0.285860
0.286592
0.299010
0.308991
0.324208
0.347668
0.356933
0.363952
0.350864
0.316186
0.285413
0.266041
0.263006
0.271021
0.266304
0.270891
0.268316
0.279577
0.279730
0.285924
0.287612
0.286822
0.295108
0.323368
0.316006
0.305042
0.304659
0.298167
0.300071
0.286777
0.284290
0.286891
0.293075
0.292333
0.294455
0.299559
0.305887
0.308471
0.315837
0.326372
0.355974
0.361728
0.367346
0.370291
0.356352
0.347698
0.330453
0.311467
0.295480
0.290851
0.269908
0.257031
0.250451
0.249153
0.245562
0.245978
0.249422
0.248905
0.252522
0.254318
0.262432
0.274937
0.282568
0.287951
0.291292
0.291486
0.303711
0.311672
0.313627
0.320132
0.346846
0.361212
0.373158
0.370609
0.353728
0.365940
0.337987
0.324479
0.306068
0.300168
0.297015
0.299063
0.305720
0.302224
0.289667
0.272380
0.247208
0.234038
0.228492
0.231642
0.246594
0.248018
0.249468
0.255249
0.272960
0.282352
0.292348
0.314181
0.318411
0.333536
0.365152
0.357038
0.395590
0.435399
0.389055
0.379028
0.358668
0.355744
0.350319
0.332052
0.384552
0.333530
0.296804
0.279670
0.251575
0.265752
0.270288
0.291741
0.270549
0.263213
0.223230
0.233508
0.219660
0.221947
0.295493
0.244112
0.272236
0.289467
0.323183
0.320023
0.308506
0.364349
0.791083
0.965847
0.811966
0.402851
0.361049
0.343379
0.350897
0.323845
0.356466
0.272175
0.312261
0.330931
0.343405
0.352993
0.429756
0.405155
0.415213
0.390384
0.400623
0.319300
0.326926
0.317623
0.276848
0.233450
0.230039
0.263501
0.251986
0.228659
0.248214
0.254084
0.298814
0.323661
0.336937
0.317569
0.309107
0.295437
0.300175
0.308051
0.307575
0.287348
0.274455
0.273895
0.277679
0.274878
0.262779
0.266220
0.273391
0.283268
0.284635
0.299079
0.298301
0.326156
0.317009
0.313834
0.305616
0.313741
0.310455
0.325499
0.365437
0.385577
0.395019
0.356375
0.314193
0.273880
0.275005
0.259239
0.260050
0.265204
0.265706
0.260022
0.262582
0.271873
0.266580
0.277768
0.287181
0.295187
0.302762
0.306278
0.316715
0.341711
0.322013
0.339745
0.353184
0.354963
0.361261
0.350286
0.324035
0.312970
0.303847
0.286582
0.276229
0.268223
0.262260
0.263694
0.259932
0.254010
0.254972
0.262333
0.265051
0.275353
0.272295
0.266757
0.264544
0.263188
0.299518
0.308900
0.312216
0.319368
0.319508
0.322825
0.331099
0.338948
0.341726
0.413138
0.466547
0.463757
0.429834
0.445845
0.371014
0.364179
0.317244
0.318598
0.303522
0.411340
0.336353
0.365502
0.360370
0.575450
0.786587
0.902878
0.814363
0.627288
0.469470
0.358780
0.350526
0.344551
0.352837
0.340050
0.336844
0.361645
0.381316
0.374505
0.414183
0.432945
0.406362
0.381352
0.368433
0.399684
0.388718
0.393047
0.387084
0.414969
0.422493
0.415849
0.340324
0.339900
0.327847
0.295485
0.264353
0.253842
0.238053
0.224893
0.231341
0.238163
0.249724
0.265691
0.269843
0.274336
0.283472
0.298924
0.302704
0.316648
0.301239
0.296490
0.301663
0.295452
0.301208
0.314417
0.331528
0.370169
0.356132
0.323118
0.324907
0.356096
0.345808
0.355037
0.326907
0.298067
0.295921
0.286195
0.287771
0.278287
0.280739
0.282365
0.285598
0.279843
0.292017
0.297261
0.303561
0.303316
0.304262
0.295536
0.279949
0.289465
0.284117
0.282627
0.279251
0.277875
0.270348
0.267901
0.277160
0.286520
0.288666
0.310977
0.291935
0.291988
0.280913
0.287079
0.289512
0.285367
0.288762
0.296482
0.294394
0.290343
0.296381
0.317109
0.310673
0.303232
0.308694
0.306688
0.312667
0.310305
0.319126
0.315646
0.313726
0.312488
0.306977
0.303955
0.295401
0.298024
0.291796
0.286034
0.286773
0.284401
0.275889
0.276671
0.263896
0.253378
0.246251
0.246129
0.250574
0.258172
0.260670
0.257800
0.273562
0.299214
0.318679
0.334642
0.367278
0.385846
0.390729
0.359169
0.346457
0.317969
0.317545
0.310116
0.315717
0.323244
0.352341
0.358345
0.326667
0.310079
0.287782
0.287949
0.286554
0.293390
0.295403
0.303956
0.300449
0.305121
0.308673
0.313141
0.322449
0.343948
0.345020
0.351909
0.323949
0.308097
0.295535
0.299544
0.289622
0.283777
0.281098
0.286388
0.286764
0.274815
0.272151
0.260348
0.268253
0.270983
0.267519
0.260938
0.265155
0.265420
0.279903
0.273820
0.281254
0.277420
0.274271
0.277647
0.270450
0.297208
0.300128
0.306180
0.306097
0.274571
0.291222
0.298289
0.281561
0.267952
0.287757
0.291206
0.311118
0.317961
0.359435
0.357121
0.355971
0.327942
0.276385
0.259840
0.304955
0.309303
0.285227
0.316278
0.443059
0.710054
0.873236
0.867290
0.573335
0.388464
0.316313
0.313334
0.299228
0.294751
0.301679
0.307714
0.317842
0.317145
0.292632
0.290929
0.307149
0.302076
0.300108
0.317606
0.365609
0.387480
0.376034
0.384987
0.323438
0.322337
0.281135
0.314152
0.325650
0.336725
0.313135
0.312372
0.303376
0.314669
0.346141
0.350279
0.363908
0.326576
0.319698
0.307277
0.298549
0.304285
0.309602
0.307355
0.329902
0.354678
0.356296
0.332759
0.289963
0.276930
0.270594
0.263455
0.251336
0.244822
0.243247
0.240235
0.241387
0.236039
0.243825
0.247949
0.258817
0.265763
0.279436
0.304390
0.313341
0.335390
0.348164
0.335016
0.333915
0.344175
0.351108
0.350082
0.359591
0.425430
0.431129
0.423731
0.375286
0.324686
0.281122
0.278093
0.278648
0.275083
0.261702
0.257910
0.264345
0.261873
0.300531
0.271647
0.279167
0.255167
0.278512
0.256322
0.269595
0.273865
0.291008
0.298622
0.283327
0.266731
0.292339
0.275002
0.274244
0.285669
0.284942
0.285169
0.304410
0.316709
0.312704
0.335212
0.352794
0.355235
0.351710
0.383532
0.382766
0.335923
0.289455
0.312160
0.318977
0.297861
0.323853
0.353718
0.768774
0.940229
0.802872
0.409712
0.467857
0.375689
0.334204
0.307874
0.313184
0.306503
0.312448
0.329458
0.414722
0.397090
0.434900
0.378222
0.350950
0.337056
0.288855
0.220120
0.304329
0.323373
0.270812
0.229580
0.269882
0.296793
0.277633
0.295134
0.266106
0.287016
0.276838
0.336624
0.320726
0.322613
0.356726
0.341077
0.336838
0.349143
0.370113
0.865361
0.949462
0.804600
0.460606
0.466501
0.422388
0.386397
0.335856
0.303791
0.307711
0.343213
0.332813
0.317644
0.294416
0.318635
0.286489
0.309193
0.329008
0.378606
0.370666
0.463815
0.488377
0.385434
0.324367
0.292276
0.337556
0.312482
0.320784
0.325328
0.310963
0.279181
0.276397
0.276860
0.274661
0.263395
0.252276
0.249570
0.238727
0.242742
0.252366
0.264700
0.250954
0.257528
0.250052
0.257728
0.260335
0.271004
0.277462
0.289243
0.297385
0.305242
0.335800
0.338948
0.337199
0.347287
0.362827
0.364653
0.359846
0.397922
0.432565
0.468894
0.573083
0.644426
0.692682
0.682202
0.667943
0.612775
0.542924
0.428986
0.329598
0.294178
0.291423
0.281480
0.263547
0.267151
0.269914
0.262707
0.288896
0.305040
0.288100
0.273544
0.271867
0.285370
0.292529
0.301160
0.295008
0.298398
0.299660
0.313219
0.316984
0.347759
0.393154
0.425960
0.451945
0.396024
0.355766
0.294779
0.298192
0.277908
0.279280
0.274010
0.287789
0.280792
0.283784
0.292457
0.301304
0.333432
0.372959
0.416256
0.411270
0.403653
0.362344
0.322674
0.273769
0.260470
0.249382
0.255325
0.257494
0.251868
0.249149
0.242453
0.253571
0.262441
0.264850
0.272181
0.282988
0.280047
0.299777
0.306110
0.306833
0.328273
0.348378
0.365962
0.351819
0.353433
0.344450
0.341784
0.347771
0.341343
0.386909
0.443385
0.415222
0.421344
0.401852
0.364171
0.329028
0.343127
0.319232
0.305775
0.345050
0.369473
0.411615
0.415611
0.456212
0.779993
0.830806
0.819528
0.759026
0.541692
0.387888
0.318900
0.306799
0.348403
0.313272
0.302281
0.310596
0.336472
0.333658
0.341283
0.359699
0.441347
0.416896
0.413410
0.416796
0.437089
0.432280
0.428824
0.474983
0.450391
0.428607
0.373103
0.344921
0.328272
0.323907
0.293590
0.274107
0.247265
0.257052
0.265878
0.269286
0.283120
0.298508
0.320989
0.335923
0.348014
0.350955
0.342597
0.316824
0.308840
0.294157
0.278336
0.279226
0.276389
0.274014
0.267894
0.272097
0.274203
0.280908
0.287621
0.277464
0.281481
0.277653
0.273179
0.283868
0.288740
0.287440
0.291129
0.305468
0.317031
0.364333
0.379465
0.409333
0.403880
0.397992
0.340929
0.305495
0.283153
0.285533
0.285872
0.282524
0.273849
0.269944
0.273108
0.274413
0.277819
0.280912
0.282453
0.282838
0.275587
0.270028
0.270970
0.264134
0.269093
0.271493
0.278421
0.280781
0.283142
0.284372
0.281676
0.299178
0.295190
0.312702
0.330447
0.349806
0.357415
0.388852
0.383817
0.359621
0.360194
0.473964
0.520406
0.508841
0.486954
0.486601
0.511380
0.442071
0.442436
0.794639
0.809034
0.795895
0.787741
0.679077
0.412201
0.343079
0.294451
0.329365
0.333988
0.342034
0.305059
0.327609
0.341219
0.342940
0.382589
0.475207
0.465226
0.433668
0.405054
0.416346
0.381358
0.340644
0.324246
0.350207
0.344561
0.354053
0.325451
0.340789
0.340661
0.294137
0.277365
0.263281
0.270745
0.270101
0.272776
0.270510
0.273531
0.274223
0.267652
0.268071
0.269874
0.276568
0.270512
0.268963
0.265501
0.267278
0.278810
0.277509
0.275859
0.283228
0.304652
0.318137
0.338169
0.356765
0.356583
0.352189
0.373520
0.373973
0.381552
0.419119
0.440793
0.425782
0.418426
0.372274
0.320364
0.314839
0.303865
0.288621
0.283251
0.274703
0.273080
0.269157
0.272269
0.274229
0.272808
0.267504
0.260741
0.251668
0.253691
0.260020
0.266409
0.270029
0.279064
0.285924
0.293839
0.314236
0.307919
0.340004
0.340601
0.378407
0.382254
0.412675
0.376664
0.352840
0.315869
0.289547
0.278195
0.278716
0.285792
0.291782
0.288188
0.281092
0.287517
0.299035
0.312728
0.369660
0.389664
0.410239
0.379860
0.363062
0.301646
0.294423
0.291798
0.274782
0.277927
0.267733
0.261183
0.254033
0.253138
0.251157
0.251495
0.253570
0.257308
0.266583
0.274289
0.294214
0.287232
0.293492
0.293320
0.308654
0.315824
0.359221
0.377097
0.378237
0.369752
0.343898
0.322439
0.311367
0.301762
0.292492
0.281585
0.271752
0.263555
0.262663
0.259931
0.261485
0.258345
0.255586
0.252350
0.261273
0.272603
0.288060
0.285603
0.287333
0.286683
0.284965
0.286023
0.282949
0.296003
0.313972
0.325682
0.301276
0.325184
0.325613
0.350669
0.384616
0.468356
0.432909
0.504791
0.381655
0.373637
0.337360
0.341592
0.340705
0.376960
0.332386
0.367232
0.354971
0.451990
0.324009
0.338559
0.344689
0.541284
0.767590
0.921038
0.804608
0.543266
0.468671
0.335352
0.379653
0.356297
0.331256
0.320715
0.361719
0.372377
0.339174
0.304410
0.308143
0.350430
0.343897
0.312780
0.321930
0.347765
0.322995
0.321389
0.309738
0.317787
0.313938
0.324252
0.321820
0.334870
0.351693
0.348441
0.326811
0.325317
0.314355
0.313243
0.345787
0.375782
0.390679
0.384888
0.404031
0.345502
0.328751
0.341220
0.329513
0.325555
0.320204
0.303654
0.291073
0.294935
0.295471
0.296672
0.291343
0.307272
0.348770
0.366235
0.435104
0.441181
0.428519
0.392428
0.397733
0.355022
0.297943
0.261987
0.260741
0.253759
0.246438
0.238210
0.238130
0.237188
0.231081
0.238006
0.242334
0.253213
0.251927
0.256925
0.278609
0.281275
0.284560
0.281956
0.275808
0.299987
0.319444
0.333609
0.336442
0.347765
0.365763
0.374830
0.336245
0.321088
0.316544
0.303071
0.395770
0.388864
0.382902
0.370458
0.348772
0.306390
0.298546
0.281816
0.294446
0.292276
0.304835
0.308582
0.306142
0.378658
0.382394
0.382006
0.447670
0.566523
0.840998
0.930256
0.826788
0.584204
0.493340
0.383940
0.403187
0.367675
0.343811
0.407310
0.512665
0.503185
0.583292
0.413375
0.372956
0.332811
0.323746
0.317244
0.355127
0.381601
0.399152
0.396157
0.398597
0.382957
0.355564
0.375568
0.386921
0.362593
0.344777
0.342166
0.339082
0.333673
0.320907
0.321596
0.308866
0.307873
0.302556
0.261904
0.253864
0.235042
0.239677
0.227582
0.230430
0.235252
0.253481
0.269903
0.275718
0.273121
0.291167
0.292625
0.317219
0.327984
0.346391
0.351699
0.418042
0.445792
0.474198
0.453124
0.415425
0.333201
0.295634
0.290575
0.296013
0.297869
0.289454
0.290985
0.291894
0.305927
0.323415
0.299598
0.295491
0.298700
0.306091
0.302598
0.299018
0.294781
0.299272
0.309227
0.338574
0.349645
0.365767
0.350198
0.319364
0.291384
0.291927
0.303387
0.335727
0.359023
0.344098
0.301631
0.273841
0.239347
0.243143
0.234684
0.255992
0.247702
0.257541
0.256665
0.263338
0.268043
0.277117
0.303865
0.308764
0.341355
0.355796
0.366609
0.340848
0.348666
0.338656
0.353284
0.351663
0.404331
0.414044
0.426615
0.397488
0.358919
0.284861
0.268292
0.260543
0.273332
0.259835
0.257450
0.265505
0.272842
0.276012
0.276966
0.295423
0.292071
0.324641
0.335286
0.364652
0.368436
0.371437
0.374768
0.344482
0.309438
0.288341
0.285017
0.272525
0.272260
0.276020
0.274539
0.261568
0.257450
0.239250
0.243706
0.247107
0.239753
0.242921
0.254223
0.261813
0.275025
0.283103
0.293418
0.303120
0.306187
0.317608
0.335794
0.342707
0.400568
0.490945
0.474272
0.443430
0.381162
0.374720
0.361880
0.356453
0.365934
0.389931
0.418004
0.493396
0.456330
0.406146
0.411845
0.521795
0.341586
0.353819
0.369807
0.607391
0.822437
0.934247
0.762159
0.524633
0.522529
0.354259
0.394870
0.344965
0.311457
0.292875
0.316855
0.329262
0.302260
0.289539
0.301536
0.338053
0.314293
0.299203
0.315528
0.342644
0.342194
0.330433
0.339945
0.331922
0.342470
0.344705
0.342781
0.343707
0.366018
0.351466
0.347370
0.350699
0.333948
0.312964
0.308509
0.294062
0.296184
0.293347
0.293737
0.295986
0.313555
0.299104
0.296405
0.290236
0.282647
0.276708
0.273168
0.277768
0.280657
0.287462
0.286615
0.287330
0.282041
0.281527
0.282171
0.283385
0.287278
0.292180
0.297736
0.291216
0.288576
0.284866
0.292259
0.308913
0.335633
0.336257
0.313100
0.299018
0.276617
0.282972
0.284520
0.291904
0.284506
0.290156
0.293716
0.303143
0.345408
0.359011
0.364291
0.343136
0.328133
0.298818
0.294982
0.292079
0.319821
0.313261
0.292916
0.293336
0.293760
0.311487
0.298930
0.300963
0.320894
0.328749
0.341682
0.332337
0.340809
0.356149
0.369999
0.365065
0.356914
0.380145
0.476505
0.475256
0.661311
0.805928
0.842848
0.828568
0.754111
0.701073
0.422189
0.372529
0.356206
0.338868
0.354225
0.337200
0.321474
0.317970
0.326453
0.323536
0.324088
0.330358
0.334363
0.328882
0.350661
0.359563
0.357995
0.347031
0.346156
0.345771
0.314481
0.328769
0.339852
0.361570
0.342083
0.299405
0.289956
0.277139
0.276687
0.275821
0.283931
0.269905
0.281376
0.282072
0.301084
0.314157
0.329158
0.340740
0.316558
0.311027
0.308221
0.294229
0.314538
0.324123
0.327806
0.314201
0.324895
0.337027
0.369563
0.415509
0.503501
0.524545
0.511122
0.448884
0.394604
0.391345
0.356828
0.352073
0.319066
0.296863
0.277868
0.266070
