# Predictions (Probabilities)
0.606226
0.582030
0.556968
0.474749
0.363561
0.324658
0.307590
0.317436
0.314641
0.303063
0.302878
0.325011
0.370453
0.382964
0.400960
0.391014
0.376288
0.350080
0.331686
0.327917
0.316105
0.313859
0.291519
0.280823
0.272847
0.277653
0.274234
0.303480
0.310397
0.317760
0.296546
0.291828
0.291202
0.281682
0.282837
0.280184
0.288643
0.303414
0.331705
0.343575
0.362107
0.356122
0.349723
0.312436
0.326879
0.361896
0.374458
0.374145
0.332700
0.295668
0.286988
0.273164
0.266566
0.260443
0.268804
0.280473
0.312528
0.333791
0.328826
0.314058
0.292907
0.294537
0.283234
0.286879
0.326201
0.341448
0.336955
0.330488
0.294078
0.267801
0.274884
0.271935
0.269579
0.264765
0.270921
0.266425
0.270463
0.271419
0.260999
0.255120
0.255748
0.265376
0.270134
0.300060
0.310342
0.321061
0.299766
0.309373
0.298529
0.317704
0.332879
0.367483
0.370862
0.323908
0.309357
0.312191
0.298483
0.292816
0.315530
0.327020
0.327864
0.326961
0.322505
0.299352
0.292279
0.296063
0.286962
0.285842
0.278958
0.302438
0.296008
0.299178
0.293097
0.284675
0.276487
0.287055
0.302049
0.346783
0.364866
0.358473
0.346118
0.299398
0.274004
0.261767
0.267147
0.272181
0.267052
0.265415
0.266010
0.286453
0.307217
0.311558
0.296491
0.271219
0.260946
0.249535
0.253996
0.260448
0.267948
0.266606
0.269810
0.263815
0.276584
0.280689
0.286811
0.289289
0.293398
0.302975
0.315573
0.323482
0.328874
0.364220
0.402579
0.428254
0.432047
0.427432
0.406564
0.336637
0.300794
0.278527
0.275993
0.280918
0.269903
0.264134
0.262515
0.271410
0.278193
0.289661
0.299130
0.310079
0.308895
0.306037
0.296985
0.301977
0.310957
0.315538
0.310149
0.313437
0.319906
0.329821
0.356842
0.429694
0.457423
0.496722
0.459898
0.428961
0.350489
0.312050
0.310248
0.297211
0.285934
0.273541
0.267234
0.259344
0.283001
0.277232
0.266753
0.261673
0.255871
0.244071
0.231253
0.245597
0.255519
0.263940
0.266669
0.262826
0.251841
0.265814
0.276226
0.291669
0.296619
0.300547
0.316442
0.317369
0.314096
0.322157
0.361068
0.401017
0.387984
0.378884
0.347843
0.320021
0.315043
0.325636
0.328142
0.379331
0.356142
0.338004
0.320312
0.325042
0.328252
0.342367
0.369427
0.362663
0.372361
0.362445
0.335411
0.296595
0.296188
0.307809
0.323739
0.331604
0.335101
0.333968
0.309203
0.287265
0.278319
0.270412
0.266739
0.267218
0.254034
0.285452
0.300748
0.316497
0.296871
0.282316
0.265037
0.253040
0.257081
0.252696
0.262307
0.305721
0.327855
0.300436
0.273336
0.256442
0.250837
0.262527
0.270018
0.263191
0.259647
0.288200
0.285756
0.332667
0.341713
0.339606
0.324751
0.309025
0.281403
0.287405
0.284076
0.292602
0.294185
0.317697
0.332972
0.338335
0.332337
0.282787
0.266834
0.272140
0.271054
0.268749
0.276832
0.273312
0.271023
0.278634
0.297611
0.302098
0.337538
0.346189
0.355815
0.317845
0.311586
0.341439
0.394402
0.399792
0.414302
0.404212
0.352995
0.302601
0.259774
0.254293
0.255788
0.269609
0.264038
0.257258
0.254636
0.263204
0.281289
0.275740
0.280174
0.282770
0.295137
0.286205
0.296697
0.296447
0.314742
0.327367
0.360647
0.366162
0.379466
0.363246
0.325990
0.295806
0.286319
0.278008
0.292895
0.291060
0.283949
0.279027
0.286661
0.283618
0.286214
0.284818
0.291368
0.288807
0.288164
0.286182
0.291437
0.290127
0.290653
0.294492
0.278846
0.270699
0.268325
0.272532
0.271560
0.277451
0.272522
0.271389
0.269620
0.273387
0.277965
0.283337
0.286476
0.298129
0.293695
0.296984
0.295618
0.296618
0.296099
0.301650
0.308615
0.328696
0.342574
0.345086
0.345552
0.340947
0.321214
0.306778
0.358438
0.370623
0.384207
0.363364
0.320475
0.290136
0.286814
0.268136
0.272208
0.318138
0.337063
0.337307
0.318946
0.281324
0.250087
0.247452
0.252097
0.256699
0.248910
0.249538
0.270329
0.304643
0.358663
0.375821
0.392760
0.388882
0.362023
0.326219
0.311114
0.331403
0.338679
0.346355
0.317040
0.284949
0.267190
0.260995
0.233986
0.230236
0.239779
0.243531
0.245127
0.253266
0.268077
0.278499
0.299737
0.304227
0.328829
0.390018
0.412668
0.418008
0.434130
0.404438
0.436195
0.449794
0.446989
0.455320
0.445787
0.419261
0.414045
0.384637
0.355719
0.338056
0.309035
0.299578
0.283122
0.284452
0.281029
0.278610
0.275090
0.261724
0.245409
0.242745
0.235759
0.233618
0.242241
0.252027
0.270677
0.270231
0.285146
0.279529
0.300033
0.300502
0.316727
0.357563
0.413698
0.439443
0.471540
0.482987
0.471845
0.398574
0.334018
0.304708
0.309598
0.299232
0.327665
0.317135
0.335938
0.295253
0.292074
0.273303
0.266273
0.286452
0.279264
0.306029
0.301720
0.314925
0.277414
0.280252
0.258369
0.261991
0.260941
0.262672
0.267430
0.263101
0.264317
0.263236
0.271655
0.271864
0.275752
0.274403
0.276767
0.280430
0.284252
0.295167
0.305383
0.353659
0.361940
0.374314
0.363963
0.338382
0.307418
0.310602
0.309243
0.326347
0.319455
0.323241
0.334482
0.354537
0.362666
0.382967
0.382227
0.384308
0.364831
0.351041
0.304748
0.296649
0.293417
0.283658
0.262094
0.255510
0.249476
0.253833
0.256839
0.260287
0.251076
0.247579
0.254334
0.254377
0.262752
0.264933
0.273584
0.278472
0.282437
0.278390
0.279097
0.287812
0.295345
0.304555
0.304894
0.333737
0.339086
0.358993
0.392018
0.407042
0.445927
0.539444
0.548271
0.524393
0.478812
0.441922
0.364342
0.337250
0.303787
0.300670
0.279030
0.274923
0.263962
0.260950
0.253712
0.252823
0.243287
0.253549
0.259862
0.247944
0.252619
0.278228
0.298624
0.309426
0.353705
0.364555
0.367555
0.332017
0.316362
0.276258
0.286826
0.277288
0.286113
0.291971
0.299677
0.317407
0.348327
0.369262
0.358636
0.370070
0.395697
0.428026
0.427359
0.425476
0.398241
0.345150
0.337816
0.308426
0.303130
0.304606
0.298498
0.339826
0.343321
0.362012
0.330864
0.297300
0.286181
0.318199
0.324481
0.341241
0.327493
0.312980
0.277974
0.257114
0.248972
0.240075
0.254601
0.248813
0.248065
0.244212
0.249825
0.247533
0.259030
0.284783
0.284024
0.296733
0.293180
0.301123
0.286413
0.289221
0.296379
0.303261
0.317217
0.360863
0.386108
0.392426
0.405635
0.347106
0.329381
0.305470
0.293701
0.301189
0.310866
0.343257
0.334381
0.337413
0.323647
0.299054
0.274824
0.270416
0.254338
0.253155
0.253600
0.255066
0.255365
0.249938
0.258680
0.251949
0.260423
0.252217
0.253502
0.265513
0.281680
0.295557
0.300478
0.320340
0.324637
0.366869
0.390011
0.365136
0.374471
0.339013
0.314712
0.177392
0.000492
0.209670
0.214170
0.209549
0.154774
0.187854
0.220280
0.280114
0.238031
0.061977
0.232599
0.003614
0.074132
0.094656
0.206463
0.169314
0.141973
0.094000
0.261743
0.143264
0.157887
0.212125
0.280348
0.269477
0.983801
0.998656
0.417082
0.328463
0.228659
0.229251
0.365301
0.320595
0.321823
0.275320
0.241033
0.343248
0.204052
0.172984
0.259558
0.243801
0.133572
0.163559
0.238753
0.262515
0.183284
0.207119
0.253247
0.212885
0.131739
0.189000
0.177552
0.271760
0.237920
0.299687
0.370285
0.367791
0.388830
0.381464
0.375947
0.368099
0.327080
0.302400
0.271990
0.271809
0.263673
0.269962
0.299344
0.318556
0.326281
0.326556
0.288813
0.275224
0.261557
0.271319
0.293394
0.328057
0.333241
0.324979
0.314164
0.285239
0.262491
0.249298
0.260838
0.262555
0.300676
0.322210
0.316044
0.297653
0.265247
0.255306
0.235950
0.244962
0.250290
0.249676
0.248218
0.274191
0.320844
0.353531
0.391111
0.384493
0.390053
0.374875
0.388275
0.413211
0.438066
0.401189
0.392236
0.342267
0.280689
0.262891
0.252665
0.251635
0.246131
0.245560
0.242238
0.255821
0.279997
0.317109
0.321751
0.307303
0.294344
0.285671
0.292536
0.302260
0.293052
0.292797
0.291389
0.293489
0.292476
0.302599
0.316916
0.324093
0.303183
0.301205
0.300325
0.319978
0.339807
0.356750
0.345145
0.318685
0.304287
0.300496
0.297034
0.302215
0.336239
0.352320
0.357741
0.364858
0.347986
0.339474
0.293657
0.272450
0.276034
0.274499
0.264687
0.261372
0.256505
0.241749
0.241021
0.242379
0.244681
0.255558
0.258827
0.264931
0.271474
0.288893
0.293915
0.315559
0.335603
0.394557
0.406199
0.421692
0.403945
0.399410
0.339247
0.311357
0.306042
0.313155
0.305515
0.299645
0.308770
0.342762
0.335205
0.339023
0.313678
0.305351
0.319208
0.312370
0.317546
0.312799
0.308699
0.311923
0.283871
0.258692
0.275520
0.270725
0.258151
0.276961
0.261263
0.273448
0.283216
0.271253
0.272459
0.287356
0.273207
0.261880
0.195906
0.242060
0.248695
0.242089
0.239738
0.321310
0.534341
0.773181
0.921062
0.841562
0.408617
0.291063
0.319380
0.330979
0.324588
0.299366
0.311637
0.268301
0.309742
0.258857
0.265169
0.270115
0.306310
0.273597
0.312746
0.346156
0.373323
0.314812
0.321197
0.296094
0.279482
0.269564
0.286453
0.321004
0.308853
0.288765
0.287222
0.311070
0.288850
0.278597
0.267033
0.259502
0.252226
0.264354
0.271596
0.269547
0.281704
0.297472
0.306696
0.330862
0.391761
0.405673
0.413388
0.395541
0.352064
0.313556
0.305896
0.301962
0.302997
0.303576
0.300013
0.311276
0.309270
0.308729
0.307521
0.320228
0.326494
0.363558
0.394724
0.412120
0.403807
0.380743
0.340326
0.300878
0.304110
0.306622
0.323307
0.343016
0.331964
0.330773
0.329193
0.329909
0.341945
0.346487
0.337549
0.324950
0.292449
0.292108
0.314060
0.309036
0.295192
0.266598
0.242275
0.222053
0.225098
0.223392
0.230754
0.232666
0.234854
0.234933
0.252587
0.268278
0.282096
0.294453
0.290486
0.301042
0.300804
0.304267
0.301680
0.307896
0.316251
0.347979
0.363424
0.368757
0.339495
0.335538
0.334101
0.377230
0.404513
0.440467
0.416312
0.393612
0.337101
0.319077
0.298813
0.299880
0.298877
0.292112
0.282420
0.294862
0.313690
0.318381
0.320690
0.329222
0.312925
0.295936
0.293915
0.324674
0.345874
0.342491
0.343199
0.300800
0.293102
0.280020
0.296458
0.297309
0.320094
0.322318
0.288101
0.267897
0.256374
0.252200
0.247819
0.254811
0.251005
0.252140
0.257133
0.261404
0.257867
0.260642
0.267470
0.269604
0.277707
0.279678
0.286715
0.286116
0.289252
0.282372
0.279868
0.284691
0.288715
0.300620
0.303626
0.314996
0.308130
0.337890
0.380229
0.402721
0.417361
0.438964
0.423216
0.430523
0.427343
0.450183
0.450525
0.442934
0.403953
0.381930
0.328222
0.281079
0.243542
0.248550
0.269056
0.265457
0.258242
0.263664
0.269775
0.290386
0.329873
0.333159
0.324099
0.316795
0.344179
0.358515
0.404517
0.519740
0.594275
0.618858
0.613687
0.584750
0.447966
0.363306
0.318963
0.318142
0.324801
0.351028
0.373062
0.388185
0.377557
0.329621
0.280907
0.269068
0.264582
0.271433
0.268600
0.285967
0.277744
0.282412
0.292253
0.305210
0.294902
0.304097
0.308389
0.334704
0.375215
0.380724
0.382022
0.374643
0.340044
0.317280
0.301501
0.301355
0.303424
0.322054
0.354564
0.380499
0.388924
0.395693
0.382112
0.354786
0.323079
0.302314
0.295085
0.290478
0.293904
0.295985
0.323047
0.345200
0.350598
0.347213
0.325593
0.291237
0.257788
0.260057
0.269497
0.282739
0.270344
0.265612
0.270354
0.274879
0.297862
0.319737
0.327087
0.314624
0.294114
0.277198
0.280248
0.281557
0.288998
0.288282
0.282780
0.269880
0.267795
0.263397
0.263135
0.265288
0.268099
0.263850
0.257986
0.269773
0.286583
0.336735
0.391056
0.419840
0.415442
0.416204
0.390459
0.354131
0.367319
0.364543
0.349705
0.350044
0.307768
0.282255
0.281338
0.256354
0.267427
0.268580
0.264588
0.266477
0.266858
0.266752
0.261349
0.274490
0.270690
0.274588
0.301817
0.334192
0.329108
0.358376
0.342730
0.371562
0.380026
0.409318
0.391876
0.373657
0.352607
0.355111
0.331767
0.318298
0.314672
0.293866
0.291832
0.275138
0.268600
0.267050
0.247652
0.242966
0.246753
0.246056
0.240754
0.245020
0.246877
0.251246
0.273333
0.280153
0.277872
0.275810
0.292920
0.277776
0.277671
0.285020
0.288072
0.296194
0.332224
0.336517
0.340494
0.310225
0.307758
0.305102
0.301602
0.321567
0.314980
0.324299
0.304494
0.316329
0.306808
0.291143
0.284988
0.298400
0.304901
0.303402
0.326287
0.370657
0.457160
0.492088
0.473835
0.471082
0.450874
0.411020
0.386342
0.324442
0.319340
0.298186
0.288976
0.281932
0.293446
0.316666
0.311619
0.318697
0.312629
0.295479
0.284880
0.297200
0.299329
0.297643
0.289386
0.301042
0.323268
0.334424
0.337265
0.326858
0.287843
0.260122
0.254715
0.255133
0.260714
0.258958
0.262865
0.266296
0.293578
0.337508
0.347567
0.355086
0.338590
0.333673
0.291366
0.291166
0.284157
0.299587
0.292502
0.291364
0.279596
0.319779
0.327914
0.335678
0.315496
0.322091
0.285135
0.279918
0.279923
0.266081
0.276620
0.278857
0.284086
0.267610
0.276174
0.284959
0.304747
0.346138
0.368003
0.365972
0.357685
0.344282
0.309933
0.290362
0.289109
0.289522
0.283613
0.276781
0.275599
0.285864
0.299806
0.302253
0.282993
0.284676
0.275446
0.284588
0.283851
0.289910
0.288151
0.293749
0.288786
0.299925
0.297956
0.302073
0.290324
0.301998
0.321273
0.332806
0.334329
0.341500
0.307845
0.289842
0.286966
0.320901
0.347137
0.341616
0.343748
0.289357
0.270552
0.247201
0.238622
0.239948
0.258336
0.267810
0.263443
0.266330
0.267920
0.282215
0.277562
0.300698
0.303594
0.341155
0.389887
0.436068
0.452476
0.475087
0.458822
0.440833
0.403222
0.322372
0.311886
0.318535
0.325624
0.323449
0.288969
0.280179
0.275496
0.269241
0.259579
0.253857
0.258422
0.263447
0.288250
0.332719
0.348594
0.336396
0.300205
0.285829
0.269127
0.254015
0.260547
0.273613
0.283367
0.281936
0.281025
0.278015
0.277682
0.273888
0.275464
0.275060
0.286604
0.310437
0.317158
0.300778
0.284982
0.277192
0.280323
0.283907
0.281447
0.313959
0.311280
0.302079
0.297958
0.284359
0.261230
0.281508
0.291729
0.292238
0.286181
0.316394
0.353530
0.415040
0.426064
0.406570
0.411427
0.350751
0.334700
0.298332
0.286271
0.274926
0.285642
0.275132
0.274138
0.282077
0.278052
0.283942
0.282034
0.301454
0.316649
0.320408
0.393068
0.411539
0.393981
0.393118
0.367882
0.326022
0.330755
0.241692
0.155345
0.149947
0.188952
0.166091
0.158648
0.173553
0.180352
0.220334
0.206561
0.190834
0.155254
0.216378
0.243745
0.104001
0.247250
0.227263
0.305253
0.213597
0.254465
0.257794
0.318327
0.306524
0.266505
0.286994
0.588134
0.960990
0.946682
0.413769
0.360883
0.318008
0.298794
0.375221
0.299551
0.316458
0.324438
0.366577
0.397761
0.437150
0.401604
0.435820
0.436179
0.393572
0.437953
0.371846
0.323529
0.295947
0.297604
0.295758
0.292199
0.310680
0.251988
0.229775
0.310089
0.269904
0.289694
0.297952
0.291335
0.285285
0.318180
0.321123
0.304877
0.279790
0.286533
0.267370
0.286451
0.300365
0.327807
0.376868
0.450597
0.489840
0.548862
0.517622
0.510630
0.466604
0.446854
0.400959
0.359471
0.359266
0.340825
0.315526
0.319598
0.348635
0.447471
0.435936
0.426928
0.412572
0.365871
0.304421
0.305339
0.299000
0.298626
0.310931
0.329173
0.333690
0.339305
0.325540
0.299052
0.254062
0.228098
0.224117
0.224797
0.229535
0.242335
0.242603
0.252953
0.255107
0.251208
0.264568
0.259970
0.263326
0.266758
0.278932
0.311546
0.333788
0.342806
0.339508
0.323050
0.311733
0.308756
0.310116
0.313659
0.343542
0.367886
0.362592
0.338892
0.297315
0.273249
0.253309
0.259891
0.261755
0.251401
0.250096
0.258147
0.264183
0.275012
0.301213
0.305926
0.297908
0.286285
0.294133
0.281149
0.283006
0.289552
0.281578
0.281627
0.285085
0.298984
0.315805
0.347160
0.393710
0.452576
0.477408
0.492829
0.455674
0.438629
0.380231
0.356113
0.334042
0.309691
0.314357
0.307065
0.311755
0.350814
0.368229
0.353812
0.337083
0.297826
0.309247
0.296100
0.313318
0.300880
0.291644
0.282417
0.308955
0.332021
0.329381
0.318790
0.283504
0.260980
0.232317
0.235905
0.241797
0.247586
0.246291
0.255035
0.270753
0.275766
0.293310
0.293010
0.300673
0.299212
0.305737
0.310810
0.329419
0.356525
0.410583
0.449136
0.477130
0.460952
0.438558
0.351525
0.296833
0.283061
0.286697
0.279211
0.275811
0.269912
0.257866
0.256906
0.256024
0.262529
0.254329
0.275064
0.289438
0.315207
0.326873
0.309319
0.311219
0.302832
0.290638
0.294263
0.288029
0.301823
0.307546
0.309206
0.312103
0.322343
0.321713
0.328482
0.320217
0.314557
0.322943
0.344132
0.387144
0.406423
0.460123
0.431097
0.413106
0.324051
0.282953
0.260455
0.259672
0.252396
0.261322
0.254189
0.250863
0.246672
0.262386
0.272255
0.285873
0.294493
0.347588
0.357236
0.359207
0.368419
0.351255
0.332219
0.319935
0.309600
0.306694
0.304934
0.299796
0.328702
0.362062
0.378280
0.369617
0.353730
0.312922
0.293452
0.280601
0.270818
0.279991
0.285859
0.273127
0.266495
0.254593
0.240227
0.244482
0.251681
0.253262
0.257916
0.266144
0.283410
0.319480
0.342957
0.342897
0.341002
0.344375
0.348236
0.326756
0.306589
0.291677
0.295728
0.287745
0.276272
0.282339
0.296005
0.290465
0.292918
0.289552
0.272204
0.278265
0.300549
0.302148
0.349995
0.366826
0.384460
0.360096
0.314704
0.298970
0.269354
0.276128
0.283151
0.294690
0.274518
0.270122
0.276334
0.301426
0.310837
0.322690
0.307573
0.285522
0.276061
0.271312
0.284532
0.277399
0.286437
0.290448
0.304801
0.334315
0.382801
0.376116
0.369627
0.328639
0.329015
0.286068
0.288838
0.293240
0.314237
0.324185
0.327470
0.331864
0.327054
0.303286
0.289783
0.289954
0.275070
0.263199
0.262919
0.250233
0.257617
0.250846
0.238795
0.237120
0.243788
0.273257
0.289534
0.316456
0.321979
0.393516
0.427973
0.420983
0.336745
0.293178
0.277793
0.281280
0.265288
0.296072
0.288413
0.334717
0.260540
0.293093
0.247099
0.217602
0.242604
0.277454
0.296690
0.284201
0.298599
0.240615
0.242893
0.249113
0.302552
0.306290
0.330409
0.302655
0.345807
0.958626
0.947292
0.481890
0.326537
0.315088
0.313281
0.328334
0.395655
0.312855
0.351606
0.375538
0.393434
0.454556
0.475788
0.440317
0.421242
0.339593
0.298151
0.226396
0.195990
0.275050
0.274676
0.214832
0.264187
0.289379
0.278064
0.252327
0.295513
0.297808
0.269111
0.285087
0.301777
0.337452
0.344189
0.341093
0.332453
0.322654
0.327121
0.313166
0.323158
0.351235
0.355920
0.341712
0.346207
0.297035
0.288464
0.283285
0.318158
0.335182
0.364040
0.366637
0.370394
0.347769
0.321305
0.319552
0.318456
0.307066
0.293421
0.263385
0.251169
0.253307
0.244327
0.247841
0.240851
0.240295
0.236305
0.262747
0.285855
0.309961
0.309128
0.299451
0.276223
0.270640
0.264937
0.264921
0.279525
0.273508
0.274268
0.263393
0.265757
0.256715
0.259848
0.262050
0.265196
0.267874
0.274418
0.277691
0.273351
0.291306
0.310160
0.335022
0.350174
0.361464
0.359007
0.331117
0.324617
0.318262
0.343681
0.372968
0.393967
0.408555
0.387070
0.395015
0.422106
0.427252
0.414025
0.407436
0.492577
0.475768
0.554234
0.742269
0.804752
0.815919
0.778597
0.679266
0.485498
0.418546
0.409608
0.408405
0.411571
0.391939
0.371603
0.355871
0.381834
0.373166
0.370679
0.348966
0.339864
0.323445
0.308379
0.335034
0.329703
0.335372
0.314885
0.330928
0.310415
0.337086
0.307268
0.293588
0.282333
0.288372
0.271956
0.274480
0.280884
0.280960
0.282483
0.286245
0.289089
0.296214
0.302218
0.310155
0.321720
0.330800
0.321917
0.324899
0.327237
0.347068
0.359358
0.358807
0.379077
0.387391
0.405855
0.395409
0.368927
0.394099
0.400840
0.410684
0.410958
0.385865
0.349347
0.306193
0.267287
0.244509
0.237748
0.238587
0.247114
0.234498
0.236338
0.240271
0.248301
0.258501
0.276301
0.261234
0.275682
0.283256
0.297421
0.348402
0.403183
0.414450
0.426678
0.415021
0.350596
0.311530
0.312168
0.299697
0.349902
0.374115
0.378718
0.351790
0.332622
0.291229
0.261913
0.261168
0.246494
0.234618
0.239600
0.246950
0.252543
0.247028
0.254842
0.267206
0.283216
0.331155
0.356116
0.373854
0.362240
0.371465
0.331741
0.304088
0.304725
0.293685
0.292525
0.288715
0.286063
0.286040
0.287418
0.294906
0.291400
0.281966
0.273874
0.268946
0.263329
0.291530
0.301533
0.318490
0.299578
0.295282
0.302247
0.320450
0.340781
0.329759
0.397211
0.459402
0.484000
0.514565
0.557449
0.573093
0.564597
0.521317
0.533375
0.395797
0.359059
0.325328
0.285454
0.262428
0.255470
0.244755
0.272297
0.259715
0.253116
0.247537
0.293956
0.300925
0.326307
0.348911
0.364414
0.372735
0.366307
0.351600
0.328300
0.312322
0.312285
0.327139
0.342122
0.447547
0.505095
0.577325
0.520574
0.477519
0.360764
0.313351
0.275163
0.289821
0.278144
0.283866
0.270603
0.279243
0.276305
0.307378
0.303579
0.297282
0.274541
0.294793
0.281850
0.317095
0.307681
0.318493
0.318377
0.352133
0.378959
0.454392
0.474015
0.488472
0.485489
0.425365
0.346903
0.303568
0.299024
0.307481
0.301121
0.293320
0.275922
0.294530
0.315123
0.318849
0.314709
0.315675
0.284445
0.260368
0.255858
0.274044
0.266239
0.277125
0.266488
0.255451
0.258281
0.276060
0.294757
0.317111
0.310561
0.332592
0.315578
0.305379
0.302565
0.355274
0.379518
0.394590
0.381223
0.356691
0.313528
0.273324
0.263961
0.271859
0.289482
0.286048
0.286284
0.287245
0.309395
0.358822
0.407964
0.428657
0.433482
0.421092
0.388972
0.322677
0.300590
0.299928
0.290617
0.292230
0.281230
0.282177
0.276274
0.273962
0.264998
0.263948
0.267142
0.266433
0.267001
0.268212
0.274244
0.270197
0.280021
0.299789
0.330435
0.356381
0.384707
0.383739
0.408493
0.339882
0.316298
0.297535
0.300758
0.307312
0.300667
0.290753
0.291554
0.317203
0.313137
0.328094
0.338709
0.335916
0.335013
0.339730
0.321413
0.289265
0.275200
0.261493
0.253986
0.242497
0.237676
0.239298
0.245946
0.254698
0.295278
0.307093
0.292229
0.268792
0.263648
0.262222
0.272769
0.272898
0.285866
0.296299
0.297405
0.295547
0.312332
0.315196
0.337193
0.326237
0.359219
0.375770
0.420990
0.420978
0.418567
0.397185
0.379144
0.331764
0.351336
0.339214
0.328734
0.321058
0.317064
0.300031
0.284731
0.289227
0.289221
0.342262
0.360518
0.367153
0.350982
0.329647
0.296150
0.282423
0.258460
0.266761
0.270648
0.281206
0.311302
0.319204
0.314101
0.292514
0.277016
0.273315
0.289821
0.321415
0.326580
0.337079
0.331413
0.297665
0.292078
0.285002
0.284838
0.290497
0.301605
0.298403
0.298525
0.295015
0.288694
0.283696
0.280245
0.278365
0.262911
0.257263
0.258266
0.255511
0.254932
0.261539
0.259424
0.256478
0.258463
0.251720
0.258612
0.260652
0.263129
0.274019
0.304103
0.288825
0.283355
0.293389
0.295669
0.288984
0.289061
0.314994
0.346417
0.388811
0.415729
0.447629
0.477857
0.474637
0.437831
0.406212
0.347044
0.334676
0.409125
0.450370
0.480420
0.443921
0.386957
0.285975
0.290769
0.288608
0.273774
0.332588
0.335016
0.319767
0.323289
0.335930
0.291443
0.266659
0.295183
0.291322
0.341147
0.309015
0.330711
0.442145
0.923908
0.910125
0.600903
0.406129
0.330537
0.338476
0.353776
0.331525
0.295219
0.292074
0.324682
0.332529
0.386590
0.444207
0.488376
0.407502
0.357999
0.331044
0.310497
0.288305
0.316910
0.326004
0.348873
0.359274
0.354758
0.333559
0.326858
0.325688
0.292972
0.294638
0.296939
0.311870
0.333416
0.348383
0.370864
0.369068
0.330027
0.294066
0.248241
0.242137
0.242959
0.245774
0.251146
0.248648
0.248250
0.243614
0.255473
0.260722
0.264639
0.266589
0.270428
0.273168
0.282164
0.288127
0.286381
0.297274
0.294507
0.296799
0.299485
0.315917
0.325268
0.333607
0.342574
0.351127
0.328801
0.316698
0.295663
0.290358
0.277842
0.280037
0.272129
0.264934
0.272375
0.267220
0.271299
0.269615
0.273016
0.267129
0.276178
0.281185
0.283677
0.312362
0.327240
0.343328
0.328821
0.320564
0.303038
0.298759
0.293341
0.302317
0.291699
0.298640
0.340656
0.369175
0.395002
0.377273
0.363037
0.307848
0.277969
0.268949
0.268723
0.271431
0.277456
0.274709
0.269317
0.270218
0.272527
0.278549
0.282436
0.281763
0.290865
0.305097
0.311992
0.361732
0.366028
0.376156
0.353914
0.326632
0.283726
0.276499
0.278547
0.275889
0.272405
0.282161
0.289765
0.316086
0.341697
0.346234
0.326527
0.299335
0.302944
0.316813
0.337866
0.359231
0.353005
0.308947
0.296375
0.278439
0.279508
0.278646
0.284905
0.278290
0.278948
0.281096
0.280864
0.328685
0.337966
0.332879
0.305517
0.295311
0.261910
0.266477
0.266897
0.281908
0.269976
0.274044
0.284734
0.318442
0.322470
0.310609
0.305021
0.288791
0.293563
0.288068
0.285315
0.281138
0.294298
0.304957
0.343741
0.368459
0.377516
0.364506
0.332982
0.301226
0.287218
0.283727
0.276615
0.283154
0.268971
0.262515
0.260067
0.271440
0.269654
0.286945
0.282527
0.293212
0.303399
0.310548
0.314024
0.335600
0.374914
0.508933
0.505462
0.534445
0.505729
0.453657
0.341339
0.310150
0.301200
0.316567
0.309972
0.302345
0.275838
0.283461
0.256909
0.264262
0.256964
0.264120
0.254003
0.263518
0.261768
0.281938
0.268583
0.287111
0.276769
0.289705
0.273743
0.281469
0.278071
0.285199
0.287120
0.290883
0.290716
0.292607
0.304864
0.304251
0.313146
0.309734
0.315313
0.315043
0.320562
0.331225
0.329105
0.349090
0.370578
0.391168
0.419497
0.419528
0.440004
0.456937
0.478167
0.440680
0.411033
0.332203
0.292324
0.289281
0.285447
0.287909
0.273111
0.267534
0.259567
0.246530
0.248613
0.251021
0.246255
0.257659
0.268176
0.261364
0.254907
0.281777
0.273833
0.281235
0.280336
0.285451
0.300408
0.348376
0.324026
0.359559
0.317786
0.319881
0.300319
0.296553
0.310231
0.417182
0.402854
0.379804
0.377145
0.397612
0.382340
0.313488
0.333657
0.340596
0.360882
0.384644
0.378658
0.549133
0.900127
0.927984
0.691868
0.410072
0.369367
0.334900
0.309635
0.300192
0.285299
0.296447
0.384452
0.486506
0.469082
0.465193
0.433894
0.369267
0.337453
0.318150
0.303892
0.326593
0.316450
0.319497
0.270695
0.240474
0.267812
0.313795
0.318389
0.311740
0.353992
0.356795
0.367387
0.370134
0.408891
0.385857
0.392801
0.381140
0.341501
0.340028
0.309340
0.295224
0.307366
0.275397
0.267912
0.249241
0.240099
0.226511
0.224368
0.223538
0.224220
0.230107
0.240735
0.248067
0.255958
0.274964
0.287977
0.297062
0.314118
0.324924
0.340290
0.366404
0.398534
0.427003
0.439237
0.426646
0.419114
0.380056
0.350783
0.323810
0.317365
0.307340
0.321301
0.326637
0.308812
0.291653
0.310752
0.291461
0.286365
0.325018
0.325621
0.351559
0.370114
0.385687
0.353414
0.385192
0.396232
0.386965
0.339248
0.354674
0.401303
0.444642
0.469663
0.705757
0.779873
0.813226
0.767581
0.676527
0.517275
0.379108
0.358595
0.373820
0.367983
0.373839
0.373088
0.370214
0.359411
0.358382
0.375203
0.441782
0.440096
0.457341
0.411978
0.415707
0.380274
0.371361
0.334979
0.330802
0.307586
0.328414
0.302227
0.277456
0.280715
0.289388
0.262649
0.269244
0.283750
0.290832
0.286435
0.308621
0.352684
0.415964
0.409468
0.406585
0.425497
0.403915
0.335283
0.308636
0.309731
0.315613
0.306080
0.319712
0.360365
0.376854
0.367939
0.355029
0.330960
0.309865
0.300834
0.300058
0.279073
0.285814
0.269558
0.256355
0.254005
0.241234
0.241193
0.255123
0.277147
0.298616
0.288447
0.270519
0.261528
0.266066
0.268642
0.277291
0.275999
0.271646
0.274605
0.281950
0.295690
0.300590
0.331928
0.368990
0.392417
0.391289
0.400388
0.362859
0.386664
0.458906
0.495981
0.461664
0.430235
0.398815
0.344572
0.300791
0.286162
0.291431
0.292905
0.302552
0.332484
0.337073
0.329601
0.318005
0.289949
0.277852
0.265399
0.267738
0.269079
0.283441
0.299814
0.334692
0.338022
0.340638
0.328641
0.293083
0.253883
0.254594
0.252642
0.255097
0.261111
0.260873
0.262123
0.273135
0.270085
0.267505
0.275519
0.267077
0.274224
0.281407
0.288171
0.292125
0.317224
0.338370
0.375027
0.468011
0.495473
0.520032
0.513902
0.471842
0.405141
0.378310
0.353024
0.330725
0.312972
0.269459
0.256384
0.262235
0.253966
0.246227
0.243301
0.249270
0.249784
0.266560
0.264432
0.268790
0.266193
0.283657
0.297532
0.322061
0.332070
0.400589
0.439319
0.446229
0.419758
0.384421
0.348032
0.326550
0.320101
0.335494
0.330647
0.356575
0.431200
0.539333
0.557271
0.545073
0.497421
0.447595
0.355773
0.335481
0.342966
0.366040
0.363221
0.330025
0.318227
0.264847
0.242839
0.234630
0.233971
0.237104
0.237095
0.244581
0.250177
0.275466
0.270734
0.267277
0.268375
0.264800
0.260559
0.270398
0.272310
0.294028
0.302934
0.309330
0.313565
0.316677
0.317060
0.342406
0.363249
0.393484
0.394051
0.401316
0.358146
0.325342
0.320474
0.315162
0.305915
0.307136
0.291224
0.278675
0.277627
0.276384
0.277109
0.287889
0.286667
0.284244
0.291218
0.293329
0.311618
0.358556
0.375986
0.382870
0.376243
0.338820
0.309087
0.276598
0.274437
0.270432
0.278289
0.283178
0.277223
0.267498
0.260246
0.254420
0.262671
0.265225
0.274557
0.275567
0.280354
0.286802
0.295693
0.333524
0.357108
0.364722
0.366811
0.359325
0.318025
0.305992
0.303223
0.301129
0.300806
0.297520
0.344603
0.356321
0.353530
0.330756
0.292107
0.281376
0.269540
0.271199
0.294492
0.318283
0.313365
0.302239
0.278205
0.249969
0.238739
0.247062
0.255647
0.250381
0.250148
0.267446
0.282438
0.298014
0.327865
0.310117
0.309605
0.304672
0.326086
0.319102
0.311977
0.330637
0.365040
0.379304
0.362219
0.340274
0.317675
0.284917
0.289813
0.277864
0.288546
0.285708
0.295786
0.317185
0.306139
0.315712
0.284259
0.275131
0.275294
0.278837
0.282694
0.288165
0.325093
0.325465
0.316540
0.291359
0.270212
0.246204
0.257235
0.262264
0.265676
0.263849
0.276865
0.296487
0.299135
0.338653
0.355983
0.374818
0.368704
0.432586
0.431006
0.425272
0.392684
0.405059
0.329396
0.302589
0.283269
0.273404
0.245861
0.277104
0.224977
0.235497
0.268473
0.293579
0.342030
0.310326
0.312799
0.299485
0.324409
0.358711
0.392935
0.396848
0.439822
0.406311
0.389281
0.401520
0.355515
0.383308
0.370325
0.526686
0.844677
0.936439
0.841353
0.535365
0.509889
0.452804
0.547839
0.410974
0.395574
0.415522
0.478171
0.422041
0.360229
0.346347
0.372473
0.417708
0.504616
0.573270
0.633092
0.606620
0.572460
0.553857
0.421624
0.379478
0.373581
0.383704
0.363133
0.327957
0.294590
0.293823
0.286275
0.277013
0.292003
0.290366
0.311957
0.296689
0.316999
0.286989
0.301662
0.306437
0.331110
0.335229
0.331609
0.323037
0.346679
0.329430
0.323650
0.311489
0.298569
0.291443
0.287949
0.291472
0.294806
0.317427
0.339193
0.340717
0.335404
0.313969
0.311163
0.295180
0.285210
0.285506
0.293065
0.342357
0.383363
0.397621
0.380942
0.366103
0.327929
0.314532
0.311715
0.346096
0.374070
0.375156
0.358706
0.323203
0.278910
0.246029
0.241041
0.232410
0.236416
0.226063
0.235977
0.244857
0.260837
0.256095
0.255015
0.250225
0.245695
0.253549
0.259553
0.276099
0.290395
0.304307
0.300201
0.302097
0.295898
0.300575
0.294723
0.303994
0.319792
0.337214
0.317333
0.329159
0.314690
0.300562
0.298767
0.302955
0.343547
0.378895
0.379302
0.353635
0.312392
0.278420
0.272132
0.267376
0.276743
0.327379
0.338548
0.315625
0.278332
0.254480
0.246787
0.260171
0.270983
0.265157
0.273446
0.311946
0.343297
0.380771
0.381182
0.377353
0.377579
0.365545
0.341071
0.300268
0.278626
0.280347
0.278053
0.272791
0.269101
0.273027
0.269708
0.272064
0.300459
0.317420
0.348748
0.349156
0.348283
0.353866
0.355186
0.347501
0.366219
0.409542
0.402993
0.381968
0.356789
0.306070
0.267186
0.261468
0.268134
0.257130
0.248349
0.249540
0.268067
0.270574
0.275571
0.263347
0.257980
0.239594
0.248579
0.251359
0.257560
0.262026
0.277228
0.278387
0.286828
0.300677
0.305397
0.302612
0.304249
0.327481
0.363018
0.371320
0.394028
0.394201
0.362178
0.362333
0.321465
0.316465
0.309400
0.311102
0.309715
0.299139
0.292653
0.331605
0.352895
0.354740
0.346538
0.326323
0.268433
0.254316
0.251771
0.245450
0.255958
0.255185
0.262254
0.270770
0.277514
0.286863
0.303268
0.298640
0.300758
0.299903
0.296824
0.325658
0.330357
0.404736
0.411560
0.438084
0.404941
0.400281
0.327368
0.285044
0.285391
0.289424
0.287647
0.272341
0.269014
0.284151
0.310402
0.333799
0.323165
0.308002
0.296044
0.288926
0.269033
0.284417
0.281742
0.301167
0.366659
0.390487
0.381988
0.369273
0.359674
0.319231
0.340549
0.306421
0.324645
0.365042
0.327878
0.359761
0.411081
0.469637
0.528403
0.404214
0.496256
0.599516
0.857009
0.922498
0.782665
0.565533
0.492618
0.474038
0.526585
0.564263
0.460502
0.321045
0.364994
0.392349
0.378699
0.364373
0.377921
0.346295
0.326326
0.319199
0.359421
0.365332
0.372573
0.374141
0.389835
0.365491
0.327004
0.345815
0.401390
0.386288
0.389659
0.361240
0.318046
0.302834
0.320449
0.339216
0.373109
0.381293
0.380121
0.347362
0.306939
0.265266
0.244333
0.253331
0.258277
0.251052
0.258713
0.276800
0.311939
0.344996
0.351481
0.352222
0.331442
0.311062
0.277592
0.257472
0.271389
0.286657
0.279244
0.271710
0.283443
0.289269
0.306331
0.300729
0.285453
0.283673
0.282000
0.291996
0.306226
0.312553
0.337649
0.335345
0.344208
0.340293
0.323413
0.336490
0.324627
0.317484
0.289106
0.272992
0.257359
0.255067
0.254252
0.256741
0.250362
0.254229
0.258066
0.263388
0.266280
0.268379
0.270540
0.282909
0.294266
0.305099
0.335753
0.371608
0.394764
0.399788
0.398309
0.345936
0.320311
0.295359
0.288294
0.289225
0.294687
0.284707
0.280561
0.286183
0.300745
0.351384
0.365619
0.396139
0.375580
0.344509
0.311971
0.308194
0.306005
0.314191
0.321393
0.305782
0.303018
0.299446
0.299986
0.294951
0.291788
0.293279
0.293525
0.291858
0.326447
0.358401
0.361294
0.352359
0.342829
0.318913
0.268249
