# Predictions (Probabilities)
0.322547
0.333935
0.344930
0.367129
0.423641
0.451962
0.470077
0.466319
0.450939
0.426237
0.385741
0.366640
0.353272
0.340591
0.324233
0.321542
0.312587
0.307213
0.349136
0.356488
0.352036
0.344921
0.297349
0.258964
0.241086
0.241539
0.245070
0.253523
0.256941
0.251460
0.250752
0.270509
0.292510
0.333217
0.369683
0.387195
0.391131
0.382477
0.324206
0.308914
0.300012
0.284257
0.293773
0.302938
0.298906
0.293124
0.304803
0.326075
0.405481
0.452143
0.468174
0.455048
0.427954
0.393609
0.331946
0.304985
0.298235
0.319764
0.316552
0.328442
0.314983
0.279327
0.285724
0.293575
0.291713
0.277995
0.255228
0.264573
0.254299
0.257006
0.293350
0.246197
0.267277
0.284285
0.294364
0.295693
0.316059
0.327462
0.295753
0.217674
0.254281
0.289928
0.268749
0.261514
0.340665
0.600032
0.758122
0.907591
0.776929
0.393262
0.273355
0.283228
0.286015
0.285084
0.273040
0.332833
0.345100
0.389775
0.368037
0.347871
0.307869
0.299389
0.268381
0.275609
0.318616
0.367550
0.326095
0.320026
0.316850
0.284973
0.265623
0.287410
0.326038
0.291682
0.272446
0.266497
0.265263
0.268443
0.271142
0.261243
0.251586
0.250233
0.257708
0.264421
0.274741
0.283982
0.280602
0.295976
0.309599
0.314644
0.367273
0.386423
0.399844
0.391474
0.363761
0.320147
0.287092
0.277113
0.270579
0.267507
0.271579
0.265293
0.267376
0.273802
0.294383
0.293234
0.291524
0.296757
0.312110
0.371541
0.384953
0.387206
0.351159
0.350764
0.321931
0.309236
0.307239
0.317559
0.352550
0.414959
0.428865
0.434554
0.415997
0.358079
0.334992
0.303143
0.288501
0.286491
0.291122
0.283392
0.256439
0.261776
0.261197
0.258639
0.262382
0.288347
0.296134
0.288980
0.314640
0.371267
0.392853
0.407255
0.394147
0.404041
0.344664
0.307852
0.293468
0.294051
0.298159
0.291164
0.349765
0.360659
0.369933
0.340100
0.323170
0.268058
0.269546
0.254898
0.255298
0.258027
0.258751
0.256584
0.254504
0.259799
0.240329
0.250650
0.248956
0.258119
0.261735
0.279752
0.287711
0.289319
0.290473
0.295356
0.287010
0.286495
0.299012
0.301345
0.306708
0.310133
0.320790
0.315574
0.316794
0.320181
0.364592
0.407539
0.441329
0.432617
0.431090
0.374393
0.316699
0.305834
0.281170
0.289532
0.280907
0.277010
0.269329
0.260290
0.263594
0.260110
0.264327
0.253990
0.263476
0.253797
0.266097
0.269574
0.269578
0.270293
0.276102
0.279319
0.295227
0.304286
0.313406
0.310543
0.308938
0.305003
0.304296
0.313990
0.336169
0.404685
0.410100
0.423050
0.400213
0.357832
0.305881
0.288330
0.281502
0.282608
0.282132
0.276145
0.282223
0.273705
0.278719
0.276404
0.274279
0.272964
0.283952
0.290589
0.278464
0.285871
0.279551
0.274913
0.271740
0.271373
0.268986
0.278898
0.288406
0.284945
0.286559
0.281057
0.282468
0.281443
0.298015
0.290304
0.320993
0.347095
0.363257
0.378591
0.399092
0.413654
0.394151
0.367872
0.322825
0.293496
0.272462
0.290271
0.277865
0.279842
0.265000
0.277524
0.307815
0.362838
0.392782
0.395560
0.376744
0.360718
0.309990
0.293606
0.293344
0.305819
0.324998
0.307942
0.295564
0.284386
0.270504
0.258425
0.255541
0.265480
0.263690
0.259079
0.271781
0.296731
0.306284
0.328664
0.318042
0.288034
0.277320
0.272488
0.273499
0.266968
0.274134
0.277072
0.280217
0.275794
0.290055
0.289889
0.297952
0.297611
0.294426
0.297204
0.302134
0.299087
0.313499
0.343396
0.361795
0.361861
0.425655
0.430934
0.437388
0.396605
0.380129
0.315910
0.303001
0.263761
0.261247
0.233663
0.238976
0.234783
0.233910
0.240543
0.256543
0.284290
0.293350
0.319203
0.309109
0.308759
0.318527
0.357660
0.386778
0.431625
0.440168
0.470051
0.467679
0.412691
0.345471
0.337730
0.325188
0.348384
0.363922
0.354382
0.354280
0.312900
0.295963
0.253439
0.249021
0.258492
0.257399
0.253644
0.256138
0.268487
0.268804
0.291440
0.292485
0.298628
0.332790
0.341262
0.352986
0.340785
0.343489
0.367798
0.381187
0.385195
0.381016
0.341722
0.313971
0.279159
0.258145
0.255969
0.246560
0.258678
0.249274
0.248327
0.252704
0.257037
0.254311
0.252994
0.278283
0.280450
0.317340
0.328437
0.349048
0.335260
0.320931
0.295309
0.266050
0.262687
0.255878
0.269202
0.271399
0.271487
0.273357
0.285606
0.305722
0.310217
0.320964
0.350934
0.380662
0.385552
0.388842
0.447263
0.446957
0.431816
0.405162
0.336250
0.304197
0.295025
0.282319
0.273989
0.272436
0.273394
0.276127
0.276983
0.274648
0.284736
0.305742
0.343067
0.373749
0.373140
0.372687
0.374522
0.371419
0.343757
0.355408
0.350012
0.348569
0.324511
0.314215
0.291984
0.288234
0.280543
0.278644
0.276507
0.296070
0.289833
0.286308
0.279595
0.267825
0.273472
0.259643
0.275769
0.273817
0.275903
0.264073
0.261749
0.245769
0.256561
0.255294
0.259038
0.260989
0.277395
0.287195
0.310643
0.324837
0.358370
0.384395
0.412235
0.443488
0.433171
0.421798
0.360668
0.328271
0.299893
0.285659
0.275513
0.279056
0.276666
0.270497
0.268808
0.263655
0.272718
0.270843
0.288052
0.299530
0.307808
0.300069
0.315941
0.310711
0.320968
0.300034
0.299649
0.323071
0.344487
0.419230
0.558757
0.617326
0.569438
0.544988
0.422053
0.330088
0.305104
0.288677
0.307117
0.301693
0.295964
0.271154
0.291788
0.301943
0.294663
0.298146
0.325489
0.330463
0.315320
0.330508
0.328212
0.296608
0.298901
0.314784
0.327210
0.368025
0.396746
0.391475
0.402103
0.339037
0.319489
0.310717
0.322219
0.321356
0.320855
0.301139
0.331827
0.356579
0.375776
0.374275
0.363616
0.327676
0.303791
0.285050
0.283276
0.286884
0.282074
0.275761
0.261687
0.260755
0.248616
0.249687
0.247095
0.237752
0.248880
0.253890
0.257237
0.268933
0.273406
0.283229
0.276186
0.270157
0.266840
0.264386
0.278988
0.289346
0.291105
0.284945
0.293913
0.294584
0.312969
0.330802
0.386109
0.428542
0.444430
0.434708
0.426693
0.377744
0.367484
0.376937
0.341322
0.307357
0.300327
0.279217
0.272905
0.261968
0.260343
0.262886
0.263767
0.263867
0.252518
0.254853
0.264019
0.288632
0.311026
0.336973
0.339181
0.332803
0.328804
0.318645
0.306125
0.330862
0.345744
0.365516
0.363781
0.316941
0.309268
0.285588
0.279969
0.274320
0.285980
0.283960
0.281449
0.277263
0.276020
0.266504
0.265854
0.275302
0.269265
0.266244
0.264921
0.272019
0.286247
0.292015
0.264692
0.266223
0.265218
0.243272
0.251663
0.307847
0.306875
0.298888
0.340555
0.253635
0.265955
0.204133
0.263036
0.238009
0.274826
0.287457
0.253784
0.194103
0.218169
0.240833
0.221895
0.207577
0.264120
0.376884
0.806919
0.956501
0.610150
0.259603
0.263292
0.226183
0.255725
0.167578
0.215788
0.242116
0.240573
0.255702
0.234843
0.231672
0.266122
0.263026
0.305844
0.380411
0.904880
0.915537
0.563586
0.266573
0.227440
0.239180
0.220804
0.260480
0.263217
0.233071
0.281904
0.226933
0.250673
0.228822
0.276758
0.211267
0.287659
0.283048
0.299292
0.248242
0.314038
0.290167
0.325025
0.384930
0.403616
0.407656
0.374514
0.396032
0.291689
0.291602
0.276862
0.284976
0.253948
0.262036
0.254033
0.276282
0.275386
0.292582
0.275387
0.295721
0.288700
0.297400
0.291322
0.350899
0.358233
0.370273
0.368033
0.368959
0.341419
0.294825
0.293615
0.285802
0.275463
0.271441
0.267703
0.261721
0.268098
0.285901
0.313454
0.342273
0.356738
0.344108
0.326584
0.335063
0.297733
0.308744
0.300427
0.289302
0.280014
0.275595
0.277965
0.310716
0.321127
0.311662
0.289239
0.290721
0.300798
0.333479
0.343041
0.363204
0.331705
0.289015
0.267015
0.256158
0.252217
0.258457
0.263646
0.258012
0.253081
0.258967
0.297266
0.304143
0.305123
0.257702
0.238616
0.243511
0.256525
0.205135
0.213071
0.209525
0.239733
0.222676
0.276239
0.287849
0.328642
0.189539
0.235257
0.172644
0.268147
0.202099
0.192569
0.186037
0.247393
0.230695
0.254027
0.229539
0.287101
0.279584
0.907523
0.972809
0.563408
0.248082
0.231245
0.186388
0.308628
0.319790
0.325747
0.232425
0.236981
0.200464
0.234657
0.196955
0.253173
0.158763
0.216640
0.214309
0.331212
0.224307
0.304971
0.207123
0.266655
0.151269
0.155880
0.216612
0.240807
0.299953
0.281922
0.298967
0.331571
0.350791
0.358050
0.370510
0.337702
0.327661
0.313861
0.324108
0.318576
0.325172
0.310761
0.286428
0.264783
0.253558
0.235555
0.233541
0.243165
0.247787
0.249229
0.249391
0.263752
0.284964
0.307971
0.316115
0.348190
0.346206
0.371783
0.368802
0.343648
0.309856
0.309305
0.300009
0.296407
0.283312
0.292392
0.330481
0.346143
0.343940
0.315401
0.293969
0.284171
0.277176
0.276868
0.279173
0.317194
0.327862
0.320880
0.301239
0.296984
0.276813
0.282826
0.276874
0.309342
0.314044
0.337274
0.308951
0.310987
0.332722
0.349179
0.403940
0.472881
0.518364
0.449441
0.434727
0.404874
0.335285
0.274482
0.263025
0.270021
0.261800
0.246162
0.239906
0.245251
0.248922
0.250731
0.256399
0.273355
0.280112
0.269374
0.290717
0.329806
0.325512
0.323911
0.361017
0.375983
0.354924
0.341554
0.313291
0.279737
0.292702
0.290470
0.287727
0.276183
0.308451
0.313755
0.288400
0.319381
0.340974
0.338135
0.263499
0.307351
0.243449
0.235386
0.245487
0.286009
0.245221
0.321946
0.324734
0.286284
0.211668
0.205548
0.229638
0.187180
0.167609
0.224165
0.231654
0.250491
0.239562
0.321249
0.612261
0.951603
0.899514
0.525776
0.333099
0.263884
0.275914
0.283430
0.225353
0.251259
0.226740
0.277996
0.312378
0.365701
0.399209
0.405123
0.381367
0.341675
0.298356
0.287906
0.278114
0.350388
0.355775
0.326996
0.289402
0.278084
0.316403
0.267717
0.298727
0.318632
0.347806
0.357677
0.345101
0.286941
0.275342
0.264356
0.258154
0.260509
0.265853
0.284793
0.266402
0.269014
0.271875
0.267898
0.273036
0.285750
0.289823
0.294428
0.299189
0.304392
0.310488
0.303478
0.297123
0.292124
0.275351
0.277888
0.276244
0.279499
0.278063
0.279230
0.283499
0.289260
0.289470
0.282159
0.291728
0.301104
0.308396
0.331580
0.324584
0.299617
0.294860
0.285923
0.286232
0.282817
0.286953
0.295393
0.284534
0.301054
0.286989
0.278368
0.274789
0.271978
0.272932
0.277650
0.275684
0.268402
0.263055
0.266169
0.275740
0.266478
0.277210
0.268400
0.269349
0.267333
0.287404
0.286106
0.323792
0.330747
0.355072
0.343372
0.328170
0.335441
0.330016
0.330057
0.358026
0.398005
0.404243
0.433843
0.420149
0.395246
0.342566
0.310553
0.284771
0.275958
0.270715
0.276672
0.264435
0.258321
0.255663
0.258991
0.260571
0.262328
0.269434
0.258457
0.274612
0.325249
0.344199
0.340572
0.321848
0.306300
0.299581
0.283198
0.287422
0.312620
0.337999
0.320422
0.297663
0.291229
0.282306
0.282855
0.285166
0.280459
0.286766
0.320320
0.348568
0.367161
0.357327
0.349705
0.327031
0.302762
0.279078
0.279290
0.289052
0.291274
0.326750
0.316040
0.310352
0.279247
0.269862
0.261333
0.268675
0.272666
0.274904
0.271710
0.283985
0.316099
0.349311
0.374226
0.366387
0.372060
0.331960
0.310695
0.289117
0.285585
0.331626
0.329861
0.340554
0.288619
0.287228
0.268706
0.262598
0.269127
0.262768
0.270200
0.280910
0.270054
0.275304
0.273492
0.257479
0.270795
0.261201
0.269064
0.262068
0.294298
0.297767
0.330236
0.382725
0.451307
0.469363
0.467069
0.537520
0.518709
0.386891
0.341272
0.297301
0.288692
0.289360
0.258991
0.244149
0.285797
0.264779
0.278881
0.254066
0.277370
0.287759
0.300222
0.297960
0.267254
0.208455
0.228773
0.255789
0.258140
0.236287
0.302259
0.468541
0.856632
0.927659
0.678592
0.409925
0.294943
0.260421
0.289530
0.280612
0.292989
0.264642
0.374323
0.386763
0.399888
0.384962
0.352342
0.285413
0.284516
0.282825
0.291846
0.343410
0.371773
0.357816
0.359164
0.313960
0.253946
0.302626
0.295726
0.292361
0.278726
0.285914
0.294310
0.293275
0.308080
0.296642
0.281564
0.272557
0.269513
0.256512
0.253480
0.258907
0.269657
0.265645
0.267000
0.259267
0.261201
0.270562
0.275689
0.275520
0.282497
0.292138
0.300895
0.313606
0.332507
0.343460
0.391890
0.440132
0.431368
0.419731
0.345715
0.307546
0.275607
0.277422
0.271771
0.281119
0.271027
0.280608
0.284896
0.308380
0.325765
0.378943
0.393680
0.376316
0.340568
0.275369
0.227478
0.233825
0.227470
0.199197
0.232367
0.197656
0.225556
0.204364
0.229969
0.232334
0.271934
0.276042
0.312120
0.305908
0.361333
0.320129
0.236599
0.229047
0.292547
0.313127
0.310893
0.272461
0.340498
0.460376
0.949879
0.917235
0.373874
0.232516
0.244886
0.209000
0.276223
0.229568
0.274905
0.240849
0.259939
0.230137
0.268133
0.287195
0.304548
0.219973
0.297011
0.257602
0.257519
0.208756
0.292877
0.326055
0.395390
0.380967
0.390824
0.364483
0.353982
0.347620
0.284041
0.278204
0.295614
0.289607
0.276318
0.264905
0.304286
0.318412
0.324253
0.316794
0.309173
0.264722
0.245987
0.239617
0.255583
0.263706
0.267702
0.250302
0.260226
0.244500
0.241457
0.246101
0.258792
0.262192
0.261747
0.285364
0.294723
0.294530
0.297542
0.312039
0.308532
0.295709
0.299080
0.305691
0.309171
0.311239
0.304666
0.271257
0.283070
0.289219
0.306589
0.300441
0.319577
0.343375
0.405488
0.456977
0.426158
0.444662
0.437146
0.436589
0.418944
0.383492
0.363033
0.352160
0.258437
0.152494
0.167610
0.212205
0.190345
0.215776
0.216915
0.327376
0.316949
0.374984
0.137153
0.055141
0.075118
0.128258
0.213023
0.103023
0.292739
0.199532
0.186358
0.238364
0.310453
0.172161
0.234297
0.172052
0.333620
0.948750
0.968688
0.711595
0.477862
0.697300
0.802622
0.746779
0.685053
0.317636
0.282451
0.186681
0.323090
0.236867
0.204973
0.275578
0.324368
0.303927
0.319832
0.334549
0.472948
0.414229
0.361816
0.292926
0.432460
0.376092
0.291914
0.190161
0.273051
0.236833
0.287576
0.318920
0.313771
0.306921
0.306032
0.323626
0.333827
0.343817
0.332595
0.301044
0.270264
0.295092
0.280703
0.262015
0.269205
0.273653
0.274935
0.265962
0.265936
0.261684
0.260285
0.271219
0.315178
0.338002
0.340809
0.332166
0.316625
0.295197
0.287669
0.304553
0.312281
0.320335
0.293107
0.286315
0.276843
0.272657
0.266248
0.272384
0.299453
0.279944
0.279726
0.280560
0.283365
0.274874
0.287513
0.314657
0.353739
0.385597
0.396007
0.364845
0.338482
0.317971
0.339305
0.337864
0.343710
0.340058
0.315202
0.286639
0.270173
0.252579
0.231214
0.247376
0.248330
0.249052
0.248575
0.253021
0.245617
0.253745
0.269830
0.269360
0.299031
0.332727
0.363236
0.349418
0.364831
0.350598
0.382740
0.388426
0.397623
0.385600
0.351651
0.313610
0.299828
0.287544
0.284431
0.331260
0.374632
0.383084
0.355850
0.316780
0.271803
0.264770
0.269863
0.271264
0.265537
0.265513
0.287425
0.301448
0.306559
0.310406
0.301828
0.282995
0.275650
0.266189
0.265832
0.274912
0.281391
0.274275
0.269580
0.269171
0.266602
0.264489
0.271610
0.268520
0.277783
0.284036
0.291492
0.293008
0.296572
0.298464
0.299203
0.299642
0.302611
0.325292
0.333311
0.378413
0.400529
0.428976
0.407056
0.451007
0.475219
0.463870
0.411436
0.360275
0.293042
0.280580
0.280627
0.278358
0.265351
0.262733
0.294270
0.305311
0.310037
0.274792
0.270824
0.246367
0.250923
0.252790
0.255171
0.252001
0.261299
0.259034
0.265818
0.284171
0.302436
0.304429
0.289324
0.287790
0.291655
0.278833
0.288091
0.298191
0.312573
0.319766
0.311109
0.302081
0.295417
0.292855
0.292977
0.294716
0.294593
0.296689
0.291929
0.293841
0.292479
0.294040
0.293166
0.340450
0.343985
0.363701
0.334141
0.311641
0.289418
0.300175
0.295260
0.299093
0.283884
0.316322
0.347968
0.378239
0.390323
0.367571
0.334883
0.304782
0.291012
0.270978
0.271439
0.311947
0.324865
0.306609
0.285506
0.261428
0.249227
0.241219
0.247615
0.236629
0.246133
0.272617
0.286132
0.291362
0.284289
0.294508
0.297311
0.273448
0.290450
0.330024
0.321721
0.311844
0.293782
0.260839
0.228221
0.256808
0.290254
0.272268
0.260106
0.263237
0.311047
0.325303
0.356544
0.291744
0.268762
0.282997
0.297629
0.323433
0.318873
0.330523
0.392243
0.867908
0.931990
0.672521
0.355199
0.296754
0.259962
0.292398
0.250047
0.254219
0.263025
0.283094
0.279835
0.323911
0.315870
0.336035
0.282742
0.286116
0.282389
0.288628
0.236143
0.289624
0.297434
0.293545
0.325527
0.357775
0.366242
0.340942
0.307525
0.315390
0.312289
0.336289
0.352981
0.319859
0.315164
0.289612
0.301319
0.322814
0.383290
0.426625
0.453997
0.410686
0.397461
0.315433
0.272387
0.243211
0.254439
0.251875
0.248740
0.244251
0.241495
0.239975
0.264900
0.284561
0.291048
0.304600
0.299020
0.338497
0.326247
0.327390
0.317272
0.323787
0.322847
0.328355
0.317851
0.306621
0.295584
0.272463
0.278575
0.265977
0.274416
0.270143
0.261400
0.262919
0.289062
0.290404
0.299491
0.304453
0.320707
0.315858
0.314436
0.324875
0.365716
0.364255
0.378517
0.371404
0.373073
0.351010
0.373195
0.361053
0.335284
0.359682
0.397727
0.438411
0.461155
0.447520
0.731090
0.799457
0.800563
0.762813
0.659391
0.469173
0.359063
0.316936
0.345482
0.350948
0.368972
0.394006
0.410260
0.400379
0.349396
0.329475
0.358356
0.359938
0.353921
0.340945
0.379387
0.380402
0.368308
0.365026
0.394009
0.391980
0.393401
0.335786
0.344813
0.342198
0.321952
0.302862
0.329251
0.360775
0.388276
0.362775
0.354244
0.310268
0.296224
0.281510
0.274641
0.273255
0.283827
0.311626
0.326028
0.325076
0.320513
0.293909
0.268505
0.246899
0.239001
0.235394
0.243942
0.258855
0.263281
0.250287
0.271512
0.297539
0.339944
0.366804
0.440881
0.486599
0.549298
0.532722
0.498376
0.453029
0.408744
0.364500
0.338144
0.324703
0.336026
0.326941
0.313428
0.368625
0.403777
0.393544
0.379356
0.353581
0.326848
0.296108
0.295480
0.285246
0.277411
0.302401
0.343030
0.337925
0.342350
0.304887
0.270877
0.246324
0.248690
0.270744
0.282699
0.283484
0.269064
0.226274
0.249062
0.233100
0.209368
0.228799
0.222488
0.258253
0.269694
0.359137
0.387644
0.452213
0.342554
0.333019
0.278291
0.279338
0.291652
0.261897
0.283682
0.283944
0.299387
0.304533
0.314075
0.314077
0.506685
0.943927
0.858626
0.461872
0.314512
0.336487
0.308554
0.321992
0.333886
0.357058
0.294616
0.275678
0.285886
0.304933
0.307926
0.269039
0.289122
0.333328
0.352106
0.334658
0.325171
0.391947
0.343055
0.309621
0.328421
0.341726
0.358069
0.422953
0.872927
0.860075
0.555811
0.429521
0.380379
0.339906
0.357020
0.325495
0.326797
0.323867
0.353319
0.376598
0.373405
0.440893
0.577913
0.796610
0.747751
0.526793
0.420452
0.374373
0.399344
0.419837
0.505267
0.738359
0.759466
0.805748
0.676827
0.612220
0.517840
0.431497
0.379061
0.376149
0.387954
0.385257
0.376224
0.340557
0.340001
0.331406
0.339534
0.341066
0.330499
0.338907
0.377061
0.422213
0.458895
0.448129
0.445120
0.447628
0.404148
0.418446
0.428810
0.432480
0.405025
0.360247
0.320866
0.297949
0.290445
0.279317
0.277094
0.304296
0.326804
0.321562
0.330864
0.329330
0.328655
0.313363
0.272874
0.263455
0.251116
0.266499
0.269004
0.272194
0.265046
0.301547
0.333029
0.359297
0.365038
0.356839
0.356310
0.370268
0.367531
0.338644
0.297481
0.285536
0.290565
0.271967
0.277786
0.267484
0.279659
0.269799
0.271892
0.264370
0.274274
0.277619
0.291123
0.279661
0.302629
0.302892
0.303833
0.305548
0.289763
0.286903
0.280224
0.292605
0.311943
0.332633
0.337469
0.339958
0.300996
0.293388
0.316244
0.319390
0.342226
0.343556
0.315399
0.291865
0.287974
0.278292
0.270366
0.272379
0.274965
0.270798
0.276318
0.278420
0.272834
0.278611
0.279419
0.254007
0.252537
0.252784
0.253254
0.258397
0.260351
0.265500
0.284005
0.324258
0.368121
0.411251
0.439995
0.461528
0.463174
0.450696
0.395104
0.328653
0.302958
0.290985
0.290695
0.279124
0.293649
0.289380
0.307877
0.310549
0.316221
0.314475
0.332308
0.365195
0.404014
0.424505
0.418405
0.400853
0.370760
0.318074
0.291877
0.279148
0.285551
0.279157
0.280529
0.276423
0.283552
0.269620
0.268887
0.257913
0.267995
0.303708
0.330723
0.351406
0.345128
0.323014
0.297356
0.288014
0.279787
0.275003
0.297854
0.296343
0.296739
0.279266
0.275227
0.274449
0.277065
0.279693
0.317778
0.321222
0.304313
0.286248
0.280196
0.270222
0.273507
0.278503
0.280100
0.288030
0.305617
0.335500
0.338425
0.320835
0.341080
0.350944
0.354667
0.361966
0.331486
0.317435
0.323447
0.318965
0.357238
0.410519
0.401529
0.390519
0.363861
0.297094
0.255592
0.249318
0.245917
0.245312
0.236711
0.233906
0.236926
0.244237
0.255638
0.253330
0.260509
0.250106
0.253186
0.261399
0.268980
0.275000
0.281836
0.306461
0.313954
0.324389
0.348872
0.366548
0.371276
0.419696
0.443153
0.451724
0.412508
0.376374
0.317855
0.303432
0.284809
0.276575
0.261164
0.258175
0.250153
0.252341
0.262293
0.276961
0.285429
0.302041
0.288741
0.278138
0.298539
0.325975
0.332091
0.325881
0.326628
0.325159
0.311478
0.339337
0.349380
0.358616
0.411177
0.404075
0.430427
0.489514
0.560125
0.562927
0.512153
0.420615
0.457258
0.428736
0.413236
0.496356
0.789028
0.833685
0.821745
0.731185
0.565878
0.424420
0.399160
0.362079
0.380062
0.386083
0.379963
0.357957
0.357561
0.376845
0.391086
0.391626
0.426227
0.442250
0.431531
0.397745
0.415387
0.411800
0.416968
0.404567
0.444466
0.592393
0.759889
0.793953
0.673573
0.520257
0.432751
0.419379
0.465829
0.433593
0.454239
0.540195
0.785005
0.843251
0.676760
0.541300
0.468673
0.405529
0.491903
0.511703
0.636142
0.815469
0.815498
0.721729
0.582294
0.407017
0.378360
0.371803
0.349292
0.340167
0.349963
0.370242
0.381895
0.372243
0.376181
0.374486
0.368815
0.355397
0.353670
0.393388
0.461255
0.486270
0.487315
0.437417
0.480176
0.447314
0.459651
0.612831
0.821228
0.836779
0.653644
0.406292
0.319698
0.296336
0.324822
0.345712
0.348929
0.327784
0.348360
0.331183
0.319527
0.299537
0.322816
0.366774
0.359839
0.365234
0.394861
0.349720
0.327954
0.310195
0.339616
0.298142
0.310371
0.286777
0.292125
0.297667
0.300574
0.285288
0.295819
0.316079
0.314052
0.301763
0.287436
0.287477
0.285183
0.294630
0.302743
0.290193
0.312372
0.366765
0.388081
0.411168
0.434153
0.411725
0.401040
0.359091
0.329129
0.310740
0.292346
0.292531
0.277577
0.271682
0.267664
0.258012
0.247559
0.240049
0.243560
0.246331
0.255064
0.258677
0.280761
0.275490
0.285610
0.294837
0.302978
0.299235
0.311952
0.335671
0.361179
0.424664
0.536269
0.573339
0.584097
0.568914
0.530737
0.443254
0.402856
0.347101
0.342482
0.323641
0.297306
0.301181
0.338682
0.341556
0.321258
0.307296
0.303570
0.305375
0.304982
0.297385
0.276110
0.295893
0.305783
0.331627
0.349512
0.362266
0.317746
0.305805
0.307195
0.283502
0.256158
0.312597
0.312935
0.335308
0.322632
0.443558
0.691644
0.870034
0.874578
0.655571
0.419127
0.341855
0.311907
0.340998
0.361443
0.323854
0.348243
0.348289
0.319690
0.313461
0.311687
0.387290
0.402057
0.394685
0.398755
0.422569
0.389860
0.365298
0.335867
0.326858
0.319195
0.299975
0.306798
0.314610
0.308856
0.287883
0.281059
0.265635
0.266945
0.259885
0.258504
0.263848
0.293501
0.312507
0.329572
0.363262
0.419412
0.448383
0.501623
0.486229
0.505398
0.415811
0.370238
0.324602
0.316455
0.314323
0.303351
0.311828
0.350633
0.367612
0.358482
0.317845
0.290841
0.284689
0.265054
0.273786
0.274414
0.275578
0.276152
0.266685
0.248224
0.237108
0.254099
0.264961
0.294844
0.317325
0.307776
0.312041
0.307600
0.309543
0.323714
0.320031
0.328271
0.309703
0.320830
0.301547
0.288321
0.292159
0.298312
0.336943
0.377982
0.384109
0.382400
0.366447
0.320680
0.284200
0.247451
0.254046
0.264096
0.267070
0.255085
0.263383
0.289254
0.295758
0.320387
0.297233
0.297611
0.338234
0.361413
0.388865
0.392808
0.389089
0.379540
0.359451
0.296205
0.267179
0.270381
0.274644
0.270601
0.253922
0.266995
0.269590
0.263263
0.266757
0.273965
0.304871
0.342126
0.364471
0.365520
0.345693
0.318974
0.304787
0.281242
0.274744
0.285779
0.288267
0.303384
0.294317
0.301694
0.277299
0.279192
0.279319
0.300947
0.344982
0.410506
0.413569
0.413185
0.371132
0.325197
0.313902
0.294942
0.325933
0.354489
0.390907
0.386684
0.380518
0.395732
0.354174
0.411164
0.585934
0.833471
0.874619
0.701185
0.466498
0.420076
0.380389
0.352407
0.333931
0.319860
0.308666
0.339146
0.353534
0.416064
0.355319
0.347531
0.364830
0.374975
0.408259
0.405127
0.415802
0.381780
0.417441
0.381288
0.401654
0.502934
0.849470
0.869309
0.626166
0.486265
0.398874
0.373103
0.359570
0.365163
0.344972
0.344840
0.385335
0.438009
0.413842
0.402923
0.405184
0.397078
0.406907
0.382882
0.384883
0.368138
0.398781
0.538317
0.771517
0.928378
0.799436
0.512409
0.499136
0.444651
0.393150
0.378995
0.365893
0.358898
0.388098
0.408342
0.477371
0.470288
0.433063
0.442387
0.405598
0.333556
0.339835
0.337620
0.331127
0.322751
0.319785
0.263989
0.286780
0.303315
0.306695
0.305991
0.339061
0.329909
0.316794
0.329292
0.340149
0.355541
0.350944
0.363021
0.343985
0.323016
0.343107
0.360905
0.356622
0.345855
0.319980
0.299376
0.290465
0.276709
0.274480
0.278225
0.323005
0.332291
0.331936
0.316677
0.295296
0.278400
0.275255
0.269524
0.268301
0.284047
0.291856
0.302524
0.299851
0.321348
0.334291
0.351441
0.396758
0.405422
0.487003
0.499562
0.523127
0.409385
0.416411
0.439882
0.363638
0.307611
0.360528
0.400957
0.669310
0.866169
0.897858
0.686266
0.523161
0.477131
0.347983
0.340862
0.318658
0.300484
0.305096
0.306961
0.310440
0.333503
0.343424
0.371494
0.365749
0.339848
0.339731
0.379797
0.447002
0.436100
0.434954
0.402382
0.405193
0.344365
0.351785
0.332736
0.339239
0.371343
0.400793
0.400075
0.371095
0.326384
0.255840
0.252275
0.241066
0.248420
0.256200
0.266674
0.276660
0.298123
0.318167
0.337352
0.342161
0.351005
0.350976
0.342695
0.343781
0.321410
0.296674
0.273819
0.259336
0.247370
0.249369
0.250124
0.248378
0.247686
0.255377
0.272817
0.282894
0.293944
0.313339
0.324994
0.336367
0.354566
0.355704
0.362534
0.366268
0.360360
0.345703
0.325221
0.315550
0.304882
0.295909
0.298186
0.299568
0.304676
0.321718
0.350086
0.368504
0.375592
0.360325
0.353239
0.325926
0.294986
0.294257
0.291351
0.291090
0.280766
0.282217
0.283737
0.333485
0.340995
0.350523
0.337283
0.313618
0.268700
0.268261
0.255162
0.251974
0.259843
0.254838
0.251948
0.244998
0.245287
0.239022
0.247824
0.247633
0.259174
0.262464
0.277232
0.282200
0.292936
0.304447
0.303714
0.307749
0.304414
0.318975
0.379165
0.435752
0.445571
0.442215
0.410455
0.398498
0.367661
0.328177
0.314461
0.329204
0.403888
0.411733
0.414931
0.396580
0.364483
0.376230
0.338884
0.317023
0.298484
0.312511
0.329741
0.315793
0.317312
0.365696
0.551240
0.862720
0.889522
0.723926
0.521640
0.415904
0.452310
0.387459
0.377118
0.409892
0.385780
0.460631
0.480906
0.404274
0.314644
0.319392
0.341908
0.331099
0.324934
0.330398
0.348662
0.367390
0.343518
0.400529
0.588410
0.900017
0.869285
0.583750
0.465348
0.435069
0.434594
0.524349
0.412035
0.411741
0.349083
0.367635
0.377350
0.355699
0.338374
0.352120
0.353581
0.324947
0.348364
0.421676
0.496172
0.495389
0.509090
0.501368
0.452025
0.388138
0.389100
0.413980
0.393740
0.383617
0.401254
0.457089
0.473390
0.590957
0.829841
0.855644
0.820189
0.672326
0.554250
0.476496
0.432274
0.405188
0.422098
0.395189
0.386739
0.359659
0.345118
0.350984
0.341131
0.354829
0.363236
0.364273
0.362107
0.380979
0.379527
0.373740
0.350320
0.362055
0.378643
0.400557
0.397329
0.398356
0.407518
0.401388
0.401576
0.366139
0.409732
0.421433
0.442739
0.420947
0.412590
0.323733
0.294536
0.291960
0.295916
0.289352
0.287748
0.288795
0.287847
0.280375
0.288276
0.302222
0.342942
0.360281
0.369915
0.353540
0.344753
0.339203
0.335615
0.295826
0.279660
0.262037
0.266162
0.259456
0.251358
0.244952
0.251358
0.263816
0.268192
0.293765
0.299446
0.303933
0.289305
0.290621
0.274846
0.276964
0.283230
0.287050
0.280092
0.274178
0.283400
0.317176
0.355452
0.382125
0.383770
0.363135
0.346917
0.323135
0.313230
0.294889
0.328228
0.362362
0.371871
0.352226
0.333904
0.284874
0.250329
0.250395
0.245621
0.256827
0.257914
0.256807
0.256321
0.264133
0.281976
0.306962
0.337326
0.339776
0.327346
0.308861
0.302512
0.292624
0.291416
0.294903
0.293288
0.312166
0.314001
0.306573
0.291953
0.279232
0.276867
0.275772
0.277997
0.263923
0.275940
0.270147
0.286289
0.293368
0.283276
0.296247
0.305247
0.287844
0.282497
0.291388
0.306075
0.308952
0.325662
0.368953
0.387824
0.392615
0.415748
0.388093
0.409563
0.453457
0.446099
0.401982
0.342615
0.357390
0.310195
0.305619
0.310000
0.308097
0.391932
0.401245
0.529891
0.679954
0.909516
0.849963
0.674346
0.501171
0.437040
0.401799
0.377652
0.376727
0.373049
0.373693
0.477660
0.624190
0.750691
0.731268
0.628066
0.562742
0.504618
0.543484
0.514524
0.448722
0.386070
0.401969
0.403161
0.369999
0.371274
0.378749
0.389838
0.367365
0.383594
0.411568
0.441547
0.476386
0.641136
0.772854
0.778801
0.686765
0.639865
0.519658
0.456682
0.539059
0.648770
0.773882
0.805085
0.759077
0.652900
0.560120
0.436882
0.371941
0.421570
0.404188
0.401440
0.399707
0.389129
0.363590
0.344100
0.330853
0.335996
0.318595
0.320774
0.311680
0.327676
0.359273
0.398192
0.442250
0.451958
0.551341
0.522451
0.542758
0.463029
0.427094
0.390722
0.345603
0.340987
0.333851
0.315455
0.303116
0.304293
0.303587
0.296915
0.316681
0.365629
0.366156
0.360782
0.344152
0.303393
0.277597
0.253447
0.249249
0.248629
0.249570
0.256608
0.271886
0.281330
0.286229
0.271430
0.265932
0.265229
0.273086
0.279537
0.278090
0.289540
0.294576
0.328983
0.362212
0.377181
0.389597
0.391262
0.366336
0.333316
0.292690
0.282157
0.288314
0.286571
0.286357
0.278226
0.275962
0.276604
0.296250
0.301583
0.309321
0.286674
0.284416
0.300159
0.313722
0.323252
0.333519
0.310680
0.291543
0.278044
0.255550
0.253654
0.251348
0.262046
0.252374
0.257678
0.260204
0.270718
0.276320
0.279895
0.274327
0.279608
0.278977
0.286923
0.285312
0.291834
0.300742
0.314954
0.314194
0.336684
0.350016
0.368124
0.375494
0.359178
0.331930
0.289221
0.307623
0.309945
0.309367
0.296225
0.311726
0.315465
0.343182
0.313046
0.331022
0.321996
0.356748
0.363195
0.360228
0.378989
0.392948
0.379040
0.379361
0.335675
0.345627
0.372933
0.430529
0.446698
0.618662
0.821388
0.872887
0.810281
0.674254
0.573625
0.500351
0.471981
0.405766
0.392225
0.394496
0.376159
0.361190
0.336909
0.339325
0.343893
0.367551
0.377781
0.388408
0.435051
0.452335
0.500577
0.489177
0.469627
0.451581
0.401841
0.397795
0.367769
0.352703
0.339701
0.319860
0.298699
0.313659
0.289660
0.291020
0.281669
0.279843
0.275831
0.285404
0.278714
0.261544
0.285146
0.279869
0.294252
0.281346
0.285272
0.280767
0.273069
0.283704
0.298349
0.322948
0.334787
0.355305
0.381601
0.409764
0.425683
0.401111
0.438051
0.461614
0.412434
0.430027
0.522386
0.608307
0.589664
0.559694
0.506803
0.426755
0.369579
0.394020
0.416761
0.418549
0.362597
0.423400
0.455180
0.620518
0.786020
0.773465
0.704891
0.616995
0.505379
0.435773
0.423106
0.453565
0.662869
0.858122
0.877362
0.712411
0.552794
0.407766
0.386868
0.401891
0.409741
0.512283
0.478930
0.533565
0.442776
0.416857
0.400338
0.362283
0.373670
0.365419
0.361280
0.402497
0.415973
0.422603
0.365241
0.337473
0.328914
0.357753
0.316050
0.313766
0.326250
0.318561
0.299396
0.318401
0.345311
0.381308
0.396864
0.417609
0.426976
0.405939
0.356895
0.321294
0.293151
0.297557
0.299682
0.285450
0.280548
0.269969
0.253770
0.248885
0.248417
0.250465
0.300270
0.305688
0.303674
0.305259
0.335246
0.331104
0.322261
0.346811
0.334058
0.364492
0.380644
0.379665
0.364415
0.401061
0.401908
0.450625
0.362783
0.379458
0.388072
0.429179
0.415086
0.609571
0.825573
0.885310
0.810542
0.675339
0.579199
0.479807
0.445874
0.378348
0.359607
0.375955
0.377030
0.372094
0.344231
0.357488
0.334409
0.375945
0.401562
0.417555
0.404189
0.423071
0.464795
0.484436
0.436328
0.438487
0.454042
0.491842
0.534609
0.564541
0.616503
0.628355
0.711652
0.805577
0.829463
0.794993
0.716672
0.566599
0.472239
0.364564
0.364498
0.356802
0.351728
0.340012
0.339083
0.319831
0.356952
0.371288
0.391933
0.370697
0.368700
0.370734
0.367694
0.379360
0.370771
0.354588
0.354258
0.364383
0.376313
0.382296
0.372342
0.342185
0.326019
0.292834
0.316327
0.307507
0.290455
0.279315
0.283023
0.282799
0.289649
0.289859
0.287944
0.298707
0.342321
0.394565
0.431668
0.442063
0.421518
0.451503
0.437425
0.429646
0.378122
0.394675
0.364374
0.382533
0.347729
0.343557
0.452460
0.495471
0.447839
0.510302
0.520053
0.711971
0.877520
0.882261
0.710506
0.552378
0.503488
0.359606
0.368257
0.368307
0.364374
0.361150
0.360669
0.383569
0.449004
0.461749
0.456089
0.482570
0.494184
0.447759
0.439969
0.425760
0.382316
0.355619
0.334214
0.341831
0.358540
0.356011
0.347838
0.324494
0.336957
0.334180
0.323854
0.287331
0.280913
0.289537
0.321946
0.343375
0.390544
0.414670
0.447624
0.423996
0.400613
0.355811
0.338269
0.319685
0.306121
0.305694
0.326012
0.336498
0.360948
0.423136
0.439024
0.455048
0.413027
0.383087
0.354184
0.357642
0.389597
0.508272
0.638655
0.692812
0.687791
0.672756
0.583209
0.439172
0.371166
0.380453
0.400332
0.499863
0.475281
0.456540
0.436377
0.380760
0.374328
0.346712
0.371219
0.352074
0.294141
0.271387
0.306786
0.313492
0.307952
0.288264
