# Predictions (Probabilities)
0.000436
0.016592
0.004461
0.008970
0.004851
0.048608
0.001222
0.011020
0.059908
0.138763
0.014038
0.999898
0.999959
0.405761
0.119770
0.045753
0.017368
0.040014
0.013069
0.020472
0.000001
0.005766
0.000000
0.033432
0.000148
0.036328
0.000000
0.053307
0.030273
0.000849
0.000000
0.018488
0.136277
0.000115
0.000000
0.000000
0.000000
0.000001
0.074910
0.037365
0.252676
0.287735
0.276081
0.276929
0.278525
0.310261
0.331163
0.330083
0.317859
0.294322
0.275098
0.277545
0.285486
0.283648
0.301472
0.276401
0.265198
0.259769
0.263029
0.258671
0.262734
0.256060
0.254443
0.256929
0.268704
0.282622
0.294585
0.292033
0.286529
0.278033
0.273567
0.272599
0.275717
0.272947
0.286019
0.280143
0.277452
0.295285
0.306797
0.311324
0.342749
0.353360
0.368308
0.392450
0.401307
0.438082
0.426576
0.368050
0.322967
0.282795
0.270697
0.271296
0.271335
0.268032
0.265094
0.270297
0.274986
0.281523
0.281444
0.275777
0.275893
0.273848
0.276794
0.288922
0.290877
0.293543
0.301089
0.299847
0.300461
0.345124
0.339979
0.354352
0.320585
0.313656
0.285263
0.272650
0.292761
0.285056
0.300909
0.318512
0.311302
0.290358
0.284089
0.284873
0.318234
0.338935
0.364494
0.303158
0.264651
0.248343
0.242565
0.179353
0.175601
0.204532
0.185471
0.158578
0.177701
0.140490
0.155636
0.105839
0.186097
0.097406
0.221213
0.176607
0.211934
0.126031
0.215229
0.197121
0.227024
0.201587
0.267017
0.333773
0.761915
0.980618
0.790728
0.259626
0.181125
0.189091
0.228108
0.186985
0.172974
0.132401
0.167459
0.160727
0.232242
0.237925
0.314497
0.284179
0.304720
0.267606
0.261074
0.222130
0.217698
0.228005
0.158168
0.211316
0.204896
0.309666
0.327566
0.437794
0.475937
0.581583
0.547706
0.430731
0.235307
0.167405
0.226366
0.283287
0.244892
0.187181
0.197081
0.175586
0.260673
0.291977
0.209889
0.244722
0.337265
0.100046
0.268995
0.269497
0.424115
0.844445
0.733827
0.580588
0.358340
0.322219
0.278336
0.264032
0.332736
0.351123
0.973501
0.981593
0.316951
0.247134
0.154827
0.122507
0.185462
0.163078
0.118290
0.103306
0.191538
0.264359
0.240370
0.247377
0.255311
0.189865
0.182408
0.165351
0.204838
0.141885
0.202615
0.200988
0.215914
0.106704
0.135102
0.105918
0.150818
0.186804
0.119910
0.289856
0.311467
0.326837
0.337813
0.366787
0.367268
0.355599
0.336186
0.320174
0.291277
0.283680
0.278056
0.274506
0.265608
0.264517
0.266876
0.269164
0.264116
0.272483
0.279724
0.292893
0.323183
0.330623
0.358050
0.357785
0.367611
0.363687
0.356882
0.350066
0.316987
0.299832
0.292799
0.284430
0.284675
0.278426
0.277208
0.275944
0.244298
0.280069
0.268367
0.240732
0.236001
0.232933
0.241559
0.253916
0.255658
0.248462
0.248585
0.154320
0.003305
0.000000
0.197184
0.206474
0.144008
0.088778
0.146977
0.193502
0.234091
0.152047
0.037375
0.085739
0.001023
0.087481
0.008236
0.094213
0.137589
0.064014
0.013143
0.239623
0.164774
0.192555
0.404231
0.274962
0.292470
0.992467
0.999803
0.525625
0.255160
0.206846
0.189193
0.281654
0.235739
0.254955
0.150546
0.119845
0.184659
0.180594
0.186442
0.298596
0.180363
0.140897
0.136341
0.212771
0.186287
0.189177
0.229189
0.330348
0.203032
0.140554
0.186153
0.065887
0.219171
0.012021
0.287021
0.336890
0.343875
0.320226
0.303718
0.280503
0.272275
0.279535
0.267164
0.275581
0.311626
0.337183
0.341131
0.328860
0.298797
0.277144
0.260705
0.259620
0.256906
0.272374
0.284919
0.282632
0.290567
0.276878
0.264381
0.284597
0.293243
0.285921
0.283199
0.318746
0.332768
0.369154
0.442028
0.499976
0.467165
0.435671
0.417666
0.386028
0.340250
0.305581
0.301506
0.279991
0.261361
0.257943
0.252686
0.276309
0.268493
0.256647
0.263649
0.306151
0.320946
0.346370
0.384050
0.435205
0.457079
0.477333
0.453634
0.431883
0.361217
0.340460
0.339290
0.339868
0.324825
0.297131
0.251507
0.190434
0.213185
0.274868
0.235764
0.266002
0.246012
0.289874
0.328260
0.293081
0.146976
0.043586
0.156743
0.049124
0.138903
0.257378
0.152579
0.165093
0.181979
0.218628
0.235098
0.083126
0.231168
0.216455
0.343683
0.366875
0.905798
0.865265
0.573956
0.912892
0.520852
0.501505
0.287384
0.311099
0.418191
0.435978
0.861231
0.782850
0.355066
0.279754
0.299427
0.245048
0.256060
0.306301
0.237325
0.226936
0.276618
0.345143
0.273033
0.294954
0.351535
0.396083
0.273408
0.239094
0.123532
0.175848
0.219738
0.242295
0.208412
0.153862
0.212887
0.099402
0.170151
0.136272
0.164875
0.215118
0.162512
0.119830
0.219095
0.201016
0.210418
0.178054
0.342887
0.255912
0.923999
0.987080
0.469879
0.280831
0.300646
0.225138
0.243490
0.146329
0.178286
0.158583
0.307673
0.170939
0.215612
0.173172
0.251562
0.194879
0.243054
0.193582
0.253366
0.197991
0.758874
0.948868
0.541722
0.172559
0.205063
0.224019
0.254776
0.060554
0.079659
0.021896
0.058626
0.008892
0.035958
0.085228
0.186633
0.142094
0.175638
0.091715
0.195794
0.070100
0.257054
0.222968
0.969320
0.989363
0.457445
0.390445
0.757199
0.966696
0.913212
0.468184
0.223995
0.078701
0.200075
0.223329
0.152453
0.115661
0.203673
0.163266
0.239394
0.240320
0.300033
0.226356
0.227858
0.070746
0.230827
0.248426
0.209032
0.141787
0.327522
0.281696
0.330628
0.286633
0.218989
0.208794
0.295885
0.261607
0.260187
0.290581
0.287226
0.295642
0.290620
0.300921
0.315529
0.339987
0.334871
0.330496
0.301981
0.258555
0.246302
0.240934
0.240206
0.238407
0.235958
0.238791
0.242233
0.249191
0.255748
0.292045
0.380415
0.394146
0.424968
0.368922
0.283558
0.219527
0.266046
0.232352
0.195297
0.174392
0.183875
0.163522
0.166451
0.204728
0.113499
0.169086
0.070885
0.128529
0.072522
0.126194
0.093134
0.138675
0.078200
0.155673
0.206404
0.189443
0.184193
0.258686
0.299373
0.818687
0.989994
0.750265
0.309361
0.244725
0.212530
0.271078
0.211124
0.212756
0.158876
0.198675
0.206289
0.253791
0.191910
0.316192
0.362158
0.287703
0.257081
0.241333
0.184119
0.182585
0.193637
0.237443
0.182894
0.199958
0.219036
0.188238
0.213988
0.201559
0.229811
0.267087
0.289850
0.288868
0.285632
0.277707
0.254757
0.285899
0.280804
0.267254
0.266465
0.181710
0.256223
0.202351
0.168918
0.458445
0.425346
0.351309
0.259640
0.176034
0.162253
0.204162
0.171677
0.195060
0.219062
0.310758
0.591585
0.941113
0.917291
0.570525
0.220840
0.216698
0.195206
0.201901
0.155670
0.190357
0.184038
0.225438
0.205739
0.250396
0.255294
0.286387
0.252753
0.276966
0.280220
0.271410
0.252998
0.341291
0.358616
0.287478
0.305049
0.237388
0.231126
0.204434
0.249069
0.235870
0.231557
0.199712
0.200843
0.228986
0.288302
0.193212
0.334128
0.105470
0.187061
0.254703
0.284144
0.209637
0.208532
0.293881
0.435505
0.984157
0.959959
0.306057
0.219036
0.216115
0.206515
0.226957
0.161899
0.196056
0.202171
0.208624
0.183475
0.164789
0.190169
0.204389
0.181076
0.208050
0.225757
0.233415
0.227237
0.248197
0.264594
0.264801
0.193558
0.178457
0.167346
0.179880
0.244021
0.263845
0.316053
0.306771
0.271473
0.218593
0.216862
0.207774
0.178374
0.166078
0.114779
0.181221
0.177241
0.076858
0.062214
0.124506
0.225882
0.189254
0.120440
0.170308
0.255637
0.652995
0.949790
0.924214
0.394141
0.252791
0.293947
0.283014
0.510480
0.692570
0.981592
0.844380
0.227515
0.156718
0.170324
0.290721
0.226012
0.127143
0.138417
0.202183
0.192031
0.181191
0.168059
0.152714
0.191371
0.148712
0.153143
0.165832
0.233674
0.197631
0.273505
0.288668
0.250433
0.215051
0.195779
0.126556
0.181914
0.180832
0.201561
0.231731
0.263381
0.258512
0.258070
0.276881
0.301840
0.189773
0.220486
0.178598
0.203536
0.098719
0.148381
0.094361
0.140113
0.135246
0.093163
0.154265
0.216954
0.205024
0.177541
0.291109
0.926468
0.957343
0.756128
0.218169
0.285440
0.247639
0.262240
0.256317
0.299792
0.235186
0.254084
0.241271
0.843964
0.935515
0.810761
0.316331
0.295548
0.217309
0.230527
0.293066
0.291713
0.230896
0.276947
0.448751
0.980035
0.902238
0.307870
0.281170
0.197815
0.218645
0.253797
0.140710
0.191743
0.231074
0.236880
0.210005
0.145961
0.213969
0.155453
0.166384
0.168826
0.166901
0.184565
0.186310
0.234408
0.254514
0.278237
0.255979
0.232135
0.147170
0.269447
0.326950
0.156658
0.214605
0.217749
0.203031
0.292807
0.296941
0.293983
0.242742
0.316137
0.309944
0.936106
0.974048
0.427858
0.261436
0.257487
0.194218
0.315078
0.276580
0.321549
0.261663
0.356464
0.373461
0.342600
0.277418
0.278914
0.157985
0.109516
0.189929
0.175399
0.161048
0.167791
0.202908
0.166248
0.201521
0.226953
0.157811
0.172533
0.070408
0.227080
0.228399
0.221666
0.168289
0.126840
0.136861
0.200771
0.202851
0.235309
0.212221
0.245950
0.140924
0.991757
0.982668
0.350744
0.247562
0.201184
0.213676
0.149098
0.221037
0.138949
0.177639
0.236795
0.302094
0.240113
0.217059
0.284713
0.403337
0.938886
0.857365
0.286758
0.288122
0.317474
0.345599
0.277271
0.282579
0.263873
0.305752
0.269932
0.310565
0.308456
0.368135
0.372452
0.355684
0.392360
0.848184
0.756160
0.646790
0.660076
0.673459
0.749039
0.602822
0.624090
0.603355
0.572057
0.594250
0.480567
0.518570
0.499765
0.698314
0.792735
0.525362
0.304418
0.288891
0.202814
0.306487
0.311434
0.307491
0.274807
0.314374
0.275381
0.341441
0.298997
0.335089
0.233187
0.246623
0.247786
0.336570
0.312140
0.314247
0.299115
0.346529
0.202665
0.329264
0.223629
0.242589
0.175071
0.208507
0.241527
0.248810
0.233500
0.302392
0.308100
0.915082
0.953749
0.618200
0.281871
0.249258
0.183990
0.295119
0.252202
0.278032
0.203194
0.265006
0.237768
0.308830
0.302202
0.356537
0.265723
0.295161
0.245398
0.266387
0.212225
0.300661
0.250484
0.351835
0.302167
0.294392
0.294400
0.238397
0.237742
0.288064
0.228949
0.240452
0.216308
0.251857
0.256215
0.246721
0.204305
0.219200
0.262558
0.306809
0.102817
0.336765
0.298234
0.278352
0.238134
0.319222
0.271043
0.244307
0.722774
0.920297
0.807619
0.500715
0.306142
0.494391
0.461291
0.791357
0.935750
0.737577
0.290160
0.335502
0.296033
0.306849
0.268674
0.361710
0.235021
0.306396
0.294199
0.698943
0.929787
0.591619
0.339824
0.307598
0.286845
0.374955
0.325476
0.259333
0.333999
0.523046
0.776063
0.731367
0.531059
0.519036
0.436094
0.406721
0.392567
0.499583
0.905796
0.854977
0.363486
0.281457
0.271378
0.299484
0.281386
0.271975
0.298621
0.273408
0.249200
0.245157
0.301610
0.862045
0.934620
0.633882
0.328050
0.302793
0.280873
0.337512
0.348579
0.329875
0.205221
0.358858
0.352752
0.331665
0.290563
0.324162
0.381066
0.318812
0.492824
0.820069
0.738157
0.441817
0.535888
0.698074
0.655769
0.529152
0.485358
0.573675
0.567754
0.593061
0.445930
0.323670
0.072707
0.449700
0.592960
0.067315
0.000136
0.183778
0.007320
0.164337
0.171207
0.141230
0.068757
0.080111
0.292633
0.942399
0.975918
0.875251
0.518695
0.618641
0.979587
0.936751
0.403813
0.289260
0.137320
0.120853
0.264843
0.262387
0.158809
0.245687
0.279168
0.300662
0.295593
0.309037
0.227559
0.268943
0.196987
0.196685
0.234269
0.309934
0.023185
0.279035
0.242285
0.274925
0.287774
0.294795
0.258773
0.313481
0.300588
0.301065
0.332188
0.313853
0.318675
0.313721
0.321973
0.336479
0.355184
0.375064
0.370630
0.380932
0.330972
0.335605
0.368015
0.371786
0.350338
0.348140
0.356432
0.334595
0.388226
0.518045
0.673675
0.752916
0.692626
0.617108
0.570113
0.379730
0.350463
0.359966
0.336110
0.402655
0.365024
0.350964
0.341376
0.335081
0.306354
0.328450
0.306192
0.306340
0.293566
0.392166
0.356384
0.396889
0.337260
0.338761
0.349767
0.331216
0.359022
0.334146
0.368015
0.790870
0.888210
0.628616
0.275759
0.324838
0.313464
0.327751
0.236699
0.252096
0.235959
0.253975
0.230460
0.290709
0.302760
0.273870
0.236098
0.301572
0.284569
0.315864
0.347978
0.822081
0.917698
0.655998
0.302191
0.250457
0.277455
0.290553
0.251309
0.269787
0.245553
0.332104
0.336333
0.359313
0.370612
0.435052
0.399184
0.362416
0.296099
0.252478
0.239560
0.246937
0.213800
0.200317
0.218613
0.243177
0.345696
0.327897
0.259607
0.242865
0.175398
0.166266
0.099431
0.201936
0.180409
0.223532
0.176470
0.223763
0.229280
0.287171
0.248812
0.289882
0.350085
0.949429
0.954487
0.595865
0.389359
0.326387
0.360689
0.382349
0.327335
0.299705
0.249498
0.268401
0.258830
0.274983
0.355132
0.371430
0.314602
0.300827
0.324951
0.262279
0.289151
0.340455
0.365625
0.295504
0.420698
0.555693
0.754938
0.778228
0.508083
0.459096
0.470383
0.483317
0.459744
0.503193
0.869063
0.672442
0.406941
0.332405
0.314420
0.308837
0.326158
0.316938
0.362658
0.723880
0.878408
0.764535
0.512523
0.499037
0.366972
0.358967
0.313439
0.282064
0.291346
0.272032
0.336059
0.283415
0.263554
0.284554
0.303252
0.277733
0.301610
0.298990
0.273700
0.313542
0.371009
0.281341
0.286688
0.447147
0.743040
0.867896
0.605310
0.432942
0.313912
0.368232
0.347275
0.360730
0.318143
0.332418
0.288214
0.327034
0.424934
0.884760
0.861719
0.539696
0.345477
0.382631
0.456971
0.723903
0.828143
0.725830
0.614588
0.344453
0.327016
0.332558
0.316273
0.300890
0.262391
0.267140
0.318947
0.325147
0.312371
0.341971
0.350794
0.338465
0.321739
0.361103
0.573909
0.832704
0.759145
0.469971
0.410004
0.501871
0.560862
0.613394
0.642838
0.662083
0.522037
0.470631
0.486528
0.478796
0.680118
0.667911
0.642102
0.519020
0.354736
0.376166
0.474995
0.473189
0.526654
0.638956
0.874577
0.836536
0.588491
0.311701
0.272360
0.252136
0.161879
0.230025
0.247686
0.262645
0.211879
0.291895
0.369462
0.428280
0.371389
0.385797
0.386067
0.349553
0.234346
0.274502
0.231571
0.299861
0.278603
0.310949
0.306879
0.318157
0.327981
0.908901
0.881119
0.522038
0.347265
0.323177
0.303064
0.317823
0.289184
0.284987
0.285284
0.290906
0.307322
0.386433
0.386668
0.397137
0.394999
0.398841
0.377488
0.454334
0.694855
0.762749
0.787697
0.579518
0.416262
0.413314
0.514569
0.465481
0.890161
0.754626
0.510994
0.345933
0.334217
0.295649
0.335240
0.354297
0.396765
0.384134
0.411608
0.349421
0.303859
0.344642
0.345974
0.195137
0.296955
0.294418
0.285364
0.219850
0.309970
0.320350
0.477110
0.899352
0.872710
0.691040
0.609019
0.855982
0.806446
0.602466
0.385065
0.345126
0.274154
0.312319
0.328217
0.279424
0.278752
0.313394
0.275355
0.330014
0.354245
0.320627
0.259077
0.397178
0.781058
0.881647
0.754756
0.517897
0.424802
0.496767
0.638357
0.734728
0.821050
0.731034
0.603986
0.404346
0.344759
0.310582
0.340651
0.329155
0.302517
0.297077
0.349253
0.321226
0.360240
0.501983
0.886434
0.882688
0.666705
0.428912
0.349024
0.342811
0.368969
0.365509
0.368846
0.388402
0.404328
0.426931
0.481764
0.425377
0.437076
0.378627
0.331513
0.362262
0.467350
0.420053
0.427692
0.430088
0.339717
0.310499
0.331610
0.373500
0.337634
0.413896
0.372820
0.305099
0.361959
0.505796
0.771895
0.908118
0.803082
0.461241
0.372658
0.345379
0.366025
0.368664
0.352578
0.358438
0.368817
0.621302
0.846039
0.828346
0.689788
0.549766
0.428602
0.335809
0.332532
0.400351
0.403241
0.346576
0.381887
0.686609
0.850508
0.803646
0.587962
0.533039
0.408218
0.365035
0.486460
0.461534
0.426939
0.383973
0.650230
0.817190
0.645404
0.502532
0.365898
0.354258
0.351959
0.367491
0.407903
0.495700
0.718901
0.842264
0.694745
0.575706
0.366016
0.333797
0.353196
0.328016
0.311111
0.276010
0.314647
0.304370
0.319297
0.317448
0.326693
0.300829
0.475347
0.755208
0.805727
0.579460
0.453755
0.343907
0.312258
0.307349
0.348014
0.314117
0.338231
0.310971
0.862646
0.903822
0.607980
0.438593
0.403692
0.311569
0.356518
0.301579
0.290406
0.302494
0.315274
0.286003
0.276477
0.356357
0.803544
0.818301
0.643202
0.474819
0.380225
0.321293
0.393055
0.365972
0.372657
0.310797
0.408141
0.493790
0.493923
0.465521
0.418448
0.264010
0.324887
0.289468
0.280908
0.247641
0.315565
0.290997
0.285519
0.363149
0.793495
0.945084
0.762285
0.642818
0.561706
0.768603
0.766279
0.417443
0.347737
0.326871
0.275067
0.262105
0.366291
0.350071
0.376438
0.302197
0.361231
0.309567
0.317377
0.265794
0.365616
0.362368
0.532808
0.841130
0.794961
0.588649
0.352395
0.309661
0.311730
0.328705
0.300518
0.339321
0.345888
0.334492
0.327409
0.309401
0.354483
0.354171
0.607772
0.876659
0.657020
0.608137
0.619582
0.622928
0.571339
0.430940
0.554513
0.630924
0.778024
0.737365
0.646613
0.465631
0.353983
0.321949
0.331809
0.381644
0.347752
0.277203
0.414542
0.689131
0.854192
0.723498
0.500196
0.424728
0.375748
0.362268
0.416651
0.413455
0.374328
0.322524
0.372779
0.544108
0.820247
0.815269
0.659809
0.479609
0.467184
0.607835
0.763567
0.780027
0.727457
0.525505
0.356659
0.345417
0.360724
0.371072
0.358755
0.375966
0.406962
0.411139
0.526411
0.509681
0.632891
0.877355
0.909817
0.639864
0.435302
0.367240
0.358033
0.388029
0.447575
0.462800
0.539302
0.724109
0.742244
0.701796
0.585772
0.450028
0.376919
0.405895
0.362148
0.340144
0.336004
0.397340
0.400027
0.354728
0.351534
0.434005
0.725848
0.892130
0.788272
0.508126
0.439642
0.392221
0.362257
0.373065
0.389765
0.437814
0.395615
0.376935
0.416268
0.580328
0.749409
0.871221
0.639399
0.437763
0.352299
0.355076
0.400675
0.394654
0.383722
0.381212
0.381231
0.399238
0.673749
0.914909
0.838994
0.695422
0.724204
0.872047
0.739080
0.562563
0.564579
0.653380
0.591252
0.560012
0.443700
0.571056
0.463896
0.734058
0.696479
0.511831
0.389101
0.347883
0.278414
0.364747
0.333166
0.379925
0.360653
0.447957
0.393574
0.492038
0.473725
0.527186
0.406922
0.470581
0.377273
0.417960
0.332588
0.415360
0.289626
0.361650
0.367443
0.399624
0.410584
0.795917
0.862325
0.743558
0.544868
0.377372
0.324878
0.316693
0.287339
0.309805
0.309340
0.351429
0.379924
0.394811
0.381842
0.560546
0.654898
0.774604
0.806800
0.549408
0.378442
0.336131
0.350525
0.368994
0.348384
0.271446
0.371719
0.543794
0.850748
0.774869
0.634469
0.556222
0.524841
0.438920
0.446147
0.385360
0.393667
0.355688
0.398940
0.377811
0.520719
0.598731
0.653740
0.634931
0.607436
0.542523
0.549097
0.624265
0.617373
0.534138
0.514523
0.385070
0.343111
0.328621
0.354591
0.423927
0.414027
0.373776
0.350432
0.370013
0.287646
0.282214
0.347559
0.390657
0.327854
0.352915
0.465819
0.748213
0.896652
0.826686
0.475436
0.358768
0.310943
0.311454
0.330688
0.314900
0.324782
0.370482
0.333430
0.312331
0.275486
0.290097
0.334889
0.323033
0.303223
0.334259
0.319158
0.339444
0.338901
0.350740
0.328803
0.422961
0.383995
0.411636
0.416340
0.411001
0.476477
0.627421
0.908545
0.852530
0.632399
0.519171
0.473271
0.392502
0.356699
0.343525
0.370348
0.397291
0.367904
0.409485
0.673779
0.786173
0.840692
0.699829
0.555509
0.510354
0.431980
0.391673
0.431858
0.425291
0.340834
0.376923
0.414031
0.356370
0.328671
0.340872
0.357010
0.353844
0.373949
0.393412
0.408289
0.462224
0.894775
0.889323
0.590477
0.469458
0.383393
0.340253
0.370351
0.415939
0.383004
0.368665
0.364961
0.352420
0.332638
0.367198
0.384542
0.413227
0.489698
0.593085
0.809314
0.710905
0.621695
0.468726
0.482946
0.522000
0.683272
0.808829
0.767803
0.646559
0.723440
0.640617
0.545485
0.531137
0.511178
0.594630
0.798114
0.746570
0.653221
0.510487
0.480427
0.485432
0.447016
0.440943
0.474475
0.715490
0.648635
0.743479
0.729348
0.740893
0.724121
0.568967
0.440116
0.424893
0.449096
0.407750
0.470828
0.655448
0.774576
0.696933
0.578041
0.447780
0.360375
0.317939
0.314998
0.368621
0.368844
0.367390
0.383839
0.520802
0.753223
0.752953
0.658688
0.473157
0.420222
0.447117
0.557685
0.829652
0.795890
0.676413
0.537418
0.496047
0.543047
0.809588
0.783573
0.675268
0.611962
0.611417
0.520355
0.628558
0.743360
0.726864
0.554999
0.442612
0.370787
0.378535
0.381786
0.417520
0.440273
0.419936
0.368927
0.413802
0.496029
0.668295
0.813002
0.783039
0.603750
0.506024
0.444793
0.424804
0.413136
0.432794
0.414237
0.440051
0.524668
0.753042
0.790120
0.611898
0.467297
0.474774
0.448813
0.430917
0.516158
0.745951
0.716452
0.571243
0.422261
0.490169
0.557479
0.754706
0.783597
0.730596
0.635852
0.718297
0.677666
0.592817
0.457586
0.389794
0.368942
0.356979
0.335191
0.330419
0.333258
0.430937
0.434252
0.435764
0.413295
0.432732
0.382395
0.369985
0.411439
0.675717
0.871983
0.895662
0.593835
0.516495
0.421394
0.392623
0.423041
0.421365
0.419762
0.433465
0.630512
0.805613
0.726327
0.559492
0.428041
0.364696
0.359048
0.362968
0.393427
0.377226
0.399101
0.471866
0.613637
0.747185
0.839540
0.623615
0.610885
0.713511
0.858457
0.747431
0.516990
0.484476
0.452291
0.375709
0.342115
0.363794
0.362508
0.410266
0.399518
0.407908
0.377682
0.404018
0.379997
0.393506
0.415437
0.424848
0.433143
0.435515
0.520892
0.558086
0.754390
0.905376
0.732936
0.571856
0.513968
0.375400
0.352700
0.361565
0.354533
0.352599
0.368495
0.400076
0.399725
0.469519
0.395409
0.468211
0.583646
0.702228
0.799502
0.635876
0.519275
0.699870
0.772159
0.816921
0.685801
0.499806
0.410492
0.380338
0.355695
0.364200
0.418549
0.421624
0.394470
0.440737
0.360253
0.393433
0.376718
0.465202
0.478755
0.579387
0.765786
0.638698
0.644378
0.725993
0.832654
0.824465
0.581424
0.517573
0.360965
0.361675
0.372189
0.368220
0.366163
0.434118
0.469706
0.470568
0.427013
0.424581
0.420685
0.464964
0.545236
0.756556
0.832504
0.772982
0.740378
0.802058
0.794927
0.746519
0.652199
0.646364
0.666438
0.732222
0.697011
0.633425
0.479846
0.389159
0.386310
0.389377
0.366200
0.364834
0.364986
0.367084
0.373237
0.385780
0.418300
0.441272
0.456596
0.479396
0.501763
0.492210
0.438874
0.396134
0.409251
0.440154
0.461086
0.543991
0.591820
0.690970
0.651731
0.602967
0.480616
0.479357
0.477505
0.438564
0.425363
0.482012
0.736447
0.888023
0.728224
0.583431
0.592343
0.656256
0.726693
0.754934
0.765101
0.807890
0.809007
0.705316
0.556999
0.509907
0.484268
0.439637
0.373607
0.387274
0.371655
0.360861
0.352814
0.362096
0.359338
0.371173
0.387347
0.378279
0.387882
0.417131
0.409410
0.507823
0.579857
0.852916
0.899931
0.786774
0.648682
0.537313
0.461484
0.473193
0.473799
0.464958
0.460900
0.557844
0.782981
0.813999
0.708772
0.540287
0.455385
0.477544
0.420862
0.583536
0.652679
0.817956
0.780362
0.715897
0.656553
0.725148
0.698482
0.588803
0.534395
0.441240
0.385258
0.401873
0.386736
0.413471
0.391142
0.409957
0.397839
0.518861
0.639890
0.897241
0.881898
0.698733
0.681402
0.738860
0.614872
0.552174
0.511836
0.706863
0.788412
0.781624
0.658022
0.505147
0.403327
0.377726
0.374736
0.433292
0.496158
0.502372
0.487517
0.464216
0.412535
0.395277
0.385616
0.398679
0.379574
0.414853
0.425979
0.438778
0.437794
0.432177
0.416716
0.442299
0.468817
0.440491
0.418486
0.395703
0.396383
0.365029
0.437115
0.571303
0.855292
0.837260
0.605461
0.490518
0.374953
0.385824
0.395290
0.376265
0.357298
0.360779
0.401716
0.469102
0.558079
0.867816
0.905083
0.671729
0.554525
0.534882
0.506459
0.480159
0.530815
0.562341
0.665070
0.835206
0.854406
0.657467
0.514864
0.499083
0.511686
0.489150
0.498352
0.596454
0.788019
0.856802
0.817108
0.714106
0.598079
0.573645
0.431541
0.442172
0.409276
0.497368
0.547152
0.788372
0.818326
0.802850
0.686942
0.554040
0.415498
0.371615
0.367330
0.387430
0.433318
0.458718
0.425678
0.599621
0.805979
0.865739
0.779935
0.566159
0.524929
0.481104
0.441219
0.414709
0.380779
0.377367
0.377003
0.374412
0.346831
0.354363
0.344581
0.385381
0.417281
0.454430
0.483741
0.567769
0.587224
0.600453
0.509171
0.495576
0.580181
0.455786
0.500103
0.450579
0.495972
0.424197
0.432036
0.427486
0.463567
0.397626
0.754985
0.714159
0.664191
0.619327
0.472634
0.475219
0.647893
0.810626
0.814272
0.606459
0.510785
0.417521
0.460455
0.699824
0.748787
0.810391
0.781330
0.733477
0.659850
0.593630
0.606106
0.494221
0.475166
0.406949
0.413524
0.418766
0.447354
0.455797
0.404050
0.388532
0.406064
0.456492
0.476331
0.737222
0.752729
0.655613
0.576214
0.487502
0.582966
0.716744
0.768972
0.732633
0.543298
0.474597
0.382432
0.352837
0.338479
0.339935
0.330655
0.372729
0.381562
0.401927
0.372860
0.438293
0.484295
0.504748
0.463094
0.672678
0.863027
0.802340
0.661875
0.516718
0.483743
0.469517
0.470442
0.629853
0.841352
0.711289
0.647756
0.542809
0.435543
0.426890
0.458283
0.627228
0.687042
0.715303
0.641289
0.534310
0.535389
0.468684
0.449348
0.438403
0.382836
0.383137
0.387386
0.412784
0.426103
0.440831
0.425202
0.439272
0.481957
0.596277
0.801081
0.816725
0.646704
0.571423
0.515744
0.514308
0.606734
0.621414
0.630751
0.746040
0.788689
0.727297
0.686426
0.719372
0.571218
0.575447
0.594064
0.654827
0.726581
0.784233
0.738559
0.794485
0.789244
0.684495
0.539931
0.505474
0.520849
0.508219
0.518213
0.516958
0.460683
0.425084
0.390677
0.422449
0.445550
0.442838
0.440997
0.481707
0.725298
0.803643
0.657157
0.573194
0.493375
0.438005
0.417641
0.423407
0.426779
0.413429
0.436705
0.548980
0.820197
0.865130
0.752641
0.639626
0.678809
0.805101
0.821550
0.678600
0.590019
0.497662
0.484470
0.481734
0.481107
0.451131
0.406990
0.388071
0.399570
0.438911
0.419397
0.421303
0.486848
0.771528
0.866015
0.742430
0.574841
0.535568
0.432209
0.484394
0.581408
0.818791
0.861543
0.707567
0.609065
0.671091
0.686953
0.710608
0.739596
0.667369
0.640377
0.612068
0.595522
0.555220
0.487447
0.397284
0.382918
0.387061
0.372362
0.360987
0.358404
0.377940
0.378152
0.408570
0.458297
0.468102
0.443232
0.552271
0.488710
0.514107
0.533250
0.783165
0.878031
0.735235
0.544606
0.428228
0.394445
0.427134
0.495547
0.455882
0.462366
0.670115
0.841804
0.751350
0.590161
0.478048
0.435401
0.408954
0.595647
0.674142
0.871640
0.838402
0.740960
0.596396
0.551931
0.490529
0.454407
0.443964
0.401467
0.403333
0.440160
0.450679
0.428604
0.445934
0.488001
0.644861
0.733527
0.740705
0.666613
0.582982
0.548359
0.628753
0.737951
0.854390
0.794492
0.650558
0.590047
0.589357
0.516410
0.531476
0.549129
0.501899
0.452208
0.426418
0.460701
0.598819
0.758025
0.844256
0.817542
0.718487
0.703200
0.710205
0.705291
0.630330
0.636674
0.669492
0.655777
0.580702
0.521986
0.404611
0.441788
0.433795
0.463296
0.475139
0.641802
0.807712
0.797653
0.580325
0.484518
0.411020
0.399336
0.405133
0.403433
0.415100
0.445688
0.428126
0.404601
0.451513
0.581391
0.802984
0.834801
0.693786
0.574041
0.573831
0.634195
0.768048
0.811116
0.823906
0.749472
0.758134
0.698239
0.606757
0.586634
0.559256
0.451389
0.416073
0.525495
0.661230
0.841491
0.802053
0.698374
0.584780
0.511644
0.446734
0.428710
0.401072
0.400214
0.401972
0.430598
0.446845
0.485903
0.490193
0.495236
0.511731
0.526186
0.632423
0.798511
0.759783
0.654774
0.520067
0.480303
0.497346
0.514060
0.592714
0.741897
0.797866
0.697707
0.629981
0.600066
0.533908
0.495826
0.474071
0.455041
0.463534
0.572396
0.714495
0.734855
0.677022
0.525063
0.433002
0.437975
0.427569
0.461982
0.488727
0.591411
0.718973
0.699838
0.639728
0.520248
0.508072
0.539288
0.543772
0.531220
0.484135
0.453165
0.469652
0.538147
0.585353
0.736641
0.714898
0.675607
0.562187
0.579099
0.666417
0.731870
0.643379
0.556593
0.473917
0.435369
0.438063
0.434737
0.398917
0.476320
0.581460
0.832667
0.838141
0.731110
0.674903
0.655403
0.687153
0.723188
0.652204
0.612294
0.530451
0.491905
0.441248
0.397335
0.399573
0.436220
0.434986
0.442490
0.455148
0.459729
0.484061
0.490321
0.426422
0.477718
0.576442
0.722668
0.781676
0.739427
0.594056
0.442847
0.532874
0.755748
0.807051
0.780939
0.679678
0.621533
0.576090
0.555569
0.682095
0.760656
0.744948
0.581282
0.483079
0.450521
0.407084
0.421594
0.468880
0.506315
0.506904
0.493509
0.549531
0.496804
0.533117
0.523458
0.516328
0.531922
0.719047
0.792293
0.691707
0.550696
0.467407
0.424365
0.448643
0.461869
0.447450
0.561281
0.694477
0.851921
0.843747
0.737615
0.729385
0.752203
0.743211
0.609669
0.588331
0.506759
0.439342
0.421568
0.418643
0.419208
0.419955
0.451563
0.429513
0.454050
0.556632
0.830796
0.848324
0.717989
0.551647
0.516890
0.431247
0.450217
0.511058
0.794691
0.887223
0.685351
0.539331
0.559679
0.536828
0.552613
0.616600
0.599307
0.535981
0.482855
0.449366
0.400916
0.373954
0.384924
0.371175
0.379498
0.346063
0.376007
0.362292
0.398773
0.397247
0.435477
0.462408
0.607361
0.629602
0.704407
0.639471
0.559495
0.509740
0.466345
0.468691
0.454866
0.456654
0.509986
0.541889
0.668160
0.725101
0.695462
0.766074
0.701666
0.629780
0.587711
0.569171
0.593325
0.678691
0.789174
0.757164
0.603657
0.583697
0.506264
0.504445
0.596395
0.769542
0.847817
0.695240
0.579645
0.585938
0.545748
0.600204
0.592385
0.635249
0.801918
0.778474
0.639013
0.533026
0.511251
0.466845
0.419701
0.399622
0.379877
0.364606
0.391464
0.429886
0.511605
0.508779
0.675450
0.809337
0.778665
0.673648
0.525074
0.490378
0.450368
0.503768
0.609963
0.730971
0.697761
0.527904
0.563151
0.511220
0.600583
0.653351
0.820313
0.791125
0.702119
0.610730
0.630813
0.724199
0.651815
0.565465
0.470909
0.400049
0.391098
0.412192
0.427131
0.488443
0.591330
0.700756
0.823176
0.787539
0.712441
0.740290
0.784024
0.665422
0.603043
0.493019
0.422828
0.400073
0.402050
0.448180
0.514195
0.629831
0.689493
0.708190
0.677607
0.631398
0.541656
0.483131
0.479227
0.511756
0.498750
0.511420
0.503008
0.492028
0.489667
0.489480
0.524919
0.563155
0.670553
0.718992
0.616586
0.516502
0.474160
0.461870
0.497557
0.548747
0.730473
0.813140
0.742886
0.682065
0.668558
0.751551
0.762324
0.718233
0.658930
0.712531
0.750646
0.698688
0.720430
0.734649
0.722437
0.676826
0.635919
0.546128
0.532467
0.456113
0.423914
0.426136
0.428745
0.429796
0.456131
0.471333
0.513571
0.640073
0.777831
0.767470
0.632171
0.483749
0.418296
0.415573
0.442189
0.457575
0.477598
0.621212
0.753688
0.843530
0.812325
0.692772
0.603538
0.529888
0.421763
0.396797
0.398754
0.391999
0.411923
0.409899
0.422544
0.398591
0.458729
0.470007
0.455056
0.482218
0.585270
0.703794
0.842269
0.877079
0.772831
0.610631
0.609379
0.566442
0.647461
0.771256
0.684375
0.645799
0.524889
0.496145
0.447462
0.434177
0.517983
0.574164
0.731200
0.826984
0.715671
0.669891
0.642749
0.607364
0.655236
0.595842
0.536191
0.463655
0.450494
0.459534
0.504491
0.531301
0.529468
0.495250
0.475869
0.531801
0.578727
0.602796
0.696345
0.674600
0.646504
0.712093
0.729211
0.627044
0.600706
0.592708
0.606715
0.648658
0.716393
0.658913
0.548218
0.483870
0.480529
0.548735
0.624590
0.646294
0.642126
0.610622
0.639508
0.688586
0.634433
0.542911
0.534369
0.426442
0.419486
0.417984
0.433930
0.428573
0.424651
0.428498
0.459480
0.580391
0.685233
0.705978
0.587248
0.557655
0.566931
0.514462
0.535706
0.647331
0.742564
0.799224
0.724171
0.591607
0.501925
0.450204
0.418594
0.367699
0.371005
0.376432
0.387859
0.363134
0.411401
0.403625
0.419839
0.433948
0.461158
0.444925
0.441902
0.434000
0.465874
0.432249
0.434869
0.447667
0.522294
0.467439
0.612343
0.800919
0.856819
0.750145
0.558704
0.473051
0.465948
0.455433
0.404866
0.428771
0.414224
0.421110
0.464594
0.414419
0.505541
0.437523
0.603081
0.627486
0.737441
0.907734
0.861540
0.673358
0.565564
0.533110
0.511773
0.502042
0.528903
0.537873
0.667678
0.726192
0.718458
0.657867
0.610481
0.576951
0.603863
0.674521
0.668366
0.637895
0.619013
0.667171
0.693251
0.652466
0.612248
0.592211
0.573305
0.513788
0.499738
0.496835
0.549614
0.614487
0.715912
0.745871
0.700010
0.705270
0.721593
0.687376
0.607904
0.565472
0.558526
0.533585
0.546387
0.553703
0.509583
0.483528
0.460085
0.473707
0.509272
0.664905
0.804466
0.764379
0.591865
0.503091
0.414276
0.413279
0.413552
0.408299
0.395679
0.429964
0.460704
0.577452
0.814585
0.815554
0.703365
0.591849
0.576481
0.494188
0.487496
0.465345
0.476607
0.544509
0.594150
0.608826
0.592767
0.464668
0.416804
0.447975
0.466174
0.614471
0.781059
0.756216
0.668132
0.617818
0.651805
0.708863
0.761563
0.723696
0.630692
0.572647
0.552978
0.592319
0.595048
0.566940
0.533542
0.463778
0.445942
0.447991
0.527795
0.679456
0.842494
0.813049
0.642296
0.614243
0.665806
0.659979
0.644641
0.692342
0.697094
0.637913
0.564226
0.491660
0.442062
0.415562
0.414504
0.416463
0.415671
0.417219
0.440042
0.500665
0.512154
0.487449
0.550533
0.552224
0.502521
0.727382
0.797668
0.796825
0.753811
0.559088
0.521835
0.521766
0.530281
0.535607
0.562678
0.548722
0.491334
0.447394
0.423788
0.430469
0.428808
0.431076
0.454665
0.489166
0.631607
0.691709
0.727186
0.721306
0.660682
0.604252
0.694353
0.815274
0.822081
0.699613
0.678360
0.665494
0.697967
0.691453
0.705101
0.675211
0.649777
0.634648
0.705459
0.666890
0.603552
0.540248
0.475924
0.436886
0.449549
0.411306
0.424903
0.429411
0.436804
0.447375
0.495804
0.504939
0.560562
0.529392
0.643229
0.774311
0.780044
0.683927
0.603855
0.566058
0.550563
0.651675
0.713702
0.834955
0.809492
0.735804
0.600811
0.546744
0.547706
0.542680
0.645566
0.790752
0.756834
0.712610
0.600028
0.407731
0.340852
