# True Peaks (Indices)
79
80
374
375
389
390
657
658
665
666
692
693
725
726
735
736
858
859
1052
1053
1169
1170
1171
1172
1182
1183
1210
1211
1212
1250
1251
1263
1264
1269
1270
1300
1301
1334
1335
1444
1445
1508
1509
1539
1540
1593
1594
1663
1664
1681
1682
1722
1723
1747
1748
1764
1765
1767
1768
1822
1823
1872
1873
1882
1883
1901
1902
1941
1942
1954
1955
2001
2002
2003
2016
2017
2033
2034
2044
2045
2083
2084
2100
2101
2107
2108
2156
2157
2213
2214
2246
2247
2262
2263
2301
2302
2303
2309
2310
2312
2313
2324
2325
2329
2330
2364
2365
2369
2370
2372
2373
2390
2391
2438
2439
2476
2477
2485
2486
2520
2521
2532
2533
2553
2554
2562
2563
2603
2604
2609
2610
2635
2636
2641
2642
2702
2703
2737
2738
2773
2774
2788
2789
2828
2829
2853
2854
2859
2860
2876
2877
2885
2886
2921
2922
2923
2929
2930
2937
2938
2956
2957
2976
2977
2993
2994
3007
3008
3011
3012
3028
3029
3037
3038
3074
3075
3080
3081
3103
3104
3105
3106
3113
3114
3117
3118
3120
3121
3145
3146
3179
3180
3191
3192
3198
3199
3202
3203
3226
3227
3229
3230
3239
3240
3241
3244
3245
3277
3278
3298
3299
3300
3301
3318
3319
3331
3332
3333
3346
3347
3371
3372
3382
3383
3388
3389
3400
3401
3450
3451
3467
3468
3493
3494
