# Predicted Peaks (Indices)
79
80
373
388
664
692
693
725
735
736
1051
1052
1170
1182
1210
1211
1250
1251
1263
1264
1269
1300
1301
1334
1335
1444
1445
1508
1509
1539
1540
1593
1594
1663
1664
1681
1682
1723
1724
1748
1749
1822
1823
1882
1883
1941
1942
1955
2002
2015
2016
2032
2033
2044
2083
2084
2106
2107
2157
2158
2246
2247
2302
2310
2324
2325
2329
2364
2365
2389
2390
2475
2476
2485
2486
2521
2522
2553
2554
2562
2563
2603
2610
2641
2642
2702
2703
2773
2774
2830
2876
2877
2921
2937
2938
2957
2977
2994
3011
3029
3119
3179
3180
3192
3199
3200
3226
3227
3240
3241
3278
3302
3319
3333
3347
3348
3389
3401
3451
3452
3494
