# True Peaks (Indices)
194
195
279
280
311
312
314
315
338
339
385
386
486
487
573
574
592
593
649
650
760
761
800
801
830
831
898
899
905
906
947
948
949
950
962
963
991
992
1011
1012
1021
1022
1069
1070
1073
1074
1113
1114
1126
1127
1131
1132
1139
1140
1145
1146
1183
1184
1196
1197
1264
1265
1289
1290
1293
1294
1300
1301
1316
1317
1341
1342
1377
1378
1400
1401
1402
1403
1441
1442
1449
1450
1465
1466
1477
1478
1503
1504
1536
1537
1539
1540
1550
1551
1590
1591
1625
1626
1636
1637
1667
1668
1670
1671
1680
1681
1686
1687
1695
1696
1711
1712
1726
1727
1731
1732
1757
1758
1759
1760
1761
1790
1791
1799
1800
1801
1809
1810
1823
1824
1839
1840
1844
1845
1847
1848
1876
1877
1898
1899
1901
1902
1915
1916
1924
1925
1941
1942
1946
1947
1987
1988
2005
2006
2014
2015
2016
2041
2042
2061
2062
2087
2088
2092
2093
2094
2095
2096
2110
2111
2113
2114
2122
2123
2125
2126
2130
2131
2143
2144
2149
2150
2174
2175
2200
2201
2203
2204
2227
2228
2239
2240
2244
2245
2251
2252
2273
2274
2303
2304
2307
2308
2324
2325
2330
2331
2361
2362
2374
2375
2382
2383
2390
2391
2402
2403
2406
2407
2419
2420
2422
2423
2426
2427
2428
2443
2444
2454
2455
2466
2467
2468
2469
2489
2490
2499
2500
2502
2503
2504
2505
2524
2525
2527
2528
2532
2533
2538
2539
2547
2548
2560
2561
2571
2572
2592
2593
2594
2595
2596
2597
2599
2600
2603
2604
2622
2623
2626
2627
2628
2629
2642
2643
2657
2658
2665
2666
2667
2670
2671
2687
2688
2689
2690
2697
2698
2704
2705
2715
2716
2717
2729
2730
2731
2732
2742
2743
2758
2759
2774
2775
2797
2798
2805
2806
2808
2809
2811
2812
2813
2819
2820
2873
2874
2876
2877
2878
2886
2887
2893
2894
2895
2896
2907
2908
2918
2919
2920
2924
2925
2926
2927
2937
2938
2939
2940
2951
2952
2963
2964
2965
2966
2967
2970
2971
2985
2986
2993
2994
3016
3017
3021
3022
3023
3024
3027
3028
3029
3030
3032
3033
3040
3041
3053
3054
3060
3061
3070
3071
3077
3078
3080
3081
3118
3119
3122
3123
3142
3143
3150
3151
3155
3156
3158
3159
3169
3170
3177
3178
3180
3181
3183
3184
3187
3188
3217
3218
3226
3227
3228
3230
3231
3245
3246
3248
3249
3251
3252
3256
3257
3260
3261
3262
3263
3269
3270
3276
3277
3291
3292
3293
3294
3295
3302
3303
3304
3305
3314
3315
3317
3318
3321
3322
3324
3325
3326
3327
3336
3337
3343
3344
3350
3351
3353
3354
3356
3357
3377
3378
3384
3385
3397
3398
3404
3405
3406
3407
3417
3418
3420
3421
3429
3430
3431
3432
3433
3434
3438
3439
3441
3442
3449
3450
3462
3463
3464
3470
3471
3487
3488
3498
3499
